year,jan,feb,mar,apr,may,jun,jul,aug,sep,oct,nov,dec,annual
,-99.0,-99.0,-99.0,-99.0,-99.0,-99.0,-99.0,-99.0,-99.0,-99.0,-99.0,-99.0,-99.0
,-99.0,-99.0,-99.0,-99.0,-99.0,-99.0,-99.0,-99.0,-99.0,-99.0,-99.0,-99.0,
,-99.0,-99.0,-99.0,-99.0,-99.0,-99.0,-99.0,-99.0,-99.0,-99.0,-99.0,-99.0,
,-99.0,-99.0,-99.0,-99.0,-99.0,-99.0,-99.0,-99.0,-99.0,-99.0,-99.0,-99.0,
,-99.0,-99.0,-99.0,-99.0,-99.0,-99.0,-99.0,-99.0,-99.0,-99.0,-99.0,-99.0,
,-99.0,-99.0,-99.0,-99.0,-99.0,-99.0,-99.0,-99.0,-99.0,-99.0,-99.0,-99.0,
,-99.0,-99.0,-99.0,-99.0,-99.0,-99.0,-99.0,-99.0,-99.0,-99.0,-99.0,-99.0,
,-99.0,-99.0,-99.0,-99.0,-99.0,-99.0,-99.0,-99.0,-99.0,-99.0,-99.0,-99.0,
,-99.0,-99.0,-99.0,-99.0,-99.0,-99.0,-99.0,-99.0,-99.0,-99.0,-99.0,-99.0,
,-99.0,-99.0,-99.0,-99.0,-99.0,-99.0,-99.0,-99.0,-99.0,-99.0,-99.0,-99.0,
,-99.0,-99.0,-99.0,-99.0,-99.0,-99.0,-99.0,-99.0,-99.0,-99.0,-99.0,-99.0,
,-99.0,-99.0,-99.0,-99.0,-99.0,-99.0,-99.0,-99.0,-99.0,-99.0,-99.0,-99.0,
,-99.0,-99.0,-99.0,-99.0,-99.0,-99.0,-99.0,-99.0,-99.0,-99.0,-99.0,-99.0,-99.0
,-99.0,-99.0,-99.0,-99.0,-99.0,-99.0,-99.0,-99.0,-99.0,-99.0,-99.0,-99.0,
,-99.0,-99.0,-99.0,-99.0,-99.0,-99.0,-99.0,-99.0,-99.0,-99.0,-99.0,-99.0,
,-99.0,-99.0,-99.0,-99.0,-99.0,-99.0,-99.0,-99.0,-99.0,-99.0,-99.0,-99.0,
,-99.0,-99.0,-99.0,-99.0,-99.0,-99.0,-99.0,-99.0,-99.0,-99.0,-99.0,-99.0,
,-99.0,-99.0,-99.0,-99.0,-99.0,-99.0,-99.0,-99.0,-99.0,-99.0,-99.0,-99.0,
,-99.0,-99.0,-99.0,-99.0,-99.0,-99.0,-99.0,-99.0,-99.0,-99.0,-99.0,-99.0,
,-99.0,-99.0,-99.0,-99.0,-99.0,-99.0,-99.0,-99.0,-99.0,-99.0,-99.0,-99.0,
,-99.0,-99.0,-99.0,-99.0,-99.0,-99.0,-99.0,-99.0,-99.0,-99.0,-99.0,-99.0,
,-99.0,-99.0,-99.0,-99.0,-99.0,-99.0,-99.0,-99.0,-99.0,-99.0,-99.0,-99.0,
,-99.0,-99.0,-99.0,-99.0,-99.0,-99.0,-99.0,-99.0,-99.0,-99.0,-99.0,-99.0,
,-99.0,-99.0,-99.0,-99.0,-99.0,-99.0,-99.0,-99.0,-99.0,-99.0,-99.0,-99.0,
,-99.0,-99.0,-99.0,-99.0,-99.0,-99.0,-99.0,-99.0,-99.0,-99.0,-99.0,-99.0,-99.0
,-99.0,-99.0,-99.0,-99.0,-99.0,-99.0,-99.0,-99.0,-99.0,-99.0,-99.0,-99.0,
,-99.0,-99.0,-99.0,-99.0,-99.0,-99.0,-99.0,-99.0,-99.0,-99.0,-99.0,-99.0,
,-99.0,-99.0,-99.0,-99.0,-99.0,-99.0,-99.0,-99.0,-99.0,-99.0,-99.0,-99.0,
,-99.0,-99.0,-99.0,-99.0,-99.0,-99.0,-99.0,-99.0,-99.0,-99.0,-99.0,-99.0,
,-99.0,-99.0,-99.0,-99.0,-99.0,-99.0,-99.0,-99.0,-99.0,-99.0,-99.0,-99.0,
,-99.0,-99.0,-99.0,-99.0,-99.0,-99.0,-99.0,-99.0,-99.0,-99.0,-99.0,-99.0,
,-99.0,-99.0,-99.0,-99.0,-99.0,-99.0,-99.0,-99.0,-99.0,-99.0,-99.0,-99.0,
,-99.0,-99.0,-99.0,-99.0,-99.0,-99.0,-99.0,-99.0,-99.0,-99.0,-99.0,-99.0,
,-99.0,-99.0,-99.0,-99.0,-99.0,-99.0,-99.0,-99.0,-99.0,-99.0,-99.0,-99.0,
,-99.0,-99.0,-99.0,-99.0,-99.0,-99.0,-99.0,-99.0,-99.0,-99.0,-99.0,-99.0,
,-99.0,-99.0,-99.0,-99.0,-99.0,-99.0,-99.0,-99.0,-99.0,-99.0,-99.0,-99.0,
,-99.0,-99.0,-99.0,-99.0,-99.0,-99.0,-99.0,-99.0,-99.0,-99.0,-99.0,-99.0,-99.0
,-99.0,-99.0,-99.0,-99.0,-99.0,-99.0,-99.0,-99.0,-99.0,-99.0,-99.0,-99.0,
,-99.0,-99.0,-99.0,-99.0,-99.0,-99.0,-99.0,-99.0,-99.0,-99.0,-99.0,-99.0,
,-99.0,-99.0,-99.0,-99.0,-99.0,-99.0,-99.0,-99.0,-99.0,-99.0,-99.0,-99.0,
,-99.0,-99.0,-99.0,-99.0,-99.0,-99.0,-99.0,-99.0,-99.0,-99.0,-99.0,-99.0,
,-99.0,-99.0,-99.0,-99.0,-99.0,-99.0,-99.0,-99.0,-99.0,-99.0,-99.0,-99.0,
,-99.0,-99.0,-99.0,-99.0,-99.0,-99.0,-99.0,-99.0,-99.0,-99.0,-99.0,-99.0,
,-99.0,-99.0,-99.0,-99.0,-99.0,-99.0,-99.0,-99.0,-99.0,-99.0,-99.0,-99.0,
,-99.0,-99.0,-99.0,-99.0,-99.0,-99.0,-99.0,-99.0,-99.0,-99.0,-99.0,-99.0,
,-99.0,-99.0,-99.0,-99.0,-99.0,-99.0,-99.0,-99.0,-99.0,-99.0,-99.0,-99.0,
,-99.0,-99.0,-99.0,-99.0,-99.0,-99.0,-99.0,-99.0,-99.0,-99.0,-99.0,-99.0,
,-99.0,-99.0,-99.0,-99.0,-99.0,-99.0,-99.0,-99.0,-99.0,-99.0,-99.0,-99.0,
,-99.0,-99.0,-99.0,-99.0,-99.0,-99.0,-99.0,-99.0,-99.0,-99.0,-99.0,-99.0,-99.0
,-99.0,-99.0,-99.0,-99.0,-99.0,-99.0,-99.0,-99.0,-99.0,-99.0,-99.0,-99.0,
,-99.0,-99.0,-99.0,-99.0,-99.0,-99.0,-99.0,-99.0,-99.0,-99.0,-99.0,-99.0,
,-99.0,-99.0,-99.0,-99.0,-99.0,-99.0,-99.0,-99.0,-99.0,-99.0,-99.0,-99.0,
,-99.0,-99.0,-99.0,-99.0,-99.0,-99.0,-99.0,-99.0,-99.0,-99.0,-99.0,-99.0,
,-99.0,-99.0,-99.0,-99.0,-99.0,-99.0,-99.0,-99.0,-99.0,-99.0,-99.0,-99.0,
,-99.0,-99.0,-99.0,-99.0,-99.0,-99.0,-99.0,-99.0,-99.0,-99.0,-99.0,-99.0,
,-99.0,-99.0,-99.0,-99.0,-99.0,-99.0,-99.0,-99.0,-99.0,-99.0,-99.0,-99.0,
,-99.0,-99.0,-99.0,-99.0,-99.0,-99.0,-99.0,-99.0,-99.0,-99.0,-99.0,-99.0,
,-99.0,-99.0,-99.0,-99.0,-99.0,-99.0,-99.0,-99.0,-99.0,-99.0,-99.0,-99.0,
,-99.0,-99.0,-99.0,-99.0,-99.0,-99.0,-99.0,-99.0,-99.0,-99.0,-99.0,-99.0,
,-99.0,-99.0,-99.0,-99.0,-99.0,-99.0,-99.0,-99.0,-99.0,-99.0,-99.0,-99.0,
,-99.0,-99.0,-99.0,-99.0,-99.0,-99.0,-99.0,-99.0,-99.0,-99.0,-99.0,-99.0,-99.0
,-99.0,-99.0,-99.0,-99.0,-99.0,-99.0,-99.0,-99.0,-99.0,-99.0,-99.0,-99.0,
,-99.0,-99.0,-99.0,-99.0,-99.0,-99.0,-99.0,-99.0,-99.0,-99.0,-99.0,-99.0,
,-99.0,-99.0,-99.0,-99.0,-99.0,-99.0,-99.0,-99.0,-99.0,-99.0,-99.0,-99.0,
,-99.0,-99.0,-99.0,-99.0,-99.0,-99.0,-99.0,-99.0,-99.0,-99.0,-99.0,-99.0,
,-99.0,-99.0,-99.0,-99.0,-99.0,-99.0,-99.0,-99.0,-99.0,-99.0,-99.0,-99.0,
,-99.0,-99.0,-99.0,-99.0,-99.0,-99.0,-99.0,-99.0,-99.0,-99.0,-99.0,-99.0,
,-99.0,-99.0,-99.0,-99.0,-99.0,-99.0,-99.0,-99.0,-99.0,-99.0,-99.0,-99.0,
,-99.0,-99.0,-99.0,-99.0,-99.0,-99.0,-99.0,-99.0,-99.0,-99.0,-99.0,-99.0,
,-99.0,-99.0,-99.0,-99.0,-99.0,-99.0,-99.0,-99.0,-99.0,-99.0,-99.0,-99.0,
,-99.0,-99.0,-99.0,-99.0,-99.0,-99.0,-99.0,-99.0,-99.0,-99.0,-99.0,-99.0,
,-99.0,-99.0,-99.0,-99.0,-99.0,-99.0,-99.0,-99.0,-99.0,-99.0,-99.0,-99.0,
,-99.0,-99.0,-99.0,-99.0,-99.0,-99.0,-99.0,-99.0,-99.0,-99.0,-99.0,-99.0,-99.0
,-99.0,-99.0,-99.0,-99.0,-99.0,-99.0,-99.0,-99.0,-99.0,-99.0,-99.0,-99.0,
,-99.0,-99.0,-99.0,-99.0,-99.0,-99.0,-99.0,-99.0,-99.0,-99.0,-99.0,-99.0,
,-99.0,-99.0,-99.0,-99.0,-99.0,-99.0,-99.0,-99.0,-99.0,-99.0,-99.0,-99.0,
,-99.0,-99.0,-99.0,-99.0,-99.0,-99.0,-99.0,-99.0,-99.0,-99.0,-99.0,-99.0,
,-99.0,-99.0,-99.0,-99.0,-99.0,-99.0,-99.0,-99.0,-99.0,-99.0,-99.0,-99.0,
,-99.0,-99.0,-99.0,-99.0,-99.0,-99.0,-99.0,-99.0,-99.0,-99.0,-99.0,-99.0,
,-99.0,-99.0,-99.0,-99.0,-99.0,-99.0,-99.0,-99.0,-99.0,-99.0,-99.0,-99.0,
,-99.0,-99.0,-99.0,-99.0,-99.0,-99.0,-99.0,-99.0,-99.0,-99.0,-99.0,-99.0,
,-99.0,-99.0,-99.0,-99.0,-99.0,-99.0,-99.0,-99.0,-99.0,-99.0,-99.0,-99.0,
,-99.0,-99.0,-99.0,-99.0,-99.0,-99.0,-99.0,-99.0,-99.0,-99.0,-99.0,-99.0,
,-99.0,-99.0,-99.0,-99.0,-99.0,-99.0,-99.0,-99.0,-99.0,-99.0,-99.0,-99.0,
,-99.0,-99.0,-99.0,-99.0,-99.0,-99.0,-99.0,-99.0,-99.0,-99.0,-99.0,-99.0,-99.0
,-99.0,-99.0,-99.0,-99.0,-99.0,-99.0,-99.0,-99.0,-99.0,-99.0,-99.0,-99.0,
,-99.0,-99.0,-99.0,-99.0,-99.0,-99.0,-99.0,-99.0,-99.0,-99.0,-99.0,-99.0,
,-99.0,-99.0,-99.0,-99.0,-99.0,-99.0,-99.0,-99.0,-99.0,-99.0,-99.0,-99.0,
,-99.0,-99.0,-99.0,-99.0,-99.0,-99.0,-99.0,-99.0,-99.0,-99.0,-99.0,-99.0,
,-99.0,-99.0,-99.0,-99.0,-99.0,-99.0,-99.0,-99.0,-99.0,-99.0,-99.0,-99.0,
,-99.0,-99.0,-99.0,-99.0,-99.0,-99.0,-99.0,-99.0,-99.0,-99.0,-99.0,-99.0,
,-99.0,-99.0,-99.0,-99.0,-99.0,-99.0,-99.0,-99.0,-99.0,-99.0,-99.0,-99.0,
,-99.0,-99.0,-99.0,-99.0,-99.0,-99.0,-99.0,-99.0,-99.0,-99.0,-99.0,-99.0,
,-99.0,-99.0,-99.0,-99.0,-99.0,-99.0,-99.0,-99.0,-99.0,-99.0,-99.0,-99.0,
,-99.0,-99.0,-99.0,-99.0,-99.0,-99.0,-99.0,-99.0,-99.0,-99.0,-99.0,-99.0,
,-99.0,-99.0,-99.0,-99.0,-99.0,-99.0,-99.0,-99.0,-99.0,-99.0,-99.0,-99.0,
,-99.0,-99.0,-99.0,-99.0,-99.0,-99.0,-99.0,-99.0,-99.0,-99.0,-99.0,-99.0,-99.0
,-99.0,-99.0,-99.0,-99.0,-99.0,-99.0,-99.0,-99.0,-99.0,-99.0,-99.0,-99.0,
,-99.0,-99.0,-99.0,-99.0,-99.0,-99.0,-99.0,-99.0,-99.0,-99.0,-99.0,-99.0,
,-99.0,-99.0,-99.0,-99.0,-99.0,-99.0,-99.0,-99.0,-99.0,-99.0,-99.0,-99.0,
,-99.0,-99.0,-99.0,-99.0,-99.0,-99.0,-99.0,-99.0,-99.0,-99.0,-99.0,-99.0,
,-99.0,-99.0,-99.0,-99.0,-99.0,-99.0,-99.0,-99.0,-99.0,-99.0,-99.0,-99.0,
,-99.0,-99.0,-99.0,-99.0,-99.0,-99.0,-99.0,-99.0,-99.0,-99.0,-99.0,-99.0,
,-99.0,-99.0,-99.0,-99.0,-99.0,-99.0,-99.0,-99.0,-99.0,-99.0,-99.0,-99.0,
,-99.0,-99.0,-99.0,-99.0,-99.0,-99.0,-99.0,-99.0,-99.0,-99.0,-99.0,-99.0,
,-99.0,-99.0,-99.0,-99.0,-99.0,-99.0,-99.0,-99.0,-99.0,-99.0,-99.0,-99.0,
,-99.0,-99.0,-99.0,-99.0,-99.0,-99.0,-99.0,-99.0,-99.0,-99.0,-99.0,-99.0,
,-99.0,-99.0,-99.0,-99.0,-99.0,-99.0,-99.0,-99.0,-99.0,-99.0,-99.0,-99.0,
,-99.0,-99.0,-99.0,-99.0,-99.0,-99.0,-99.0,-99.0,-99.0,-99.0,-99.0,-99.0,-99.0
,-99.0,-99.0,-99.0,-99.0,-99.0,-99.0,-99.0,-99.0,-99.0,-99.0,-99.0,-99.0,
,-99.0,-99.0,-99.0,-99.0,-99.0,-99.0,-99.0,-99.0,-99.0,-99.0,-99.0,-99.0,
,-99.0,-99.0,-99.0,-99.0,-99.0,-99.0,-99.0,-99.0,-99.0,-99.0,-99.0,-99.0,
,-99.0,-99.0,-99.0,-99.0,-99.0,-99.0,-99.0,-99.0,-99.0,-99.0,-99.0,-99.0,
,-99.0,-99.0,-99.0,-99.0,-99.0,-99.0,-99.0,-99.0,-99.0,-99.0,-99.0,-99.0,
,-99.0,-99.0,-99.0,-99.0,-99.0,-99.0,-99.0,-99.0,-99.0,-99.0,-99.0,-99.0,
,-99.0,-99.0,-99.0,-99.0,-99.0,-99.0,-99.0,-99.0,-99.0,-99.0,-99.0,-99.0,
,-99.0,-99.0,-99.0,-99.0,-99.0,-99.0,-99.0,-99.0,-99.0,-99.0,-99.0,-99.0,
,-99.0,-99.0,-99.0,-99.0,-99.0,-99.0,-99.0,-99.0,-99.0,-99.0,-99.0,-99.0,
,-99.0,-99.0,-99.0,-99.0,-99.0,-99.0,-99.0,-99.0,-99.0,-99.0,-99.0,-99.0,
,-99.0,-99.0,-99.0,-99.0,-99.0,-99.0,-99.0,-99.0,-99.0,-99.0,-99.0,-99.0,
,-99.0,-99.0,-99.0,-99.0,-99.0,-99.0,-99.0,-99.0,-99.0,-99.0,-99.0,-99.0,-99.0
,-99.0,-99.0,-99.0,-99.0,-99.0,-99.0,-99.0,-99.0,-99.0,-99.0,-99.0,-99.0,
,-99.0,-99.0,-99.0,-99.0,-99.0,-99.0,-99.0,-99.0,-99.0,-99.0,-99.0,-99.0,
,-99.0,-99.0,-99.0,-99.0,-99.0,-99.0,-99.0,-99.0,-99.0,-99.0,-99.0,-99.0,
,-99.0,-99.0,-99.0,-99.0,-99.0,-99.0,-99.0,-99.0,-99.0,-99.0,-99.0,-99.0,
,-99.0,-99.0,-99.0,-99.0,-99.0,-99.0,-99.0,-99.0,-99.0,-99.0,-99.0,-99.0,
,-99.0,-99.0,-99.0,-99.0,-99.0,-99.0,-99.0,-99.0,-99.0,-99.0,-99.0,-99.0,
,-99.0,-99.0,-99.0,-99.0,-99.0,-99.0,-99.0,-99.0,-99.0,-99.0,-99.0,-99.0,
,-99.0,-99.0,-99.0,-99.0,-99.0,-99.0,-99.0,-99.0,-99.0,-99.0,-99.0,-99.0,
,-99.0,-99.0,-99.0,-99.0,-99.0,-99.0,-99.0,-99.0,-99.0,-99.0,-99.0,-99.0,
,-99.0,-99.0,-99.0,-99.0,-99.0,-99.0,-99.0,-99.0,-99.0,-99.0,-99.0,-99.0,
,-99.0,-99.0,-99.0,-99.0,-99.0,-99.0,-99.0,-99.0,-99.0,-99.0,-99.0,-99.0,
,-99.0,-99.0,-99.0,-99.0,-99.0,-99.0,-99.0,-99.0,-99.0,-99.0,-99.0,-99.0,-99.0
,-99.0,-99.0,-99.0,-99.0,-99.0,-99.0,-99.0,-99.0,-99.0,-99.0,-99.0,-99.0,
,-99.0,-99.0,-99.0,-99.0,-99.0,-99.0,-99.0,-99.0,-99.0,-99.0,-99.0,-99.0,
,-99.0,-99.0,-99.0,-99.0,-99.0,-99.0,-99.0,-99.0,-99.0,-99.0,-99.0,-99.0,
,-99.0,-99.0,-99.0,-99.0,-99.0,-99.0,-99.0,-99.0,-99.0,-99.0,-99.0,-99.0,
,-99.0,-99.0,-99.0,-99.0,-99.0,-99.0,-99.0,-99.0,-99.0,-99.0,-99.0,-99.0,
,-99.0,-99.0,-99.0,-99.0,-99.0,-99.0,-99.0,-99.0,-99.0,-99.0,-99.0,-99.0,
,-99.0,-99.0,-99.0,-99.0,-99.0,-99.0,-99.0,-99.0,-99.0,-99.0,-99.0,-99.0,
,-99.0,-99.0,-99.0,-99.0,-99.0,-99.0,-99.0,-99.0,-99.0,-99.0,-99.0,-99.0,
,-99.0,-99.0,-99.0,-99.0,-99.0,-99.0,-99.0,-99.0,-99.0,-99.0,-99.0,-99.0,
,-99.0,-99.0,-99.0,-99.0,-99.0,-99.0,-99.0,-99.0,-99.0,-99.0,-99.0,-99.0,
,-99.0,-99.0,-99.0,-99.0,-99.0,-99.0,-99.0,-99.0,-99.0,-99.0,-99.0,-99.0,
,20.0,18.0,117.4,96.3,31.6,29.5,45.2,47.2,1.8,7.5,2.7,50.4,117.4
,20.0,18.0,117.4,96.3,31.6,29.5,45.2,47.2,1.8,7.5,2.7,50.4,
,20.0,18.0,117.4,96.3,31.6,29.5,45.2,47.2,1.8,7.5,2.7,50.4,
,20.0,18.0,117.4,96.3,31.6,29.5,45.2,47.2,1.8,7.5,2.7,50.4,
,20.0,18.0,117.4,96.3,31.6,29.5,45.2,47.2,1.8,7.5,2.7,50.4,
,20.0,18.0,117.4,96.3,31.6,29.5,45.2,47.2,1.8,7.5,2.7,50.4,
,20.0,18.0,117.4,96.3,31.6,29.5,45.2,47.2,1.8,7.5,2.7,50.4,
,20.0,18.0,117.4,96.3,31.6,29.5,45.2,47.2,1.8,7.5,2.7,50.4,
,20.0,18.0,117.4,96.3,31.6,29.5,45.2,47.2,1.8,7.5,2.7,50.4,
,20.0,18.0,117.4,96.3,31.6,29.5,45.2,47.2,1.8,7.5,2.7,50.4,
,20.0,18.0,117.4,96.3,31.6,29.5,45.2,47.2,1.8,7.5,2.7,50.4,
,20.0,18.0,117.4,96.3,31.6,29.5,45.2,47.2,1.8,7.5,2.7,50.4,
,115.2,61.2,131.4,200.8,11.1,0.8,3.1,0.0,1.4,30.3,9.3,21.6,200.8
,115.2,61.2,131.4,200.8,11.1,0.8,3.1,0.0,1.4,30.3,9.3,21.6,
,115.2,61.2,131.4,200.8,11.1,0.8,3.1,0.0,1.4,30.3,9.3,21.6,
,115.2,61.2,131.4,200.8,11.1,0.8,3.1,0.0,1.4,30.3,9.3,21.6,
,115.2,61.2,131.4,200.8,11.1,0.8,3.1,0.0,1.4,30.3,9.3,21.6,
,115.2,61.2,131.4,200.8,11.1,0.8,3.1,0.0,1.4,30.3,9.3,21.6,
,115.2,61.2,131.4,200.8,11.1,0.8,3.1,0.0,1.4,30.3,9.3,21.6,
,115.2,61.2,131.4,200.8,11.1,0.8,3.1,0.0,1.4,30.3,9.3,21.6,
,115.2,61.2,131.4,200.8,11.1,0.8,3.1,0.0,1.4,30.3,9.3,21.6,
,115.2,61.2,131.4,200.8,11.1,0.8,3.1,0.0,1.4,30.3,9.3,21.6,
,115.2,61.2,131.4,200.8,11.1,0.8,3.1,0.0,1.4,30.3,9.3,21.6,
,115.2,61.2,131.4,200.8,11.1,0.8,3.1,0.0,1.4,30.3,9.3,21.6,
,89.9,63.7,54.0,50.3,20.9,15.7,15.0,0.1,2.7,8.0,25.4,25.7,89.9
,89.9,63.7,54.0,50.3,20.9,15.7,15.0,0.1,2.7,8.0,25.4,25.7,
,89.9,63.7,54.0,50.3,20.9,15.7,15.0,0.1,2.7,8.0,25.4,25.7,
,89.9,63.7,54.0,50.3,20.9,15.7,15.0,0.1,2.7,8.0,25.4,25.7,
,89.9,63.7,54.0,50.3,20.9,15.7,15.0,0.1,2.7,8.0,25.4,25.7,
,89.9,63.7,54.0,50.3,20.9,15.7,15.0,0.1,2.7,8.0,25.4,25.7,
,89.9,63.7,54.0,50.3,20.9,15.7,15.0,0.1,2.7,8.0,25.4,25.7,
,89.9,63.7,54.0,50.3,20.9,15.7,15.0,0.1,2.7,8.0,25.4,25.7,
,89.9,63.7,54.0,50.3,20.9,15.7,15.0,0.1,2.7,8.0,25.4,25.7,
,89.9,63.7,54.0,50.3,20.9,15.7,15.0,0.1,2.7,8.0,25.4,25.7,
,89.9,63.7,54.0,50.3,20.9,15.7,15.0,0.1,2.7,8.0,25.4,25.7,
,89.9,63.7,54.0,50.3,20.9,15.7,15.0,0.1,2.7,8.0,25.4,25.7,
,38.4,87.6,26.3,18.8,6.6,0.5,1.2,4.9,25.0,12.0,61.0,25.6,87.6
,38.4,87.6,26.3,18.8,6.6,0.5,1.2,4.9,25.0,12.0,61.0,25.6,
,38.4,87.6,26.3,18.8,6.6,0.5,1.2,4.9,25.0,12.0,61.0,25.6,
,38.4,87.6,26.3,18.8,6.6,0.5,1.2,4.9,25.0,12.0,61.0,25.6,
,38.4,87.6,26.3,18.8,6.6,0.5,1.2,4.9,25.0,12.0,61.0,25.6,
,38.4,87.6,26.3,18.8,6.6,0.5,1.2,4.9,25.0,12.0,61.0,25.6,
,38.4,87.6,26.3,18.8,6.6,0.5,1.2,4.9,25.0,12.0,61.0,25.6,
,38.4,87.6,26.3,18.8,6.6,0.5,1.2,4.9,25.0,12.0,61.0,25.6,
,38.4,87.6,26.3,18.8,6.6,0.5,1.2,4.9,25.0,12.0,61.0,25.6,
,38.4,87.6,26.3,18.8,6.6,0.5,1.2,4.9,25.0,12.0,61.0,25.6,
,38.4,87.6,26.3,18.8,6.6,0.5,1.2,4.9,25.0,12.0,61.0,25.6,
,38.4,87.6,26.3,18.8,6.6,0.5,1.2,4.9,25.0,12.0,61.0,25.6,
,33.7,32.8,76.8,33.1,8.9,7.0,25.2,0.3,17.6,17.6,6.0,19.8,76.8
,33.7,32.8,76.8,33.1,8.9,7.0,25.2,0.3,17.6,17.6,6.0,19.8,
,33.7,32.8,76.8,33.1,8.9,7.0,25.2,0.3,17.6,17.6,6.0,19.8,
,33.7,32.8,76.8,33.1,8.9,7.0,25.2,0.3,17.6,17.6,6.0,19.8,
,33.7,32.8,76.8,33.1,8.9,7.0,25.2,0.3,17.6,17.6,6.0,19.8,
,33.7,32.8,76.8,33.1,8.9,7.0,25.2,0.3,17.6,17.6,6.0,19.8,
,33.7,32.8,76.8,33.1,8.9,7.0,25.2,0.3,17.6,17.6,6.0,19.8,
,33.7,32.8,76.8,33.1,8.9,7.0,25.2,0.3,17.6,17.6,6.0,19.8,
,33.7,32.8,76.8,33.1,8.9,7.0,25.2,0.3,17.6,17.6,6.0,19.8,
,33.7,32.8,76.8,33.1,8.9,7.0,25.2,0.3,17.6,17.6,6.0,19.8,
,33.7,32.8,76.8,33.1,8.9,7.0,25.2,0.3,17.6,17.6,6.0,19.8,
,33.7,32.8,76.8,33.1,8.9,7.0,25.2,0.3,17.6,17.6,6.0,19.8,
,52.1,124.6,59.0,92.6,59.3,1.9,10.2,0.1,18.5,2.3,16.1,32.0,124.6
,52.1,124.6,59.0,92.6,59.3,1.9,10.2,0.1,18.5,2.3,16.1,32.0,
,52.1,124.6,59.0,92.6,59.3,1.9,10.2,0.1,18.5,2.3,16.1,32.0,
,52.1,124.6,59.0,92.6,59.3,1.9,10.2,0.1,18.5,2.3,16.1,32.0,
,52.1,124.6,59.0,92.6,59.3,1.9,10.2,0.1,18.5,2.3,16.1,32.0,
,52.1,124.6,59.0,92.6,59.3,1.9,10.2,0.1,18.5,2.3,16.1,32.0,
,52.1,124.6,59.0,92.6,59.3,1.9,10.2,0.1,18.5,2.3,16.1,32.0,
,52.1,124.6,59.0,92.6,59.3,1.9,10.2,0.1,18.5,2.3,16.1,32.0,
,52.1,124.6,59.0,92.6,59.3,1.9,10.2,0.1,18.5,2.3,16.1,32.0,
,52.1,124.6,59.0,92.6,59.3,1.9,10.2,0.1,18.5,2.3,16.1,32.0,
,52.1,124.6,59.0,92.6,59.3,1.9,10.2,0.1,18.5,2.3,16.1,32.0,
,52.1,124.6,59.0,92.6,59.3,1.9,10.2,0.1,18.5,2.3,16.1,32.0,
,163.9,30.4,61.2,63.1,10.9,0.3,1.2,12.9,5.8,4.3,36.5,18.2,163.9
,163.9,30.4,61.2,63.1,10.9,0.3,1.2,12.9,5.8,4.3,36.5,18.2,
,163.9,30.4,61.2,63.1,10.9,0.3,1.2,12.9,5.8,4.3,36.5,18.2,
,163.9,30.4,61.2,63.1,10.9,0.3,1.2,12.9,5.8,4.3,36.5,18.2,
,163.9,30.4,61.2,63.1,10.9,0.3,1.2,12.9,5.8,4.3,36.5,18.2,
,163.9,30.4,61.2,63.1,10.9,0.3,1.2,12.9,5.8,4.3,36.5,18.2,
,163.9,30.4,61.2,63.1,10.9,0.3,1.2,12.9,5.8,4.3,36.5,18.2,
,163.9,30.4,61.2,63.1,10.9,0.3,1.2,12.9,5.8,4.3,36.5,18.2,
,163.9,30.4,61.2,63.1,10.9,0.3,1.2,12.9,5.8,4.3,36.5,18.2,
,163.9,30.4,61.2,63.1,10.9,0.3,1.2,12.9,5.8,4.3,36.5,18.2,
,163.9,30.4,61.2,63.1,10.9,0.3,1.2,12.9,5.8,4.3,36.5,18.2,
,163.9,30.4,61.2,63.1,10.9,0.3,1.2,12.9,5.8,4.3,36.5,18.2,
,95.0,36.8,72.0,18.6,11.0,2.6,1.1,0.0,4.0,14.3,54.9,54.3,95.0
,95.0,36.8,72.0,18.6,11.0,2.6,1.1,0.0,4.0,14.3,54.9,54.3,
,95.0,36.8,72.0,18.6,11.0,2.6,1.1,0.0,4.0,14.3,54.9,54.3,
,95.0,36.8,72.0,18.6,11.0,2.6,1.1,0.0,4.0,14.3,54.9,54.3,
,95.0,36.8,72.0,18.6,11.0,2.6,1.1,0.0,4.0,14.3,54.9,54.3,
,95.0,36.8,72.0,18.6,11.0,2.6,1.1,0.0,4.0,14.3,54.9,54.3,
,95.0,36.8,72.0,18.6,11.0,2.6,1.1,0.0,4.0,14.3,54.9,54.3,
,95.0,36.8,72.0,18.6,11.0,2.6,1.1,0.0,4.0,14.3,54.9,54.3,
,95.0,36.8,72.0,18.6,11.0,2.6,1.1,0.0,4.0,14.3,54.9,54.3,
,95.0,36.8,72.0,18.6,11.0,2.6,1.1,0.0,4.0,14.3,54.9,54.3,
,95.0,36.8,72.0,18.6,11.0,2.6,1.1,0.0,4.0,14.3,54.9,54.3,
,95.0,36.8,72.0,18.6,11.0,2.6,1.1,0.0,4.0,14.3,54.9,54.3,
,50.6,19.4,69.3,29.8,1.9,3.9,0.2,2.1,0.0,3.2,0.7,16.3,69.3
,50.6,19.4,69.3,29.8,1.9,3.9,0.2,2.1,0.0,3.2,0.7,16.3,
,50.6,19.4,69.3,29.8,1.9,3.9,0.2,2.1,0.0,3.2,0.7,16.3,
,50.6,19.4,69.3,29.8,1.9,3.9,0.2,2.1,0.0,3.2,0.7,16.3,
,50.6,19.4,69.3,29.8,1.9,3.9,0.2,2.1,0.0,3.2,0.7,16.3,
,50.6,19.4,69.3,29.8,1.9,3.9,0.2,2.1,0.0,3.2,0.7,16.3,
,50.6,19.4,69.3,29.8,1.9,3.9,0.2,2.1,0.0,3.2,0.7,16.3,
,50.6,19.4,69.3,29.8,1.9,3.9,0.2,2.1,0.0,3.2,0.7,16.3,
,50.6,19.4,69.3,29.8,1.9,3.9,0.2,2.1,0.0,3.2,0.7,16.3,
,50.6,19.4,69.3,29.8,1.9,3.9,0.2,2.1,0.0,3.2,0.7,16.3,
,50.6,19.4,69.3,29.8,1.9,3.9,0.2,2.1,0.0,3.2,0.7,16.3,
,50.6,19.4,69.3,29.8,1.9,3.9,0.2,2.1,0.0,3.2,0.7,16.3,
,16.4,18.5,44.5,50.6,6.7,7.3,0.8,0.2,0.1,9.7,55.9,35.2,55.9
,16.4,18.5,44.5,50.6,6.7,7.3,0.8,0.2,0.1,9.7,55.9,35.2,
,16.4,18.5,44.5,50.6,6.7,7.3,0.8,0.2,0.1,9.7,55.9,35.2,
,16.4,18.5,44.5,50.6,6.7,7.3,0.8,0.2,0.1,9.7,55.9,35.2,
,16.4,18.5,44.5,50.6,6.7,7.3,0.8,0.2,0.1,9.7,55.9,35.2,
,16.4,18.5,44.5,50.6,6.7,7.3,0.8,0.2,0.1,9.7,55.9,35.2,
,16.4,18.5,44.5,50.6,6.7,7.3,0.8,0.2,0.1,9.7,55.9,35.2,
,16.4,18.5,44.5,50.6,6.7,7.3,0.8,0.2,0.1,9.7,55.9,35.2,
,16.4,18.5,44.5,50.6,6.7,7.3,0.8,0.2,0.1,9.7,55.9,35.2,
,16.4,18.5,44.5,50.6,6.7,7.3,0.8,0.2,0.1,9.7,55.9,35.2,
,16.4,18.5,44.5,50.6,6.7,7.3,0.8,0.2,0.1,9.7,55.9,35.2,
,16.4,18.5,44.5,50.6,6.7,7.3,0.8,0.2,0.1,9.7,55.9,35.2,
,27.7,125.6,57.3,34.5,9.5,7.7,3.0,1.0,0.6,0.8,0.0,39.0,125.6
,27.7,125.6,57.3,34.5,9.5,7.7,3.0,1.0,0.6,0.8,0.0,39.0,
,27.7,125.6,57.3,34.5,9.5,7.7,3.0,1.0,0.6,0.8,0.0,39.0,
,27.7,125.6,57.3,34.5,9.5,7.7,3.0,1.0,0.6,0.8,0.0,39.0,
,27.7,125.6,57.3,34.5,9.5,7.7,3.0,1.0,0.6,0.8,0.0,39.0,
,27.7,125.6,57.3,34.5,9.5,7.7,3.0,1.0,0.6,0.8,0.0,39.0,
,27.7,125.6,57.3,34.5,9.5,7.7,3.0,1.0,0.6,0.8,0.0,39.0,
,27.7,125.6,57.3,34.5,9.5,7.7,3.0,1.0,0.6,0.8,0.0,39.0,
,27.7,125.6,57.3,34.5,9.5,7.7,3.0,1.0,0.6,0.8,0.0,39.0,
,27.7,125.6,57.3,34.5,9.5,7.7,3.0,1.0,0.6,0.8,0.0,39.0,
,27.7,125.6,57.3,34.5,9.5,7.7,3.0,1.0,0.6,0.8,0.0,39.0,
,27.7,125.6,57.3,34.5,9.5,7.7,3.0,1.0,0.6,0.8,0.0,39.0,
,26.3,35.0,33.4,77.9,10.5,4.0,0.0,0.9,1.7,37.9,7.3,76.2,77.9
,26.3,35.0,33.4,77.9,10.5,4.0,0.0,0.9,1.7,37.9,7.3,76.2,
,26.3,35.0,33.4,77.9,10.5,4.0,0.0,0.9,1.7,37.9,7.3,76.2,
,26.3,35.0,33.4,77.9,10.5,4.0,0.0,0.9,1.7,37.9,7.3,76.2,
,26.3,35.0,33.4,77.9,10.5,4.0,0.0,0.9,1.7,37.9,7.3,76.2,
,26.3,35.0,33.4,77.9,10.5,4.0,0.0,0.9,1.7,37.9,7.3,76.2,
,26.3,35.0,33.4,77.9,10.5,4.0,0.0,0.9,1.7,37.9,7.3,76.2,
,26.3,35.0,33.4,77.9,10.5,4.0,0.0,0.9,1.7,37.9,7.3,76.2,
,26.3,35.0,33.4,77.9,10.5,4.0,0.0,0.9,1.7,37.9,7.3,76.2,
,26.3,35.0,33.4,77.9,10.5,4.0,0.0,0.9,1.7,37.9,7.3,76.2,
,26.3,35.0,33.4,77.9,10.5,4.0,0.0,0.9,1.7,37.9,7.3,76.2,
,26.3,35.0,33.4,77.9,10.5,4.0,0.0,0.9,1.7,37.9,7.3,76.2,
,63.9,125.8,36.0,84.4,51.4,20.4,4.0,3.5,2.5,5.5,1.6,111.0,125.8
,63.9,125.8,36.0,84.4,51.4,20.4,4.0,3.5,2.5,5.5,1.6,111.0,
,63.9,125.8,36.0,84.4,51.4,20.4,4.0,3.5,2.5,5.5,1.6,111.0,
,63.9,125.8,36.0,84.4,51.4,20.4,4.0,3.5,2.5,5.5,1.6,111.0,
,63.9,125.8,36.0,84.4,51.4,20.4,4.0,3.5,2.5,5.5,1.6,111.0,
,63.9,125.8,36.0,84.4,51.4,20.4,4.0,3.5,2.5,5.5,1.6,111.0,
,63.9,125.8,36.0,84.4,51.4,20.4,4.0,3.5,2.5,5.5,1.6,111.0,
,63.9,125.8,36.0,84.4,51.4,20.4,4.0,3.5,2.5,5.5,1.6,111.0,
,63.9,125.8,36.0,84.4,51.4,20.4,4.0,3.5,2.5,5.5,1.6,111.0,
,63.9,125.8,36.0,84.4,51.4,20.4,4.0,3.5,2.5,5.5,1.6,111.0,
,63.9,125.8,36.0,84.4,51.4,20.4,4.0,3.5,2.5,5.5,1.6,111.0,
,63.9,125.8,36.0,84.4,51.4,20.4,4.0,3.5,2.5,5.5,1.6,111.0,
,61.6,47.8,89.0,65.5,16.5,8.2,-99.0,8.0,5.5,7.0,22.0,16.5,89.0
,61.6,47.8,89.0,65.5,16.5,8.2,-99.0,8.0,5.5,7.0,22.0,16.5,
,61.6,47.8,89.0,65.5,16.5,8.2,-99.0,8.0,5.5,7.0,22.0,16.5,
,61.6,47.8,89.0,65.5,16.5,8.2,-99.0,8.0,5.5,7.0,22.0,16.5,
,61.6,47.8,89.0,65.5,16.5,8.2,-99.0,8.0,5.5,7.0,22.0,16.5,
,61.6,47.8,89.0,65.5,16.5,8.2,-99.0,8.0,5.5,7.0,22.0,16.5,
,61.6,47.8,89.0,65.5,16.5,8.2,-99.0,8.0,5.5,7.0,22.0,16.5,
,61.6,47.8,89.0,65.5,16.5,8.2,-99.0,8.0,5.5,7.0,22.0,16.5,
,61.6,47.8,89.0,65.5,16.5,8.2,-99.0,8.0,5.5,7.0,22.0,16.5,
,61.6,47.8,89.0,65.5,16.5,8.2,-99.0,8.0,5.5,7.0,22.0,16.5,
,61.6,47.8,89.0,65.5,16.5,8.2,-99.0,8.0,5.5,7.0,22.0,16.5,
,61.6,47.8,89.0,65.5,16.5,8.2,-99.0,8.0,5.5,7.0,22.0,16.5,
,-99.0,47.4,53.7,39.8,13.8,8.7,5.6,0.0,10.5,1.7,10.0,2.1,53.7
,-99.0,47.4,53.7,39.8,13.8,8.7,5.6,0.0,10.5,1.7,10.0,2.1,
,-99.0,47.4,53.7,39.8,13.8,8.7,5.6,0.0,10.5,1.7,10.0,2.1,
,-99.0,47.4,53.7,39.8,13.8,8.7,5.6,0.0,10.5,1.7,10.0,2.1,
,-99.0,47.4,53.7,39.8,13.8,8.7,5.6,0.0,10.5,1.7,10.0,2.1,
,-99.0,47.4,53.7,39.8,13.8,8.7,5.6,0.0,10.5,1.7,10.0,2.1,
,-99.0,47.4,53.7,39.8,13.8,8.7,5.6,0.0,10.5,1.7,10.0,2.1,
,-99.0,47.4,53.7,39.8,13.8,8.7,5.6,0.0,10.5,1.7,10.0,2.1,
,-99.0,47.4,53.7,39.8,13.8,8.7,5.6,0.0,10.5,1.7,10.0,2.1,
,-99.0,47.4,53.7,39.8,13.8,8.7,5.6,0.0,10.5,1.7,10.0,2.1,
,-99.0,47.4,53.7,39.8,13.8,8.7,5.6,0.0,10.5,1.7,10.0,2.1,
,-99.0,47.4,53.7,39.8,13.8,8.7,5.6,0.0,10.5,1.7,10.0,2.1,
,47.0,77.4,59.4,99.2,7.6,7.1,1.1,0.0,2.0,48.9,31.8,38.8,99.2
,47.0,77.4,59.4,99.2,7.6,7.1,1.1,0.0,2.0,48.9,31.8,38.8,
,47.0,77.4,59.4,99.2,7.6,7.1,1.1,0.0,2.0,48.9,31.8,38.8,
,47.0,77.4,59.4,99.2,7.6,7.1,1.1,0.0,2.0,48.9,31.8,38.8,
,47.0,77.4,59.4,99.2,7.6,7.1,1.1,0.0,2.0,48.9,31.8,38.8,
,47.0,77.4,59.4,99.2,7.6,7.1,1.1,0.0,2.0,48.9,31.8,38.8,
,47.0,77.4,59.4,99.2,7.6,7.1,1.1,0.0,2.0,48.9,31.8,38.8,
,47.0,77.4,59.4,99.2,7.6,7.1,1.1,0.0,2.0,48.9,31.8,38.8,
,47.0,77.4,59.4,99.2,7.6,7.1,1.1,0.0,2.0,48.9,31.8,38.8,
,47.0,77.4,59.4,99.2,7.6,7.1,1.1,0.0,2.0,48.9,31.8,38.8,
,47.0,77.4,59.4,99.2,7.6,7.1,1.1,0.0,2.0,48.9,31.8,38.8,
,47.0,77.4,59.4,99.2,7.6,7.1,1.1,0.0,2.0,48.9,31.8,38.8,
,92.6,26.4,89.6,48.5,37.2,10.5,18.7,1.1,0.5,21.2,44.2,42.4,92.6
,92.6,26.4,89.6,48.5,37.2,10.5,18.7,1.1,0.5,21.2,44.2,42.4,
,92.6,26.4,89.6,48.5,37.2,10.5,18.7,1.1,0.5,21.2,44.2,42.4,
,92.6,26.4,89.6,48.5,37.2,10.5,18.7,1.1,0.5,21.2,44.2,42.4,
,92.6,26.4,89.6,48.5,37.2,10.5,18.7,1.1,0.5,21.2,44.2,42.4,
,92.6,26.4,89.6,48.5,37.2,10.5,18.7,1.1,0.5,21.2,44.2,42.4,
,92.6,26.4,89.6,48.5,37.2,10.5,18.7,1.1,0.5,21.2,44.2,42.4,
,92.6,26.4,89.6,48.5,37.2,10.5,18.7,1.1,0.5,21.2,44.2,42.4,
,92.6,26.4,89.6,48.5,37.2,10.5,18.7,1.1,0.5,21.2,44.2,42.4,
,92.6,26.4,89.6,48.5,37.2,10.5,18.7,1.1,0.5,21.2,44.2,42.4,
,92.6,26.4,89.6,48.5,37.2,10.5,18.7,1.1,0.5,21.2,44.2,42.4,
,92.6,26.4,89.6,48.5,37.2,10.5,18.7,1.1,0.5,21.2,44.2,42.4,
,27.9,22.5,43.5,58.0,121.1,3.1,2.6,6.9,14.6,28.4,39.3,20.4,121.1
,27.9,22.5,43.5,58.0,121.1,3.1,2.6,6.9,14.6,28.4,39.3,20.4,
,27.9,22.5,43.5,58.0,121.1,3.1,2.6,6.9,14.6,28.4,39.3,20.4,
,27.9,22.5,43.5,58.0,121.1,3.1,2.6,6.9,14.6,28.4,39.3,20.4,
,27.9,22.5,43.5,58.0,121.1,3.1,2.6,6.9,14.6,28.4,39.3,20.4,
,27.9,22.5,43.5,58.0,121.1,3.1,2.6,6.9,14.6,28.4,39.3,20.4,
,27.9,22.5,43.5,58.0,121.1,3.1,2.6,6.9,14.6,28.4,39.3,20.4,
,27.9,22.5,43.5,58.0,121.1,3.1,2.6,6.9,14.6,28.4,39.3,20.4,
,27.9,22.5,43.5,58.0,121.1,3.1,2.6,6.9,14.6,28.4,39.3,20.4,
,27.9,22.5,43.5,58.0,121.1,3.1,2.6,6.9,14.6,28.4,39.3,20.4,
,27.9,22.5,43.5,58.0,121.1,3.1,2.6,6.9,14.6,28.4,39.3,20.4,
,27.9,22.5,43.5,58.0,121.1,3.1,2.6,6.9,14.6,28.4,39.3,20.4,
,35.5,25.0,63.2,27.8,29.0,5.2,0.0,2.1,0.0,0.3,8.3,0.2,63.2
,35.5,25.0,63.2,27.8,29.0,5.2,0.0,2.1,0.0,0.3,8.3,0.2,
,35.5,25.0,63.2,27.8,29.0,5.2,0.0,2.1,0.0,0.3,8.3,0.2,
,35.5,25.0,63.2,27.8,29.0,5.2,0.0,2.1,0.0,0.3,8.3,0.2,
,35.5,25.0,63.2,27.8,29.0,5.2,0.0,2.1,0.0,0.3,8.3,0.2,
,35.5,25.0,63.2,27.8,29.0,5.2,0.0,2.1,0.0,0.3,8.3,0.2,
,35.5,25.0,63.2,27.8,29.0,5.2,0.0,2.1,0.0,0.3,8.3,0.2,
,35.5,25.0,63.2,27.8,29.0,5.2,0.0,2.1,0.0,0.3,8.3,0.2,
,35.5,25.0,63.2,27.8,29.0,5.2,0.0,2.1,0.0,0.3,8.3,0.2,
,35.5,25.0,63.2,27.8,29.0,5.2,0.0,2.1,0.0,0.3,8.3,0.2,
,35.5,25.0,63.2,27.8,29.0,5.2,0.0,2.1,0.0,0.3,8.3,0.2,
,35.5,25.0,63.2,27.8,29.0,5.2,0.0,2.1,0.0,0.3,8.3,0.2,
,69.6,42.6,85.8,32.0,2.0,3.6,6.7,0.0,15.0,0.0,9.0,32.6,85.8
,69.6,42.6,85.8,32.0,2.0,3.6,6.7,0.0,15.0,0.0,9.0,32.6,
,69.6,42.6,85.8,32.0,2.0,3.6,6.7,0.0,15.0,0.0,9.0,32.6,
,69.6,42.6,85.8,32.0,2.0,3.6,6.7,0.0,15.0,0.0,9.0,32.6,
,69.6,42.6,85.8,32.0,2.0,3.6,6.7,0.0,15.0,0.0,9.0,32.6,
,69.6,42.6,85.8,32.0,2.0,3.6,6.7,0.0,15.0,0.0,9.0,32.6,
,69.6,42.6,85.8,32.0,2.0,3.6,6.7,0.0,15.0,0.0,9.0,32.6,
,69.6,42.6,85.8,32.0,2.0,3.6,6.7,0.0,15.0,0.0,9.0,32.6,
,69.6,42.6,85.8,32.0,2.0,3.6,6.7,0.0,15.0,0.0,9.0,32.6,
,69.6,42.6,85.8,32.0,2.0,3.6,6.7,0.0,15.0,0.0,9.0,32.6,
,69.6,42.6,85.8,32.0,2.0,3.6,6.7,0.0,15.0,0.0,9.0,32.6,
,69.6,42.6,85.8,32.0,2.0,3.6,6.7,0.0,15.0,0.0,9.0,32.6,
,45.0,48.2,45.2,39.6,17.9,0.0,22.0,4.7,3.8,33.0,48.3,2.8,48.3
,45.0,48.2,45.2,39.6,17.9,0.0,22.0,4.7,3.8,33.0,48.3,2.8,
,45.0,48.2,45.2,39.6,17.9,0.0,22.0,4.7,3.8,33.0,48.3,2.8,
,45.0,48.2,45.2,39.6,17.9,0.0,22.0,4.7,3.8,33.0,48.3,2.8,
,45.0,48.2,45.2,39.6,17.9,0.0,22.0,4.7,3.8,33.0,48.3,2.8,
,45.0,48.2,45.2,39.6,17.9,0.0,22.0,4.7,3.8,33.0,48.3,2.8,
,45.0,48.2,45.2,39.6,17.9,0.0,22.0,4.7,3.8,33.0,48.3,2.8,
,45.0,48.2,45.2,39.6,17.9,0.0,22.0,4.7,3.8,33.0,48.3,2.8,
,45.0,48.2,45.2,39.6,17.9,0.0,22.0,4.7,3.8,33.0,48.3,2.8,
,45.0,48.2,45.2,39.6,17.9,0.0,22.0,4.7,3.8,33.0,48.3,2.8,
,45.0,48.2,45.2,39.6,17.9,0.0,22.0,4.7,3.8,33.0,48.3,2.8,
,45.0,48.2,45.2,39.6,17.9,0.0,22.0,4.7,3.8,33.0,48.3,2.8,
,78.2,42.2,44.9,63.2,18.7,-99.0,2.0,0.0,5.8,17.3,-99.0,-99.0,78.2
,78.2,42.2,44.9,63.2,18.7,-99.0,2.0,0.0,5.8,17.3,-99.0,-99.0,
,78.2,42.2,44.9,63.2,18.7,-99.0,2.0,0.0,5.8,17.3,-99.0,-99.0,
,78.2,42.2,44.9,63.2,18.7,-99.0,2.0,0.0,5.8,17.3,-99.0,-99.0,
,78.2,42.2,44.9,63.2,18.7,-99.0,2.0,0.0,5.8,17.3,-99.0,-99.0,
,78.2,42.2,44.9,63.2,18.7,-99.0,2.0,0.0,5.8,17.3,-99.0,-99.0,
,78.2,42.2,44.9,63.2,18.7,-99.0,2.0,0.0,5.8,17.3,-99.0,-99.0,
,78.2,42.2,44.9,63.2,18.7,-99.0,2.0,0.0,5.8,17.3,-99.0,-99.0,
,78.2,42.2,44.9,63.2,18.7,-99.0,2.0,0.0,5.8,17.3,-99.0,-99.0,
,78.2,42.2,44.9,63.2,18.7,-99.0,2.0,0.0,5.8,17.3,-99.0,-99.0,
,78.2,42.2,44.9,63.2,18.7,-99.0,2.0,0.0,5.8,17.3,-99.0,-99.0,
,78.2,42.2,44.9,63.2,18.7,-99.0,2.0,0.0,5.8,17.3,-99.0,-99.0,
,68.5,45.5,60.2,30.5,39.6,6.8,21.6,3.6,0.0,10.8,10.2,11.6,68.5
,68.5,45.5,60.2,30.5,39.6,6.8,21.6,3.6,0.0,10.8,10.2,11.6,
,68.5,45.5,60.2,30.5,39.6,6.8,21.6,3.6,0.0,10.8,10.2,11.6,
,68.5,45.5,60.2,30.5,39.6,6.8,21.6,3.6,0.0,10.8,10.2,11.6,
,68.5,45.5,60.2,30.5,39.6,6.8,21.6,3.6,0.0,10.8,10.2,11.6,
,68.5,45.5,60.2,30.5,39.6,6.8,21.6,3.6,0.0,10.8,10.2,11.6,
,68.5,45.5,60.2,30.5,39.6,6.8,21.6,3.6,0.0,10.8,10.2,11.6,
,68.5,45.5,60.2,30.5,39.6,6.8,21.6,3.6,0.0,10.8,10.2,11.6,
,68.5,45.5,60.2,30.5,39.6,6.8,21.6,3.6,0.0,10.8,10.2,11.6,
,68.5,45.5,60.2,30.5,39.6,6.8,21.6,3.6,0.0,10.8,10.2,11.6,
,68.5,45.5,60.2,30.5,39.6,6.8,21.6,3.6,0.0,10.8,10.2,11.6,
,68.5,45.5,60.2,30.5,39.6,6.8,21.6,3.6,0.0,10.8,10.2,11.6,
,98.9,105.1,35.8,52.3,39.3,20.5,1.5,7.0,17.7,48.6,66.6,20.6,105.1
,98.9,105.1,35.8,52.3,39.3,20.5,1.5,7.0,17.7,48.6,66.6,20.6,
,98.9,105.1,35.8,52.3,39.3,20.5,1.5,7.0,17.7,48.6,66.6,20.6,
,98.9,105.1,35.8,52.3,39.3,20.5,1.5,7.0,17.7,48.6,66.6,20.6,
,98.9,105.1,35.8,52.3,39.3,20.5,1.5,7.0,17.7,48.6,66.6,20.6,
,98.9,105.1,35.8,52.3,39.3,20.5,1.5,7.0,17.7,48.6,66.6,20.6,
,98.9,105.1,35.8,52.3,39.3,20.5,1.5,7.0,17.7,48.6,66.6,20.6,
,98.9,105.1,35.8,52.3,39.3,20.5,1.5,7.0,17.7,48.6,66.6,20.6,
,98.9,105.1,35.8,52.3,39.3,20.5,1.5,7.0,17.7,48.6,66.6,20.6,
,98.9,105.1,35.8,52.3,39.3,20.5,1.5,7.0,17.7,48.6,66.6,20.6,
,98.9,105.1,35.8,52.3,39.3,20.5,1.5,7.0,17.7,48.6,66.6,20.6,
,98.9,105.1,35.8,52.3,39.3,20.5,1.5,7.0,17.7,48.6,66.6,20.6,
,45.9,90.5,116.9,28.6,13.0,15.2,9.1,0.2,0.0,32.6,6.0,17.7,116.9
,45.9,90.5,116.9,28.6,13.0,15.2,9.1,0.2,0.0,32.6,6.0,17.7,
,45.9,90.5,116.9,28.6,13.0,15.2,9.1,0.2,0.0,32.6,6.0,17.7,
,45.9,90.5,116.9,28.6,13.0,15.2,9.1,0.2,0.0,32.6,6.0,17.7,
,45.9,90.5,116.9,28.6,13.0,15.2,9.1,0.2,0.0,32.6,6.0,17.7,
,45.9,90.5,116.9,28.6,13.0,15.2,9.1,0.2,0.0,32.6,6.0,17.7,
,45.9,90.5,116.9,28.6,13.0,15.2,9.1,0.2,0.0,32.6,6.0,17.7,
,45.9,90.5,116.9,28.6,13.0,15.2,9.1,0.2,0.0,32.6,6.0,17.7,
,45.9,90.5,116.9,28.6,13.0,15.2,9.1,0.2,0.0,32.6,6.0,17.7,
,45.9,90.5,116.9,28.6,13.0,15.2,9.1,0.2,0.0,32.6,6.0,17.7,
,45.9,90.5,116.9,28.6,13.0,15.2,9.1,0.2,0.0,32.6,6.0,17.7,
,45.9,90.5,116.9,28.6,13.0,15.2,9.1,0.2,0.0,32.6,6.0,17.7,
,67.2,45.6,30.6,60.2,0.0,0.8,0.0,1.6,0.0,2.0,13.5,44.8,67.2
,67.2,45.6,30.6,60.2,0.0,0.8,0.0,1.6,0.0,2.0,13.5,44.8,
,67.2,45.6,30.6,60.2,0.0,0.8,0.0,1.6,0.0,2.0,13.5,44.8,
,67.2,45.6,30.6,60.2,0.0,0.8,0.0,1.6,0.0,2.0,13.5,44.8,
,67.2,45.6,30.6,60.2,0.0,0.8,0.0,1.6,0.0,2.0,13.5,44.8,
,67.2,45.6,30.6,60.2,0.0,0.8,0.0,1.6,0.0,2.0,13.5,44.8,
,67.2,45.6,30.6,60.2,0.0,0.8,0.0,1.6,0.0,2.0,13.5,44.8,
,67.2,45.6,30.6,60.2,0.0,0.8,0.0,1.6,0.0,2.0,13.5,44.8,
,67.2,45.6,30.6,60.2,0.0,0.8,0.0,1.6,0.0,2.0,13.5,44.8,
,67.2,45.6,30.6,60.2,0.0,0.8,0.0,1.6,0.0,2.0,13.5,44.8,
,67.2,45.6,30.6,60.2,0.0,0.8,0.0,1.6,0.0,2.0,13.5,44.8,
,67.2,45.6,30.6,60.2,0.0,0.8,0.0,1.6,0.0,2.0,13.5,44.8,
,65.7,56.0,62.6,52.3,45.5,2.0,3.2,0.0,1.0,8.2,7.8,27.2,65.7
,65.7,56.0,62.6,52.3,45.5,2.0,3.2,0.0,1.0,8.2,7.8,27.2,
,65.7,56.0,62.6,52.3,45.5,2.0,3.2,0.0,1.0,8.2,7.8,27.2,
,65.7,56.0,62.6,52.3,45.5,2.0,3.2,0.0,1.0,8.2,7.8,27.2,
,65.7,56.0,62.6,52.3,45.5,2.0,3.2,0.0,1.0,8.2,7.8,27.2,
,65.7,56.0,62.6,52.3,45.5,2.0,3.2,0.0,1.0,8.2,7.8,27.2,
,65.7,56.0,62.6,52.3,45.5,2.0,3.2,0.0,1.0,8.2,7.8,27.2,
,65.7,56.0,62.6,52.3,45.5,2.0,3.2,0.0,1.0,8.2,7.8,27.2,
,65.7,56.0,62.6,52.3,45.5,2.0,3.2,0.0,1.0,8.2,7.8,27.2,
,65.7,56.0,62.6,52.3,45.5,2.0,3.2,0.0,1.0,8.2,7.8,27.2,
,65.7,56.0,62.6,52.3,45.5,2.0,3.2,0.0,1.0,8.2,7.8,27.2,
,65.7,56.0,62.6,52.3,45.5,2.0,3.2,0.0,1.0,8.2,7.8,27.2,
,43.5,33.2,22.1,63.0,15.6,8.4,3.0,9.8,8.6,1.4,3.6,55.8,63.0
,43.5,33.2,22.1,63.0,15.6,8.4,3.0,9.8,8.6,1.4,3.6,55.8,
,43.5,33.2,22.1,63.0,15.6,8.4,3.0,9.8,8.6,1.4,3.6,55.8,
,43.5,33.2,22.1,63.0,15.6,8.4,3.0,9.8,8.6,1.4,3.6,55.8,
,43.5,33.2,22.1,63.0,15.6,8.4,3.0,9.8,8.6,1.4,3.6,55.8,
,43.5,33.2,22.1,63.0,15.6,8.4,3.0,9.8,8.6,1.4,3.6,55.8,
,43.5,33.2,22.1,63.0,15.6,8.4,3.0,9.8,8.6,1.4,3.6,55.8,
,43.5,33.2,22.1,63.0,15.6,8.4,3.0,9.8,8.6,1.4,3.6,55.8,
,43.5,33.2,22.1,63.0,15.6,8.4,3.0,9.8,8.6,1.4,3.6,55.8,
,43.5,33.2,22.1,63.0,15.6,8.4,3.0,9.8,8.6,1.4,3.6,55.8,
,43.5,33.2,22.1,63.0,15.6,8.4,3.0,9.8,8.6,1.4,3.6,55.8,
,43.5,33.2,22.1,63.0,15.6,8.4,3.0,9.8,8.6,1.4,3.6,55.8,
,44.8,75.1,47.6,36.1,18.5,5.1,21.7,0.6,1.0,10.4,0.0,63.0,75.1
,44.8,75.1,47.6,36.1,18.5,5.1,21.7,0.6,1.0,10.4,0.0,63.0,
,44.8,75.1,47.6,36.1,18.5,5.1,21.7,0.6,1.0,10.4,0.0,63.0,
,44.8,75.1,47.6,36.1,18.5,5.1,21.7,0.6,1.0,10.4,0.0,63.0,
,44.8,75.1,47.6,36.1,18.5,5.1,21.7,0.6,1.0,10.4,0.0,63.0,
,44.8,75.1,47.6,36.1,18.5,5.1,21.7,0.6,1.0,10.4,0.0,63.0,
,44.8,75.1,47.6,36.1,18.5,5.1,21.7,0.6,1.0,10.4,0.0,63.0,
,44.8,75.1,47.6,36.1,18.5,5.1,21.7,0.6,1.0,10.4,0.0,63.0,
,44.8,75.1,47.6,36.1,18.5,5.1,21.7,0.6,1.0,10.4,0.0,63.0,
,44.8,75.1,47.6,36.1,18.5,5.1,21.7,0.6,1.0,10.4,0.0,63.0,
,44.8,75.1,47.6,36.1,18.5,5.1,21.7,0.6,1.0,10.4,0.0,63.0,
,44.8,75.1,47.6,36.1,18.5,5.1,21.7,0.6,1.0,10.4,0.0,63.0,
,64.0,56.0,41.0,35.0,9.0,0.5,79.1,0.6,9.0,1.4,42.6,8.3,79.1
,64.0,56.0,41.0,35.0,9.0,0.5,79.1,0.6,9.0,1.4,42.6,8.3,
,64.0,56.0,41.0,35.0,9.0,0.5,79.1,0.6,9.0,1.4,42.6,8.3,
,64.0,56.0,41.0,35.0,9.0,0.5,79.1,0.6,9.0,1.4,42.6,8.3,
,64.0,56.0,41.0,35.0,9.0,0.5,79.1,0.6,9.0,1.4,42.6,8.3,
,64.0,56.0,41.0,35.0,9.0,0.5,79.1,0.6,9.0,1.4,42.6,8.3,
,64.0,56.0,41.0,35.0,9.0,0.5,79.1,0.6,9.0,1.4,42.6,8.3,
,64.0,56.0,41.0,35.0,9.0,0.5,79.1,0.6,9.0,1.4,42.6,8.3,
,64.0,56.0,41.0,35.0,9.0,0.5,79.1,0.6,9.0,1.4,42.6,8.3,
,64.0,56.0,41.0,35.0,9.0,0.5,79.1,0.6,9.0,1.4,42.6,8.3,
,64.0,56.0,41.0,35.0,9.0,0.5,79.1,0.6,9.0,1.4,42.6,8.3,
,64.0,56.0,41.0,35.0,9.0,0.5,79.1,0.6,9.0,1.4,42.6,8.3,
,60.6,21.0,65.8,42.2,17.0,1.7,7.1,3.4,0.0,0.3,27.8,35.7,65.8
,60.6,21.0,65.8,42.2,17.0,1.7,7.1,3.4,0.0,0.3,27.8,35.7,
,60.6,21.0,65.8,42.2,17.0,1.7,7.1,3.4,0.0,0.3,27.8,35.7,
,60.6,21.0,65.8,42.2,17.0,1.7,7.1,3.4,0.0,0.3,27.8,35.7,
,60.6,21.0,65.8,42.2,17.0,1.7,7.1,3.4,0.0,0.3,27.8,35.7,
,60.6,21.0,65.8,42.2,17.0,1.7,7.1,3.4,0.0,0.3,27.8,35.7,
,60.6,21.0,65.8,42.2,17.0,1.7,7.1,3.4,0.0,0.3,27.8,35.7,
,60.6,21.0,65.8,42.2,17.0,1.7,7.1,3.4,0.0,0.3,27.8,35.7,
,60.6,21.0,65.8,42.2,17.0,1.7,7.1,3.4,0.0,0.3,27.8,35.7,
,60.6,21.0,65.8,42.2,17.0,1.7,7.1,3.4,0.0,0.3,27.8,35.7,
,60.6,21.0,65.8,42.2,17.0,1.7,7.1,3.4,0.0,0.3,27.8,35.7,
,60.6,21.0,65.8,42.2,17.0,1.7,7.1,3.4,0.0,0.3,27.8,35.7,
,88.6,94.4,56.0,32.7,51.9,3.8,2.9,3.4,0.0,0.0,21.9,3.2,94.4
,88.6,94.4,56.0,32.7,51.9,3.8,2.9,3.4,0.0,0.0,21.9,3.2,
,88.6,94.4,56.0,32.7,51.9,3.8,2.9,3.4,0.0,0.0,21.9,3.2,
,88.6,94.4,56.0,32.7,51.9,3.8,2.9,3.4,0.0,0.0,21.9,3.2,
,88.6,94.4,56.0,32.7,51.9,3.8,2.9,3.4,0.0,0.0,21.9,3.2,
,88.6,94.4,56.0,32.7,51.9,3.8,2.9,3.4,0.0,0.0,21.9,3.2,
,88.6,94.4,56.0,32.7,51.9,3.8,2.9,3.4,0.0,0.0,21.9,3.2,
,88.6,94.4,56.0,32.7,51.9,3.8,2.9,3.4,0.0,0.0,21.9,3.2,
,88.6,94.4,56.0,32.7,51.9,3.8,2.9,3.4,0.0,0.0,21.9,3.2,
,88.6,94.4,56.0,32.7,51.9,3.8,2.9,3.4,0.0,0.0,21.9,3.2,
,88.6,94.4,56.0,32.7,51.9,3.8,2.9,3.4,0.0,0.0,21.9,3.2,
,88.6,94.4,56.0,32.7,51.9,3.8,2.9,3.4,0.0,0.0,21.9,3.2,
,65.0,34.0,96.0,42.2,31.1,12.3,1.7,1.4,0.0,0.3,0.0,97.6,97.6
,65.0,34.0,96.0,42.2,31.1,12.3,1.7,1.4,0.0,0.3,0.0,97.6,
,65.0,34.0,96.0,42.2,31.1,12.3,1.7,1.4,0.0,0.3,0.0,97.6,
,65.0,34.0,96.0,42.2,31.1,12.3,1.7,1.4,0.0,0.3,0.0,97.6,
,65.0,34.0,96.0,42.2,31.1,12.3,1.7,1.4,0.0,0.3,0.0,97.6,
,65.0,34.0,96.0,42.2,31.1,12.3,1.7,1.4,0.0,0.3,0.0,97.6,
,65.0,34.0,96.0,42.2,31.1,12.3,1.7,1.4,0.0,0.3,0.0,97.6,
,65.0,34.0,96.0,42.2,31.1,12.3,1.7,1.4,0.0,0.3,0.0,97.6,
,65.0,34.0,96.0,42.2,31.1,12.3,1.7,1.4,0.0,0.3,0.0,97.6,
,65.0,34.0,96.0,42.2,31.1,12.3,1.7,1.4,0.0,0.3,0.0,97.6,
,65.0,34.0,96.0,42.2,31.1,12.3,1.7,1.4,0.0,0.3,0.0,97.6,
,65.0,34.0,96.0,42.2,31.1,12.3,1.7,1.4,0.0,0.3,0.0,97.6,
,39.8,47.0,86.0,36.8,8.9,4.2,7.4,0.0,0.0,10.7,7.2,37.2,86.0
,39.8,47.0,86.0,36.8,8.9,4.2,7.4,0.0,0.0,10.7,7.2,37.2,
,39.8,47.0,86.0,36.8,8.9,4.2,7.4,0.0,0.0,10.7,7.2,37.2,
,39.8,47.0,86.0,36.8,8.9,4.2,7.4,0.0,0.0,10.7,7.2,37.2,
,39.8,47.0,86.0,36.8,8.9,4.2,7.4,0.0,0.0,10.7,7.2,37.2,
,39.8,47.0,86.0,36.8,8.9,4.2,7.4,0.0,0.0,10.7,7.2,37.2,
,39.8,47.0,86.0,36.8,8.9,4.2,7.4,0.0,0.0,10.7,7.2,37.2,
,39.8,47.0,86.0,36.8,8.9,4.2,7.4,0.0,0.0,10.7,7.2,37.2,
,39.8,47.0,86.0,36.8,8.9,4.2,7.4,0.0,0.0,10.7,7.2,37.2,
,39.8,47.0,86.0,36.8,8.9,4.2,7.4,0.0,0.0,10.7,7.2,37.2,
,39.8,47.0,86.0,36.8,8.9,4.2,7.4,0.0,0.0,10.7,7.2,37.2,
,39.8,47.0,86.0,36.8,8.9,4.2,7.4,0.0,0.0,10.7,7.2,37.2,
,49.2,107.1,33.0,91.5,27.4,1.4,0.0,0.2,0.5,0.1,19.4,68.2,107.1
,49.2,107.1,33.0,91.5,27.4,1.4,0.0,0.2,0.5,0.1,19.4,68.2,
,49.2,107.1,33.0,91.5,27.4,1.4,0.0,0.2,0.5,0.1,19.4,68.2,
,49.2,107.1,33.0,91.5,27.4,1.4,0.0,0.2,0.5,0.1,19.4,68.2,
,49.2,107.1,33.0,91.5,27.4,1.4,0.0,0.2,0.5,0.1,19.4,68.2,
,49.2,107.1,33.0,91.5,27.4,1.4,0.0,0.2,0.5,0.1,19.4,68.2,
,49.2,107.1,33.0,91.5,27.4,1.4,0.0,0.2,0.5,0.1,19.4,68.2,
,49.2,107.1,33.0,91.5,27.4,1.4,0.0,0.2,0.5,0.1,19.4,68.2,
,49.2,107.1,33.0,91.5,27.4,1.4,0.0,0.2,0.5,0.1,19.4,68.2,
,49.2,107.1,33.0,91.5,27.4,1.4,0.0,0.2,0.5,0.1,19.4,68.2,
,49.2,107.1,33.0,91.5,27.4,1.4,0.0,0.2,0.5,0.1,19.4,68.2,
,49.2,107.1,33.0,91.5,27.4,1.4,0.0,0.2,0.5,0.1,19.4,68.2,
,59.3,103.6,83.6,27.8,43.4,1.6,9.0,6.6,2.7,0.0,0.3,66.0,103.6
,59.3,103.6,83.6,27.8,43.4,1.6,9.0,6.6,2.7,0.0,0.3,66.0,
,59.3,103.6,83.6,27.8,43.4,1.6,9.0,6.6,2.7,0.0,0.3,66.0,
,59.3,103.6,83.6,27.8,43.4,1.6,9.0,6.6,2.7,0.0,0.3,66.0,
,59.3,103.6,83.6,27.8,43.4,1.6,9.0,6.6,2.7,0.0,0.3,66.0,
,59.3,103.6,83.6,27.8,43.4,1.6,9.0,6.6,2.7,0.0,0.3,66.0,
,59.3,103.6,83.6,27.8,43.4,1.6,9.0,6.6,2.7,0.0,0.3,66.0,
,59.3,103.6,83.6,27.8,43.4,1.6,9.0,6.6,2.7,0.0,0.3,66.0,
,59.3,103.6,83.6,27.8,43.4,1.6,9.0,6.6,2.7,0.0,0.3,66.0,
,59.3,103.6,83.6,27.8,43.4,1.6,9.0,6.6,2.7,0.0,0.3,66.0,
,59.3,103.6,83.6,27.8,43.4,1.6,9.0,6.6,2.7,0.0,0.3,66.0,
,59.3,103.6,83.6,27.8,43.4,1.6,9.0,6.6,2.7,0.0,0.3,66.0,
,25.4,36.9,30.6,68.4,80.9,0.7,52.0,0.1,0.6,18.5,27.0,49.0,80.9
,25.4,36.9,30.6,68.4,80.9,0.7,52.0,0.1,0.6,18.5,27.0,49.0,
,25.4,36.9,30.6,68.4,80.9,0.7,52.0,0.1,0.6,18.5,27.0,49.0,
,25.4,36.9,30.6,68.4,80.9,0.7,52.0,0.1,0.6,18.5,27.0,49.0,
,25.4,36.9,30.6,68.4,80.9,0.7,52.0,0.1,0.6,18.5,27.0,49.0,
,25.4,36.9,30.6,68.4,80.9,0.7,52.0,0.1,0.6,18.5,27.0,49.0,
,25.4,36.9,30.6,68.4,80.9,0.7,52.0,0.1,0.6,18.5,27.0,49.0,
,25.4,36.9,30.6,68.4,80.9,0.7,52.0,0.1,0.6,18.5,27.0,49.0,
,25.4,36.9,30.6,68.4,80.9,0.7,52.0,0.1,0.6,18.5,27.0,49.0,
,25.4,36.9,30.6,68.4,80.9,0.7,52.0,0.1,0.6,18.5,27.0,49.0,
,25.4,36.9,30.6,68.4,80.9,0.7,52.0,0.1,0.6,18.5,27.0,49.0,
,25.4,36.9,30.6,68.4,80.9,0.7,52.0,0.1,0.6,18.5,27.0,49.0,
,101.5,51.0,61.8,123.4,12.6,26.6,6.3,0.0,0.0,17.4,10.0,42.3,123.4
,101.5,51.0,61.8,123.4,12.6,26.6,6.3,0.0,0.0,17.4,10.0,42.3,
,101.5,51.0,61.8,123.4,12.6,26.6,6.3,0.0,0.0,17.4,10.0,42.3,
,101.5,51.0,61.8,123.4,12.6,26.6,6.3,0.0,0.0,17.4,10.0,42.3,
,101.5,51.0,61.8,123.4,12.6,26.6,6.3,0.0,0.0,17.4,10.0,42.3,
,101.5,51.0,61.8,123.4,12.6,26.6,6.3,0.0,0.0,17.4,10.0,42.3,
,101.5,51.0,61.8,123.4,12.6,26.6,6.3,0.0,0.0,17.4,10.0,42.3,
,101.5,51.0,61.8,123.4,12.6,26.6,6.3,0.0,0.0,17.4,10.0,42.3,
,101.5,51.0,61.8,123.4,12.6,26.6,6.3,0.0,0.0,17.4,10.0,42.3,
,101.5,51.0,61.8,123.4,12.6,26.6,6.3,0.0,0.0,17.4,10.0,42.3,
,101.5,51.0,61.8,123.4,12.6,26.6,6.3,0.0,0.0,17.4,10.0,42.3,
,101.5,51.0,61.8,123.4,12.6,26.6,6.3,0.0,0.0,17.4,10.0,42.3,
,107.4,50.4,124.5,28.8,34.4,2.4,3.6,6.4,0.0,96.4,27.1,43.0,124.5
,107.4,50.4,124.5,28.8,34.4,2.4,3.6,6.4,0.0,96.4,27.1,43.0,
,107.4,50.4,124.5,28.8,34.4,2.4,3.6,6.4,0.0,96.4,27.1,43.0,
,107.4,50.4,124.5,28.8,34.4,2.4,3.6,6.4,0.0,96.4,27.1,43.0,
,107.4,50.4,124.5,28.8,34.4,2.4,3.6,6.4,0.0,96.4,27.1,43.0,
,107.4,50.4,124.5,28.8,34.4,2.4,3.6,6.4,0.0,96.4,27.1,43.0,
,107.4,50.4,124.5,28.8,34.4,2.4,3.6,6.4,0.0,96.4,27.1,43.0,
,107.4,50.4,124.5,28.8,34.4,2.4,3.6,6.4,0.0,96.4,27.1,43.0,
,107.4,50.4,124.5,28.8,34.4,2.4,3.6,6.4,0.0,96.4,27.1,43.0,
,107.4,50.4,124.5,28.8,34.4,2.4,3.6,6.4,0.0,96.4,27.1,43.0,
,107.4,50.4,124.5,28.8,34.4,2.4,3.6,6.4,0.0,96.4,27.1,43.0,
,107.4,50.4,124.5,28.8,34.4,2.4,3.6,6.4,0.0,96.4,27.1,43.0,
,13.2,49.6,62.2,22.4,2.8,7.3,0.0,0.0,0.0,4.0,25.0,19.8,62.2
,13.2,49.6,62.2,22.4,2.8,7.3,0.0,0.0,0.0,4.0,25.0,19.8,
,13.2,49.6,62.2,22.4,2.8,7.3,0.0,0.0,0.0,4.0,25.0,19.8,
,13.2,49.6,62.2,22.4,2.8,7.3,0.0,0.0,0.0,4.0,25.0,19.8,
,13.2,49.6,62.2,22.4,2.8,7.3,0.0,0.0,0.0,4.0,25.0,19.8,
,13.2,49.6,62.2,22.4,2.8,7.3,0.0,0.0,0.0,4.0,25.0,19.8,
,13.2,49.6,62.2,22.4,2.8,7.3,0.0,0.0,0.0,4.0,25.0,19.8,
,13.2,49.6,62.2,22.4,2.8,7.3,0.0,0.0,0.0,4.0,25.0,19.8,
,13.2,49.6,62.2,22.4,2.8,7.3,0.0,0.0,0.0,4.0,25.0,19.8,
,13.2,49.6,62.2,22.4,2.8,7.3,0.0,0.0,0.0,4.0,25.0,19.8,
,13.2,49.6,62.2,22.4,2.8,7.3,0.0,0.0,0.0,4.0,25.0,19.8,
,13.2,49.6,62.2,22.4,2.8,7.3,0.0,0.0,0.0,4.0,25.0,19.8,
,60.4,42.0,65.8,55.5,71.8,89.4,3.5,0.0,0.0,10.0,38.3,15.0,89.4
,60.4,42.0,65.8,55.5,71.8,89.4,3.5,0.0,0.0,10.0,38.3,15.0,
,60.4,42.0,65.8,55.5,71.8,89.4,3.5,0.0,0.0,10.0,38.3,15.0,
,60.4,42.0,65.8,55.5,71.8,89.4,3.5,0.0,0.0,10.0,38.3,15.0,
,60.4,42.0,65.8,55.5,71.8,89.4,3.5,0.0,0.0,10.0,38.3,15.0,
,60.4,42.0,65.8,55.5,71.8,89.4,3.5,0.0,0.0,10.0,38.3,15.0,
,60.4,42.0,65.8,55.5,71.8,89.4,3.5,0.0,0.0,10.0,38.3,15.0,
,60.4,42.0,65.8,55.5,71.8,89.4,3.5,0.0,0.0,10.0,38.3,15.0,
,60.4,42.0,65.8,55.5,71.8,89.4,3.5,0.0,0.0,10.0,38.3,15.0,
,60.4,42.0,65.8,55.5,71.8,89.4,3.5,0.0,0.0,10.0,38.3,15.0,
,60.4,42.0,65.8,55.5,71.8,89.4,3.5,0.0,0.0,10.0,38.3,15.0,
,60.4,42.0,65.8,55.5,71.8,89.4,3.5,0.0,0.0,10.0,38.3,15.0,
,16.9,101.2,131.0,48.8,18.6,1.6,7.1,0.3,2.9,6.7,23.5,17.4,131.0
,16.9,101.2,131.0,48.8,18.6,1.6,7.1,0.3,2.9,6.7,23.5,17.4,
,16.9,101.2,131.0,48.8,18.6,1.6,7.1,0.3,2.9,6.7,23.5,17.4,
,16.9,101.2,131.0,48.8,18.6,1.6,7.1,0.3,2.9,6.7,23.5,17.4,
,16.9,101.2,131.0,48.8,18.6,1.6,7.1,0.3,2.9,6.7,23.5,17.4,
,16.9,101.2,131.0,48.8,18.6,1.6,7.1,0.3,2.9,6.7,23.5,17.4,
,16.9,101.2,131.0,48.8,18.6,1.6,7.1,0.3,2.9,6.7,23.5,17.4,
,16.9,101.2,131.0,48.8,18.6,1.6,7.1,0.3,2.9,6.7,23.5,17.4,
,16.9,101.2,131.0,48.8,18.6,1.6,7.1,0.3,2.9,6.7,23.5,17.4,
,16.9,101.2,131.0,48.8,18.6,1.6,7.1,0.3,2.9,6.7,23.5,17.4,
,16.9,101.2,131.0,48.8,18.6,1.6,7.1,0.3,2.9,6.7,23.5,17.4,
,16.9,101.2,131.0,48.8,18.6,1.6,7.1,0.3,2.9,6.7,23.5,17.4,
,90.5,27.7,63.8,186.8,89.4,21.3,12.8,0.2,0.0,3.9,0.0,5.2,186.8
,90.5,27.7,63.8,186.8,89.4,21.3,12.8,0.2,0.0,3.9,0.0,5.2,
,90.5,27.7,63.8,186.8,89.4,21.3,12.8,0.2,0.0,3.9,0.0,5.2,
,90.5,27.7,63.8,186.8,89.4,21.3,12.8,0.2,0.0,3.9,0.0,5.2,
,90.5,27.7,63.8,186.8,89.4,21.3,12.8,0.2,0.0,3.9,0.0,5.2,
,90.5,27.7,63.8,186.8,89.4,21.3,12.8,0.2,0.0,3.9,0.0,5.2,
,90.5,27.7,63.8,186.8,89.4,21.3,12.8,0.2,0.0,3.9,0.0,5.2,
,90.5,27.7,63.8,186.8,89.4,21.3,12.8,0.2,0.0,3.9,0.0,5.2,
,90.5,27.7,63.8,186.8,89.4,21.3,12.8,0.2,0.0,3.9,0.0,5.2,
,90.5,27.7,63.8,186.8,89.4,21.3,12.8,0.2,0.0,3.9,0.0,5.2,
,90.5,27.7,63.8,186.8,89.4,21.3,12.8,0.2,0.0,3.9,0.0,5.2,
,90.5,27.7,63.8,186.8,89.4,21.3,12.8,0.2,0.0,3.9,0.0,5.2,
,54.9,25.1,49.3,18.4,18.2,12.8,0.0,0.0,3.0,0.0,0.0,51.2,54.9
,54.9,25.1,49.3,18.4,18.2,12.8,0.0,0.0,3.0,0.0,0.0,51.2,
,54.9,25.1,49.3,18.4,18.2,12.8,0.0,0.0,3.0,0.0,0.0,51.2,
,54.9,25.1,49.3,18.4,18.2,12.8,0.0,0.0,3.0,0.0,0.0,51.2,
,54.9,25.1,49.3,18.4,18.2,12.8,0.0,0.0,3.0,0.0,0.0,51.2,
,54.9,25.1,49.3,18.4,18.2,12.8,0.0,0.0,3.0,0.0,0.0,51.2,
,54.9,25.1,49.3,18.4,18.2,12.8,0.0,0.0,3.0,0.0,0.0,51.2,
,54.9,25.1,49.3,18.4,18.2,12.8,0.0,0.0,3.0,0.0,0.0,51.2,
,54.9,25.1,49.3,18.4,18.2,12.8,0.0,0.0,3.0,0.0,0.0,51.2,
,54.9,25.1,49.3,18.4,18.2,12.8,0.0,0.0,3.0,0.0,0.0,51.2,
,54.9,25.1,49.3,18.4,18.2,12.8,0.0,0.0,3.0,0.0,0.0,51.2,
,54.9,25.1,49.3,18.4,18.2,12.8,0.0,0.0,3.0,0.0,0.0,51.2,
,61.4,33.2,66.7,49.6,19.2,3.7,1.1,0.0,0.0,5.9,60.2,21.1,66.7
,61.4,33.2,66.7,49.6,19.2,3.7,1.1,0.0,0.0,5.9,60.2,21.1,
,61.4,33.2,66.7,49.6,19.2,3.7,1.1,0.0,0.0,5.9,60.2,21.1,
,61.4,33.2,66.7,49.6,19.2,3.7,1.1,0.0,0.0,5.9,60.2,21.1,
,61.4,33.2,66.7,49.6,19.2,3.7,1.1,0.0,0.0,5.9,60.2,21.1,
,61.4,33.2,66.7,49.6,19.2,3.7,1.1,0.0,0.0,5.9,60.2,21.1,
,61.4,33.2,66.7,49.6,19.2,3.7,1.1,0.0,0.0,5.9,60.2,21.1,
,61.4,33.2,66.7,49.6,19.2,3.7,1.1,0.0,0.0,5.9,60.2,21.1,
,61.4,33.2,66.7,49.6,19.2,3.7,1.1,0.0,0.0,5.9,60.2,21.1,
,61.4,33.2,66.7,49.6,19.2,3.7,1.1,0.0,0.0,5.9,60.2,21.1,
,61.4,33.2,66.7,49.6,19.2,3.7,1.1,0.0,0.0,5.9,60.2,21.1,
,61.4,33.2,66.7,49.6,19.2,3.7,1.1,0.0,0.0,5.9,60.2,21.1,
,44.2,65.7,77.0,31.7,0.0,0.0,0.0,0.0,0.0,30.0,36.4,67.8,77.0
,44.2,65.7,77.0,31.7,0.0,0.0,0.0,0.0,0.0,30.0,36.4,67.8,
,44.2,65.7,77.0,31.7,0.0,0.0,0.0,0.0,0.0,30.0,36.4,67.8,
,44.2,65.7,77.0,31.7,0.0,0.0,0.0,0.0,0.0,30.0,36.4,67.8,
,44.2,65.7,77.0,31.7,0.0,0.0,0.0,0.0,0.0,30.0,36.4,67.8,
,44.2,65.7,77.0,31.7,0.0,0.0,0.0,0.0,0.0,30.0,36.4,67.8,
,44.2,65.7,77.0,31.7,0.0,0.0,0.0,0.0,0.0,30.0,36.4,67.8,
,44.2,65.7,77.0,31.7,0.0,0.0,0.0,0.0,0.0,30.0,36.4,67.8,
,44.2,65.7,77.0,31.7,0.0,0.0,0.0,0.0,0.0,30.0,36.4,67.8,
,44.2,65.7,77.0,31.7,0.0,0.0,0.0,0.0,0.0,30.0,36.4,67.8,
,44.2,65.7,77.0,31.7,0.0,0.0,0.0,0.0,0.0,30.0,36.4,67.8,
,44.2,65.7,77.0,31.7,0.0,0.0,0.0,0.0,0.0,30.0,36.4,67.8,
,17.1,58.5,59.2,73.2,40.3,83.4,0.0,-99.0,0.0,14.9,23.2,5.3,83.4
,17.1,58.5,59.2,73.2,40.3,83.4,0.0,-99.0,0.0,14.9,23.2,5.3,
,17.1,58.5,59.2,73.2,40.3,83.4,0.0,-99.0,0.0,14.9,23.2,5.3,
,17.1,58.5,59.2,73.2,40.3,83.4,0.0,-99.0,0.0,14.9,23.2,5.3,
,17.1,58.5,59.2,73.2,40.3,83.4,0.0,-99.0,0.0,14.9,23.2,5.3,
,17.1,58.5,59.2,73.2,40.3,83.4,0.0,-99.0,0.0,14.9,23.2,5.3,
,17.1,58.5,59.2,73.2,40.3,83.4,0.0,-99.0,0.0,14.9,23.2,5.3,
,17.1,58.5,59.2,73.2,40.3,83.4,0.0,-99.0,0.0,14.9,23.2,5.3,
,17.1,58.5,59.2,73.2,40.3,83.4,0.0,-99.0,0.0,14.9,23.2,5.3,
,17.1,58.5,59.2,73.2,40.3,83.4,0.0,-99.0,0.0,14.9,23.2,5.3,
,17.1,58.5,59.2,73.2,40.3,83.4,0.0,-99.0,0.0,14.9,23.2,5.3,
,17.1,58.5,59.2,73.2,40.3,83.4,0.0,-99.0,0.0,14.9,23.2,5.3,
