year,jan,feb,mar,apr,may,jun,jul,aug,sep,oct,nov,dec,annual
,174.15,174.15,174.15,174.15,174.15,174.15,174.15,174.15,174.15,174.15,174.15,174.15,174.15
,174.15,174.15,174.15,174.15,174.15,174.15,174.15,174.15,174.15,174.15,174.15,174.15,
,174.15,174.15,174.15,174.15,174.15,174.15,174.15,174.15,174.15,174.15,174.15,174.15,
,174.15,174.15,174.15,174.15,174.15,174.15,174.15,174.15,174.15,174.15,174.15,174.15,
,174.15,174.15,174.15,174.15,174.15,174.15,174.15,174.15,174.15,174.15,174.15,174.15,
,174.15,174.15,174.15,174.15,174.15,174.15,174.15,174.15,174.15,174.15,174.15,174.15,
,174.15,174.15,174.15,174.15,174.15,174.15,174.15,174.15,174.15,174.15,174.15,174.15,
,174.15,174.15,174.15,174.15,174.15,174.15,174.15,174.15,174.15,174.15,174.15,174.15,
,174.15,174.15,174.15,174.15,174.15,174.15,174.15,174.15,174.15,174.15,174.15,174.15,
,174.15,174.15,174.15,174.15,174.15,174.15,174.15,174.15,174.15,174.15,174.15,174.15,
,174.15,174.15,174.15,174.15,174.15,174.15,174.15,174.15,174.15,174.15,174.15,174.15,
,174.15,174.15,174.15,174.15,174.15,174.15,174.15,174.15,174.15,174.15,174.15,174.15,
,174.15,174.15,174.15,174.15,174.15,174.15,174.15,174.15,174.15,174.15,174.15,174.15,174.15
,174.15,174.15,174.15,174.15,174.15,174.15,174.15,174.15,174.15,174.15,174.15,174.15,
,174.15,174.15,174.15,174.15,174.15,174.15,174.15,174.15,174.15,174.15,174.15,174.15,
,174.15,174.15,174.15,174.15,174.15,174.15,174.15,174.15,174.15,174.15,174.15,174.15,
,174.15,174.15,174.15,174.15,174.15,174.15,174.15,174.15,174.15,174.15,174.15,174.15,
,174.15,174.15,174.15,174.15,174.15,174.15,174.15,174.15,174.15,174.15,174.15,174.15,
,174.15,174.15,174.15,174.15,174.15,174.15,174.15,174.15,174.15,174.15,174.15,174.15,
,174.15,174.15,174.15,174.15,174.15,174.15,174.15,174.15,174.15,174.15,174.15,174.15,
,174.15,174.15,174.15,174.15,174.15,174.15,174.15,174.15,174.15,174.15,174.15,174.15,
,174.15,174.15,174.15,174.15,174.15,174.15,174.15,174.15,174.15,174.15,174.15,174.15,
,174.15,174.15,174.15,174.15,174.15,174.15,174.15,174.15,174.15,174.15,174.15,174.15,
,174.15,174.15,174.15,174.15,174.15,174.15,174.15,174.15,174.15,174.15,174.15,174.15,
,174.15,174.15,174.15,174.15,174.15,174.15,174.15,174.15,174.15,174.15,174.15,174.15,174.15
,174.15,174.15,174.15,174.15,174.15,174.15,174.15,174.15,174.15,174.15,174.15,174.15,
,174.15,174.15,174.15,174.15,174.15,174.15,174.15,174.15,174.15,174.15,174.15,174.15,
,174.15,174.15,174.15,174.15,174.15,174.15,174.15,174.15,174.15,174.15,174.15,174.15,
,174.15,174.15,174.15,174.15,174.15,174.15,174.15,174.15,174.15,174.15,174.15,174.15,
,174.15,174.15,174.15,174.15,174.15,174.15,174.15,174.15,174.15,174.15,174.15,174.15,
,174.15,174.15,174.15,174.15,174.15,174.15,174.15,174.15,174.15,174.15,174.15,174.15,
,174.15,174.15,174.15,174.15,174.15,174.15,174.15,174.15,174.15,174.15,174.15,174.15,
,174.15,174.15,174.15,174.15,174.15,174.15,174.15,174.15,174.15,174.15,174.15,174.15,
,174.15,174.15,174.15,174.15,174.15,174.15,174.15,174.15,174.15,174.15,174.15,174.15,
,174.15,174.15,174.15,174.15,174.15,174.15,174.15,174.15,174.15,174.15,174.15,174.15,
,174.15,174.15,174.15,174.15,174.15,174.15,174.15,174.15,174.15,174.15,174.15,174.15,
,174.15,174.15,174.15,174.15,174.15,174.15,174.15,174.15,174.15,174.15,174.15,174.15,174.15
,174.15,174.15,174.15,174.15,174.15,174.15,174.15,174.15,174.15,174.15,174.15,174.15,
,174.15,174.15,174.15,174.15,174.15,174.15,174.15,174.15,174.15,174.15,174.15,174.15,
,174.15,174.15,174.15,174.15,174.15,174.15,174.15,174.15,174.15,174.15,174.15,174.15,
,174.15,174.15,174.15,174.15,174.15,174.15,174.15,174.15,174.15,174.15,174.15,174.15,
,174.15,174.15,174.15,174.15,174.15,174.15,174.15,174.15,174.15,174.15,174.15,174.15,
,174.15,174.15,174.15,174.15,174.15,174.15,174.15,174.15,174.15,174.15,174.15,174.15,
,174.15,174.15,174.15,174.15,174.15,174.15,174.15,174.15,174.15,174.15,174.15,174.15,
,174.15,174.15,174.15,174.15,174.15,174.15,174.15,174.15,174.15,174.15,174.15,174.15,
,174.15,174.15,174.15,174.15,174.15,174.15,174.15,174.15,174.15,174.15,174.15,174.15,
,174.15,174.15,174.15,174.15,174.15,174.15,174.15,174.15,174.15,174.15,174.15,174.15,
,174.15,174.15,174.15,174.15,174.15,174.15,174.15,174.15,174.15,174.15,174.15,174.15,
,174.15,174.15,174.15,174.15,174.15,174.15,174.15,174.15,174.15,174.15,174.15,174.15,174.15
,174.15,174.15,174.15,174.15,174.15,174.15,174.15,174.15,174.15,174.15,174.15,174.15,
,174.15,174.15,174.15,174.15,174.15,174.15,174.15,174.15,174.15,174.15,174.15,174.15,
,174.15,174.15,174.15,174.15,174.15,174.15,174.15,174.15,174.15,174.15,174.15,174.15,
,174.15,174.15,174.15,174.15,174.15,174.15,174.15,174.15,174.15,174.15,174.15,174.15,
,174.15,174.15,174.15,174.15,174.15,174.15,174.15,174.15,174.15,174.15,174.15,174.15,
,174.15,174.15,174.15,174.15,174.15,174.15,174.15,174.15,174.15,174.15,174.15,174.15,
,174.15,174.15,174.15,174.15,174.15,174.15,174.15,174.15,174.15,174.15,174.15,174.15,
,174.15,174.15,174.15,174.15,174.15,174.15,174.15,174.15,174.15,174.15,174.15,174.15,
,174.15,174.15,174.15,174.15,174.15,174.15,174.15,174.15,174.15,174.15,174.15,174.15,
,174.15,174.15,174.15,174.15,174.15,174.15,174.15,174.15,174.15,174.15,174.15,174.15,
,174.15,174.15,174.15,174.15,174.15,174.15,174.15,174.15,174.15,174.15,174.15,174.15,
,174.15,174.15,174.15,174.15,174.15,174.15,174.15,174.15,174.15,174.15,174.15,174.15,174.15
,174.15,174.15,174.15,174.15,174.15,174.15,174.15,174.15,174.15,174.15,174.15,174.15,
,174.15,174.15,174.15,174.15,174.15,174.15,174.15,174.15,174.15,174.15,174.15,174.15,
,174.15,174.15,174.15,174.15,174.15,174.15,174.15,174.15,174.15,174.15,174.15,174.15,
,174.15,174.15,174.15,174.15,174.15,174.15,174.15,174.15,174.15,174.15,174.15,174.15,
,174.15,174.15,174.15,174.15,174.15,174.15,174.15,174.15,174.15,174.15,174.15,174.15,
,174.15,174.15,174.15,174.15,174.15,174.15,174.15,174.15,174.15,174.15,174.15,174.15,
,174.15,174.15,174.15,174.15,174.15,174.15,174.15,174.15,174.15,174.15,174.15,174.15,
,174.15,174.15,174.15,174.15,174.15,174.15,174.15,174.15,174.15,174.15,174.15,174.15,
,174.15,174.15,174.15,174.15,174.15,174.15,174.15,174.15,174.15,174.15,174.15,174.15,
,174.15,174.15,174.15,174.15,174.15,174.15,174.15,174.15,174.15,174.15,174.15,174.15,
,174.15,174.15,174.15,174.15,174.15,174.15,174.15,174.15,174.15,174.15,174.15,174.15,
,174.15,174.15,174.15,174.15,174.15,174.15,174.15,174.15,174.15,174.15,174.15,174.15,174.15
,174.15,174.15,174.15,174.15,174.15,174.15,174.15,174.15,174.15,174.15,174.15,174.15,
,174.15,174.15,174.15,174.15,174.15,174.15,174.15,174.15,174.15,174.15,174.15,174.15,
,174.15,174.15,174.15,174.15,174.15,174.15,174.15,174.15,174.15,174.15,174.15,174.15,
,174.15,174.15,174.15,174.15,174.15,174.15,174.15,174.15,174.15,174.15,174.15,174.15,
,174.15,174.15,174.15,174.15,174.15,174.15,174.15,174.15,174.15,174.15,174.15,174.15,
,174.15,174.15,174.15,174.15,174.15,174.15,174.15,174.15,174.15,174.15,174.15,174.15,
,174.15,174.15,174.15,174.15,174.15,174.15,174.15,174.15,174.15,174.15,174.15,174.15,
,174.15,174.15,174.15,174.15,174.15,174.15,174.15,174.15,174.15,174.15,174.15,174.15,
,174.15,174.15,174.15,174.15,174.15,174.15,174.15,174.15,174.15,174.15,174.15,174.15,
,174.15,174.15,174.15,174.15,174.15,174.15,174.15,174.15,174.15,174.15,174.15,174.15,
,174.15,174.15,174.15,174.15,174.15,174.15,174.15,174.15,174.15,174.15,174.15,174.15,
,174.15,174.15,174.15,174.15,174.15,174.15,174.15,174.15,174.15,174.15,174.15,174.15,174.15
,174.15,174.15,174.15,174.15,174.15,174.15,174.15,174.15,174.15,174.15,174.15,174.15,
,174.15,174.15,174.15,174.15,174.15,174.15,174.15,174.15,174.15,174.15,174.15,174.15,
,174.15,174.15,174.15,174.15,174.15,174.15,174.15,174.15,174.15,174.15,174.15,174.15,
,174.15,174.15,174.15,174.15,174.15,174.15,174.15,174.15,174.15,174.15,174.15,174.15,
,174.15,174.15,174.15,174.15,174.15,174.15,174.15,174.15,174.15,174.15,174.15,174.15,
,174.15,174.15,174.15,174.15,174.15,174.15,174.15,174.15,174.15,174.15,174.15,174.15,
,174.15,174.15,174.15,174.15,174.15,174.15,174.15,174.15,174.15,174.15,174.15,174.15,
,174.15,174.15,174.15,174.15,174.15,174.15,174.15,174.15,174.15,174.15,174.15,174.15,
,174.15,174.15,174.15,174.15,174.15,174.15,174.15,174.15,174.15,174.15,174.15,174.15,
,174.15,174.15,174.15,174.15,174.15,174.15,174.15,174.15,174.15,174.15,174.15,174.15,
,174.15,174.15,174.15,174.15,174.15,174.15,174.15,174.15,174.15,174.15,174.15,174.15,
,174.15,174.15,174.15,174.15,174.15,174.15,174.15,174.15,174.15,174.15,174.15,174.15,174.15
,174.15,174.15,174.15,174.15,174.15,174.15,174.15,174.15,174.15,174.15,174.15,174.15,
,174.15,174.15,174.15,174.15,174.15,174.15,174.15,174.15,174.15,174.15,174.15,174.15,
,174.15,174.15,174.15,174.15,174.15,174.15,174.15,174.15,174.15,174.15,174.15,174.15,
,174.15,174.15,174.15,174.15,174.15,174.15,174.15,174.15,174.15,174.15,174.15,174.15,
,174.15,174.15,174.15,174.15,174.15,174.15,174.15,174.15,174.15,174.15,174.15,174.15,
,174.15,174.15,174.15,174.15,174.15,174.15,174.15,174.15,174.15,174.15,174.15,174.15,
,174.15,174.15,174.15,174.15,174.15,174.15,174.15,174.15,174.15,174.15,174.15,174.15,
,174.15,174.15,174.15,174.15,174.15,174.15,174.15,174.15,174.15,174.15,174.15,174.15,
,174.15,174.15,174.15,174.15,174.15,174.15,174.15,174.15,174.15,174.15,174.15,174.15,
,174.15,174.15,174.15,174.15,174.15,174.15,174.15,174.15,174.15,174.15,174.15,174.15,
,174.15,174.15,174.15,174.15,174.15,174.15,174.15,174.15,174.15,174.15,174.15,174.15,
,174.15,174.15,174.15,174.15,174.15,174.15,174.15,174.15,174.15,174.15,174.15,174.15,174.15
,174.15,174.15,174.15,174.15,174.15,174.15,174.15,174.15,174.15,174.15,174.15,174.15,
,174.15,174.15,174.15,174.15,174.15,174.15,174.15,174.15,174.15,174.15,174.15,174.15,
,174.15,174.15,174.15,174.15,174.15,174.15,174.15,174.15,174.15,174.15,174.15,174.15,
,174.15,174.15,174.15,174.15,174.15,174.15,174.15,174.15,174.15,174.15,174.15,174.15,
,174.15,174.15,174.15,174.15,174.15,174.15,174.15,174.15,174.15,174.15,174.15,174.15,
,174.15,174.15,174.15,174.15,174.15,174.15,174.15,174.15,174.15,174.15,174.15,174.15,
,174.15,174.15,174.15,174.15,174.15,174.15,174.15,174.15,174.15,174.15,174.15,174.15,
,174.15,174.15,174.15,174.15,174.15,174.15,174.15,174.15,174.15,174.15,174.15,174.15,
,174.15,174.15,174.15,174.15,174.15,174.15,174.15,174.15,174.15,174.15,174.15,174.15,
,174.15,174.15,174.15,174.15,174.15,174.15,174.15,174.15,174.15,174.15,174.15,174.15,
,174.15,174.15,174.15,174.15,174.15,174.15,174.15,174.15,174.15,174.15,174.15,174.15,
,174.15,174.15,174.15,174.15,174.15,174.15,174.15,174.15,174.15,174.15,174.15,174.15,174.15
,174.15,174.15,174.15,174.15,174.15,174.15,174.15,174.15,174.15,174.15,174.15,174.15,
,174.15,174.15,174.15,174.15,174.15,174.15,174.15,174.15,174.15,174.15,174.15,174.15,
,174.15,174.15,174.15,174.15,174.15,174.15,174.15,174.15,174.15,174.15,174.15,174.15,
,174.15,174.15,174.15,174.15,174.15,174.15,174.15,174.15,174.15,174.15,174.15,174.15,
,174.15,174.15,174.15,174.15,174.15,174.15,174.15,174.15,174.15,174.15,174.15,174.15,
,174.15,174.15,174.15,174.15,174.15,174.15,174.15,174.15,174.15,174.15,174.15,174.15,
,174.15,174.15,174.15,174.15,174.15,174.15,174.15,174.15,174.15,174.15,174.15,174.15,
,174.15,174.15,174.15,174.15,174.15,174.15,174.15,174.15,174.15,174.15,174.15,174.15,
,174.15,174.15,174.15,174.15,174.15,174.15,174.15,174.15,174.15,174.15,174.15,174.15,
,174.15,174.15,174.15,174.15,174.15,174.15,174.15,174.15,174.15,174.15,174.15,174.15,
,174.15,174.15,174.15,174.15,174.15,174.15,174.15,174.15,174.15,174.15,174.15,174.15,
,174.15,174.15,174.15,174.15,174.15,174.15,174.15,174.15,174.15,174.15,174.15,174.15,174.15
,174.15,174.15,174.15,174.15,174.15,174.15,174.15,174.15,174.15,174.15,174.15,174.15,
,174.15,174.15,174.15,174.15,174.15,174.15,174.15,174.15,174.15,174.15,174.15,174.15,
,174.15,174.15,174.15,174.15,174.15,174.15,174.15,174.15,174.15,174.15,174.15,174.15,
,174.15,174.15,174.15,174.15,174.15,174.15,174.15,174.15,174.15,174.15,174.15,174.15,
,174.15,174.15,174.15,174.15,174.15,174.15,174.15,174.15,174.15,174.15,174.15,174.15,
,174.15,174.15,174.15,174.15,174.15,174.15,174.15,174.15,174.15,174.15,174.15,174.15,
,174.15,174.15,174.15,174.15,174.15,174.15,174.15,174.15,174.15,174.15,174.15,174.15,
,174.15,174.15,174.15,174.15,174.15,174.15,174.15,174.15,174.15,174.15,174.15,174.15,
,174.15,174.15,174.15,174.15,174.15,174.15,174.15,174.15,174.15,174.15,174.15,174.15,
,174.15,174.15,174.15,174.15,174.15,174.15,174.15,174.15,174.15,174.15,174.15,174.15,
,174.15,174.15,174.15,174.15,174.15,174.15,174.15,174.15,174.15,174.15,174.15,174.15,
,174.15,174.15,174.15,290.95,290.15,289.95,287.95,174.15,290.25,290.05,289.85,293.15,174.15
,174.15,174.15,174.15,290.95,290.15,289.95,287.95,174.15,290.25,290.05,289.85,293.15,
,174.15,174.15,174.15,290.95,290.15,289.95,287.95,174.15,290.25,290.05,289.85,293.15,
,174.15,174.15,174.15,290.95,290.15,289.95,287.95,174.15,290.25,290.05,289.85,293.15,
,174.15,174.15,174.15,290.95,290.15,289.95,287.95,174.15,290.25,290.05,289.85,293.15,
,174.15,174.15,174.15,290.95,290.15,289.95,287.95,174.15,290.25,290.05,289.85,293.15,
,174.15,174.15,174.15,290.95,290.15,289.95,287.95,174.15,290.25,290.05,289.85,293.15,
,174.15,174.15,174.15,290.95,290.15,289.95,287.95,174.15,290.25,290.05,289.85,293.15,
,174.15,174.15,174.15,290.95,290.15,289.95,287.95,174.15,290.25,290.05,289.85,293.15,
,174.15,174.15,174.15,290.95,290.15,289.95,287.95,174.15,290.25,290.05,289.85,293.15,
,174.15,174.15,174.15,290.95,290.15,289.95,287.95,174.15,290.25,290.05,289.85,293.15,
,174.15,174.15,174.15,290.95,290.15,289.95,287.95,174.15,290.25,290.05,289.85,293.15,
,292.35,292.05,291.95,291.95,287.35,287.35,288.35,286.65,288.85,289.35,290.75,289.35,286.65
,292.35,292.05,291.95,291.95,287.35,287.35,288.35,286.65,288.85,289.35,290.75,289.35,
,292.35,292.05,291.95,291.95,287.35,287.35,288.35,286.65,288.85,289.35,290.75,289.35,
,292.35,292.05,291.95,291.95,287.35,287.35,288.35,286.65,288.85,289.35,290.75,289.35,
,292.35,292.05,291.95,291.95,287.35,287.35,288.35,286.65,288.85,289.35,290.75,289.35,
,292.35,292.05,291.95,291.95,287.35,287.35,288.35,286.65,288.85,289.35,290.75,289.35,
,292.35,292.05,291.95,291.95,287.35,287.35,288.35,286.65,288.85,289.35,290.75,289.35,
,292.35,292.05,291.95,291.95,287.35,287.35,288.35,286.65,288.85,289.35,290.75,289.35,
,292.35,292.05,291.95,291.95,287.35,287.35,288.35,286.65,288.85,289.35,290.75,289.35,
,292.35,292.05,291.95,291.95,287.35,287.35,288.35,286.65,288.85,289.35,290.75,289.35,
,292.35,292.05,291.95,291.95,287.35,287.35,288.35,286.65,288.85,289.35,290.75,289.35,
,292.35,292.05,291.95,291.95,287.35,287.35,288.35,286.65,288.85,289.35,290.75,289.35,
,291.45,291.15,174.15,174.15,291.05,289.85,287.55,286.15,287.95,288.75,290.35,291.75,174.15
,291.45,291.15,174.15,174.15,291.05,289.85,287.55,286.15,287.95,288.75,290.35,291.75,
,291.45,291.15,174.15,174.15,291.05,289.85,287.55,286.15,287.95,288.75,290.35,291.75,
,291.45,291.15,174.15,174.15,291.05,289.85,287.55,286.15,287.95,288.75,290.35,291.75,
,291.45,291.15,174.15,174.15,291.05,289.85,287.55,286.15,287.95,288.75,290.35,291.75,
,291.45,291.15,174.15,174.15,291.05,289.85,287.55,286.15,287.95,288.75,290.35,291.75,
,291.45,291.15,174.15,174.15,291.05,289.85,287.55,286.15,287.95,288.75,290.35,291.75,
,291.45,291.15,174.15,174.15,291.05,289.85,287.55,286.15,287.95,288.75,290.35,291.75,
,291.45,291.15,174.15,174.15,291.05,289.85,287.55,286.15,287.95,288.75,290.35,291.75,
,291.45,291.15,174.15,174.15,291.05,289.85,287.55,286.15,287.95,288.75,290.35,291.75,
,291.45,291.15,174.15,174.15,291.05,289.85,287.55,286.15,287.95,288.75,290.35,291.75,
,291.45,291.15,174.15,174.15,291.05,289.85,287.55,286.15,287.95,288.75,290.35,291.75,
,289.95,291.35,174.15,174.15,174.15,174.15,174.15,174.15,287.95,174.15,174.15,174.15,174.15
,289.95,291.35,174.15,174.15,174.15,174.15,174.15,174.15,287.95,174.15,174.15,174.15,
,289.95,291.35,174.15,174.15,174.15,174.15,174.15,174.15,287.95,174.15,174.15,174.15,
,289.95,291.35,174.15,174.15,174.15,174.15,174.15,174.15,287.95,174.15,174.15,174.15,
,289.95,291.35,174.15,174.15,174.15,174.15,174.15,174.15,287.95,174.15,174.15,174.15,
,289.95,291.35,174.15,174.15,174.15,174.15,174.15,174.15,287.95,174.15,174.15,174.15,
,289.95,291.35,174.15,174.15,174.15,174.15,174.15,174.15,287.95,174.15,174.15,174.15,
,289.95,291.35,174.15,174.15,174.15,174.15,174.15,174.15,287.95,174.15,174.15,174.15,
,289.95,291.35,174.15,174.15,174.15,174.15,174.15,174.15,287.95,174.15,174.15,174.15,
,289.95,291.35,174.15,174.15,174.15,174.15,174.15,174.15,287.95,174.15,174.15,174.15,
,289.95,291.35,174.15,174.15,174.15,174.15,174.15,174.15,287.95,174.15,174.15,174.15,
,289.95,291.35,174.15,174.15,174.15,174.15,174.15,174.15,287.95,174.15,174.15,174.15,
,292.15,291.35,291.55,291.65,290.35,288.25,287.35,286.15,288.85,290.05,290.75,290.95,286.15
,292.15,291.35,291.55,291.65,290.35,288.25,287.35,286.15,288.85,290.05,290.75,290.95,
,292.15,291.35,291.55,291.65,290.35,288.25,287.35,286.15,288.85,290.05,290.75,290.95,
,292.15,291.35,291.55,291.65,290.35,288.25,287.35,286.15,288.85,290.05,290.75,290.95,
,292.15,291.35,291.55,291.65,290.35,288.25,287.35,286.15,288.85,290.05,290.75,290.95,
,292.15,291.35,291.55,291.65,290.35,288.25,287.35,286.15,288.85,290.05,290.75,290.95,
,292.15,291.35,291.55,291.65,290.35,288.25,287.35,286.15,288.85,290.05,290.75,290.95,
,292.15,291.35,291.55,291.65,290.35,288.25,287.35,286.15,288.85,290.05,290.75,290.95,
,292.15,291.35,291.55,291.65,290.35,288.25,287.35,286.15,288.85,290.05,290.75,290.95,
,292.15,291.35,291.55,291.65,290.35,288.25,287.35,286.15,288.85,290.05,290.75,290.95,
,292.15,291.35,291.55,291.65,290.35,288.25,287.35,286.15,288.85,290.05,290.75,290.95,
,292.15,291.35,291.55,291.65,290.35,288.25,287.35,286.15,288.85,290.05,290.75,290.95,
,291.25,291.85,291.15,290.65,288.75,288.35,174.15,286.45,287.85,289.95,289.95,292.65,174.15
,291.25,291.85,291.15,290.65,288.75,288.35,174.15,286.45,287.85,289.95,289.95,292.65,
,291.25,291.85,291.15,290.65,288.75,288.35,174.15,286.45,287.85,289.95,289.95,292.65,
,291.25,291.85,291.15,290.65,288.75,288.35,174.15,286.45,287.85,289.95,289.95,292.65,
,291.25,291.85,291.15,290.65,288.75,288.35,174.15,286.45,287.85,289.95,289.95,292.65,
,291.25,291.85,291.15,290.65,288.75,288.35,174.15,286.45,287.85,289.95,289.95,292.65,
,291.25,291.85,291.15,290.65,288.75,288.35,174.15,286.45,287.85,289.95,289.95,292.65,
,291.25,291.85,291.15,290.65,288.75,288.35,174.15,286.45,287.85,289.95,289.95,292.65,
,291.25,291.85,291.15,290.65,288.75,288.35,174.15,286.45,287.85,289.95,289.95,292.65,
,291.25,291.85,291.15,290.65,288.75,288.35,174.15,286.45,287.85,289.95,289.95,292.65,
,291.25,291.85,291.15,290.65,288.75,288.35,174.15,286.45,287.85,289.95,289.95,292.65,
,291.25,291.85,291.15,290.65,288.75,288.35,174.15,286.45,287.85,289.95,289.95,292.65,
,174.15,174.15,174.15,174.15,174.15,174.15,288.15,288.65,174.15,290.65,291.75,174.15,174.15
,174.15,174.15,174.15,174.15,174.15,174.15,288.15,288.65,174.15,290.65,291.75,174.15,
,174.15,174.15,174.15,174.15,174.15,174.15,288.15,288.65,174.15,290.65,291.75,174.15,
,174.15,174.15,174.15,174.15,174.15,174.15,288.15,288.65,174.15,290.65,291.75,174.15,
,174.15,174.15,174.15,174.15,174.15,174.15,288.15,288.65,174.15,290.65,291.75,174.15,
,174.15,174.15,174.15,174.15,174.15,174.15,288.15,288.65,174.15,290.65,291.75,174.15,
,174.15,174.15,174.15,174.15,174.15,174.15,288.15,288.65,174.15,290.65,291.75,174.15,
,174.15,174.15,174.15,174.15,174.15,174.15,288.15,288.65,174.15,290.65,291.75,174.15,
,174.15,174.15,174.15,174.15,174.15,174.15,288.15,288.65,174.15,290.65,291.75,174.15,
,174.15,174.15,174.15,174.15,174.15,174.15,288.15,288.65,174.15,290.65,291.75,174.15,
,174.15,174.15,174.15,174.15,174.15,174.15,288.15,288.65,174.15,290.65,291.75,174.15,
,174.15,174.15,174.15,174.15,174.15,174.15,288.15,288.65,174.15,290.65,291.75,174.15,
,291.55,292.75,291.15,290.35,290.05,289.65,288.75,289.35,289.55,290.15,290.05,290.25,288.75
,291.55,292.75,291.15,290.35,290.05,289.65,288.75,289.35,289.55,290.15,290.05,290.25,
,291.55,292.75,291.15,290.35,290.05,289.65,288.75,289.35,289.55,290.15,290.05,290.25,
,291.55,292.75,291.15,290.35,290.05,289.65,288.75,289.35,289.55,290.15,290.05,290.25,
,291.55,292.75,291.15,290.35,290.05,289.65,288.75,289.35,289.55,290.15,290.05,290.25,
,291.55,292.75,291.15,290.35,290.05,289.65,288.75,289.35,289.55,290.15,290.05,290.25,
,291.55,292.75,291.15,290.35,290.05,289.65,288.75,289.35,289.55,290.15,290.05,290.25,
,291.55,292.75,291.15,290.35,290.05,289.65,288.75,289.35,289.55,290.15,290.05,290.25,
,291.55,292.75,291.15,290.35,290.05,289.65,288.75,289.35,289.55,290.15,290.05,290.25,
,291.55,292.75,291.15,290.35,290.05,289.65,288.75,289.35,289.55,290.15,290.05,290.25,
,291.55,292.75,291.15,290.35,290.05,289.65,288.75,289.35,289.55,290.15,290.05,290.25,
,291.55,292.75,291.15,290.35,290.05,289.65,288.75,289.35,289.55,290.15,290.05,290.25,
,291.75,291.15,289.95,289.75,289.95,287.55,288.35,286.55,289.45,289.95,293.25,292.65,286.55
,291.75,291.15,289.95,289.75,289.95,287.55,288.35,286.55,289.45,289.95,293.25,292.65,
,291.75,291.15,289.95,289.75,289.95,287.55,288.35,286.55,289.45,289.95,293.25,292.65,
,291.75,291.15,289.95,289.75,289.95,287.55,288.35,286.55,289.45,289.95,293.25,292.65,
,291.75,291.15,289.95,289.75,289.95,287.55,288.35,286.55,289.45,289.95,293.25,292.65,
,291.75,291.15,289.95,289.75,289.95,287.55,288.35,286.55,289.45,289.95,293.25,292.65,
,291.75,291.15,289.95,289.75,289.95,287.55,288.35,286.55,289.45,289.95,293.25,292.65,
,291.75,291.15,289.95,289.75,289.95,287.55,288.35,286.55,289.45,289.95,293.25,292.65,
,291.75,291.15,289.95,289.75,289.95,287.55,288.35,286.55,289.45,289.95,293.25,292.65,
,291.75,291.15,289.95,289.75,289.95,287.55,288.35,286.55,289.45,289.95,293.25,292.65,
,291.75,291.15,289.95,289.75,289.95,287.55,288.35,286.55,289.45,289.95,293.25,292.65,
,291.75,291.15,289.95,289.75,289.95,287.55,288.35,286.55,289.45,289.95,293.25,292.65,
,293.15,293.05,292.75,291.55,289.95,288.95,287.75,289.15,291.45,291.15,293.35,291.15,287.75
,293.15,293.05,292.75,291.55,289.95,288.95,287.75,289.15,291.45,291.15,293.35,291.15,
,293.15,293.05,292.75,291.55,289.95,288.95,287.75,289.15,291.45,291.15,293.35,291.15,
,293.15,293.05,292.75,291.55,289.95,288.95,287.75,289.15,291.45,291.15,293.35,291.15,
,293.15,293.05,292.75,291.55,289.95,288.95,287.75,289.15,291.45,291.15,293.35,291.15,
,293.15,293.05,292.75,291.55,289.95,288.95,287.75,289.15,291.45,291.15,293.35,291.15,
,293.15,293.05,292.75,291.55,289.95,288.95,287.75,289.15,291.45,291.15,293.35,291.15,
,293.15,293.05,292.75,291.55,289.95,288.95,287.75,289.15,291.45,291.15,293.35,291.15,
,293.15,293.05,292.75,291.55,289.95,288.95,287.75,289.15,291.45,291.15,293.35,291.15,
,293.15,293.05,292.75,291.55,289.95,288.95,287.75,289.15,291.45,291.15,293.35,291.15,
,293.15,293.05,292.75,291.55,289.95,288.95,287.75,289.15,291.45,291.15,293.35,291.15,
,293.15,293.05,292.75,291.55,289.95,288.95,287.75,289.15,291.45,291.15,293.35,291.15,
,291.05,292.75,293.25,287.75,289.95,288.15,174.15,289.05,290.65,291.95,289.95,288.95,174.15
,291.05,292.75,293.25,287.75,289.95,288.15,174.15,289.05,290.65,291.95,289.95,288.95,
,291.05,292.75,293.25,287.75,289.95,288.15,174.15,289.05,290.65,291.95,289.95,288.95,
,291.05,292.75,293.25,287.75,289.95,288.15,174.15,289.05,290.65,291.95,289.95,288.95,
,291.05,292.75,293.25,287.75,289.95,288.15,174.15,289.05,290.65,291.95,289.95,288.95,
,291.05,292.75,293.25,287.75,289.95,288.15,174.15,289.05,290.65,291.95,289.95,288.95,
,291.05,292.75,293.25,287.75,289.95,288.15,174.15,289.05,290.65,291.95,289.95,288.95,
,291.05,292.75,293.25,287.75,289.95,288.15,174.15,289.05,290.65,291.95,289.95,288.95,
,291.05,292.75,293.25,287.75,289.95,288.15,174.15,289.05,290.65,291.95,289.95,288.95,
,291.05,292.75,293.25,287.75,289.95,288.15,174.15,289.05,290.65,291.95,289.95,288.95,
,291.05,292.75,293.25,287.75,289.95,288.15,174.15,289.05,290.65,291.95,289.95,288.95,
,291.05,292.75,293.25,287.75,289.95,288.15,174.15,289.05,290.65,291.95,289.95,288.95,
,292.75,292.55,293.35,292.55,286.85,287.15,288.95,288.55,288.75,292.05,292.35,292.15,286.85
,292.75,292.55,293.35,292.55,286.85,287.15,288.95,288.55,288.75,292.05,292.35,292.15,
,292.75,292.55,293.35,292.55,286.85,287.15,288.95,288.55,288.75,292.05,292.35,292.15,
,292.75,292.55,293.35,292.55,286.85,287.15,288.95,288.55,288.75,292.05,292.35,292.15,
,292.75,292.55,293.35,292.55,286.85,287.15,288.95,288.55,288.75,292.05,292.35,292.15,
,292.75,292.55,293.35,292.55,286.85,287.15,288.95,288.55,288.75,292.05,292.35,292.15,
,292.75,292.55,293.35,292.55,286.85,287.15,288.95,288.55,288.75,292.05,292.35,292.15,
,292.75,292.55,293.35,292.55,286.85,287.15,288.95,288.55,288.75,292.05,292.35,292.15,
,292.75,292.55,293.35,292.55,286.85,287.15,288.95,288.55,288.75,292.05,292.35,292.15,
,292.75,292.55,293.35,292.55,286.85,287.15,288.95,288.55,288.75,292.05,292.35,292.15,
,292.75,292.55,293.35,292.55,286.85,287.15,288.95,288.55,288.75,292.05,292.35,292.15,
,292.75,292.55,293.35,292.55,286.85,287.15,288.95,288.55,288.75,292.05,292.35,292.15,
,293.15,292.55,293.25,291.55,290.05,289.95,288.65,174.15,174.15,174.15,291.25,292.25,174.15
,293.15,292.55,293.25,291.55,290.05,289.95,288.65,174.15,174.15,174.15,291.25,292.25,
,293.15,292.55,293.25,291.55,290.05,289.95,288.65,174.15,174.15,174.15,291.25,292.25,
,293.15,292.55,293.25,291.55,290.05,289.95,288.65,174.15,174.15,174.15,291.25,292.25,
,293.15,292.55,293.25,291.55,290.05,289.95,288.65,174.15,174.15,174.15,291.25,292.25,
,293.15,292.55,293.25,291.55,290.05,289.95,288.65,174.15,174.15,174.15,291.25,292.25,
,293.15,292.55,293.25,291.55,290.05,289.95,288.65,174.15,174.15,174.15,291.25,292.25,
,293.15,292.55,293.25,291.55,290.05,289.95,288.65,174.15,174.15,174.15,291.25,292.25,
,293.15,292.55,293.25,291.55,290.05,289.95,288.65,174.15,174.15,174.15,291.25,292.25,
,293.15,292.55,293.25,291.55,290.05,289.95,288.65,174.15,174.15,174.15,291.25,292.25,
,293.15,292.55,293.25,291.55,290.05,289.95,288.65,174.15,174.15,174.15,291.25,292.25,
,293.15,292.55,293.25,291.55,290.05,289.95,288.65,174.15,174.15,174.15,291.25,292.25,
,291.55,293.25,292.85,292.65,291.75,289.95,174.15,287.05,290.45,291.05,291.75,290.65,174.15
,291.55,293.25,292.85,292.65,291.75,289.95,174.15,287.05,290.45,291.05,291.75,290.65,
,291.55,293.25,292.85,292.65,291.75,289.95,174.15,287.05,290.45,291.05,291.75,290.65,
,291.55,293.25,292.85,292.65,291.75,289.95,174.15,287.05,290.45,291.05,291.75,290.65,
,291.55,293.25,292.85,292.65,291.75,289.95,174.15,287.05,290.45,291.05,291.75,290.65,
,291.55,293.25,292.85,292.65,291.75,289.95,174.15,287.05,290.45,291.05,291.75,290.65,
,291.55,293.25,292.85,292.65,291.75,289.95,174.15,287.05,290.45,291.05,291.75,290.65,
,291.55,293.25,292.85,292.65,291.75,289.95,174.15,287.05,290.45,291.05,291.75,290.65,
,291.55,293.25,292.85,292.65,291.75,289.95,174.15,287.05,290.45,291.05,291.75,290.65,
,291.55,293.25,292.85,292.65,291.75,289.95,174.15,287.05,290.45,291.05,291.75,290.65,
,291.55,293.25,292.85,292.65,291.75,289.95,174.15,287.05,290.45,291.05,291.75,290.65,
,291.55,293.25,292.85,292.65,291.75,289.95,174.15,287.05,290.45,291.05,291.75,290.65,
,174.15,291.75,291.95,291.75,174.15,289.85,289.35,288.35,289.35,290.45,292.15,292.55,174.15
,174.15,291.75,291.95,291.75,174.15,289.85,289.35,288.35,289.35,290.45,292.15,292.55,
,174.15,291.75,291.95,291.75,174.15,289.85,289.35,288.35,289.35,290.45,292.15,292.55,
,174.15,291.75,291.95,291.75,174.15,289.85,289.35,288.35,289.35,290.45,292.15,292.55,
,174.15,291.75,291.95,291.75,174.15,289.85,289.35,288.35,289.35,290.45,292.15,292.55,
,174.15,291.75,291.95,291.75,174.15,289.85,289.35,288.35,289.35,290.45,292.15,292.55,
,174.15,291.75,291.95,291.75,174.15,289.85,289.35,288.35,289.35,290.45,292.15,292.55,
,174.15,291.75,291.95,291.75,174.15,289.85,289.35,288.35,289.35,290.45,292.15,292.55,
,174.15,291.75,291.95,291.75,174.15,289.85,289.35,288.35,289.35,290.45,292.15,292.55,
,174.15,291.75,291.95,291.75,174.15,289.85,289.35,288.35,289.35,290.45,292.15,292.55,
,174.15,291.75,291.95,291.75,174.15,289.85,289.35,288.35,289.35,290.45,292.15,292.55,
,174.15,291.75,291.95,291.75,174.15,289.85,289.35,288.35,289.35,290.45,292.15,292.55,
,293.35,291.95,292.15,292.65,174.15,289.15,290.45,289.55,290.95,291.25,292.25,292.05,174.15
,293.35,291.95,292.15,292.65,174.15,289.15,290.45,289.55,290.95,291.25,292.25,292.05,
,293.35,291.95,292.15,292.65,174.15,289.15,290.45,289.55,290.95,291.25,292.25,292.05,
,293.35,291.95,292.15,292.65,174.15,289.15,290.45,289.55,290.95,291.25,292.25,292.05,
,293.35,291.95,292.15,292.65,174.15,289.15,290.45,289.55,290.95,291.25,292.25,292.05,
,293.35,291.95,292.15,292.65,174.15,289.15,290.45,289.55,290.95,291.25,292.25,292.05,
,293.35,291.95,292.15,292.65,174.15,289.15,290.45,289.55,290.95,291.25,292.25,292.05,
,293.35,291.95,292.15,292.65,174.15,289.15,290.45,289.55,290.95,291.25,292.25,292.05,
,293.35,291.95,292.15,292.65,174.15,289.15,290.45,289.55,290.95,291.25,292.25,292.05,
,293.35,291.95,292.15,292.65,174.15,289.15,290.45,289.55,290.95,291.25,292.25,292.05,
,293.35,291.95,292.15,292.65,174.15,289.15,290.45,289.55,290.95,291.25,292.25,292.05,
,293.35,291.95,292.15,292.65,174.15,289.15,290.45,289.55,290.95,291.25,292.25,292.05,
,291.75,291.85,291.85,292.15,289.65,289.15,285.85,288.25,287.65,291.55,292.75,292.75,285.85
,291.75,291.85,291.85,292.15,289.65,289.15,285.85,288.25,287.65,291.55,292.75,292.75,
,291.75,291.85,291.85,292.15,289.65,289.15,285.85,288.25,287.65,291.55,292.75,292.75,
,291.75,291.85,291.85,292.15,289.65,289.15,285.85,288.25,287.65,291.55,292.75,292.75,
,291.75,291.85,291.85,292.15,289.65,289.15,285.85,288.25,287.65,291.55,292.75,292.75,
,291.75,291.85,291.85,292.15,289.65,289.15,285.85,288.25,287.65,291.55,292.75,292.75,
,291.75,291.85,291.85,292.15,289.65,289.15,285.85,288.25,287.65,291.55,292.75,292.75,
,291.75,291.85,291.85,292.15,289.65,289.15,285.85,288.25,287.65,291.55,292.75,292.75,
,291.75,291.85,291.85,292.15,289.65,289.15,285.85,288.25,287.65,291.55,292.75,292.75,
,291.75,291.85,291.85,292.15,289.65,289.15,285.85,288.25,287.65,291.55,292.75,292.75,
,291.75,291.85,291.85,292.15,289.65,289.15,285.85,288.25,287.65,291.55,292.75,292.75,
,291.75,291.85,291.85,292.15,289.65,289.15,285.85,288.25,287.65,291.55,292.75,292.75,
,174.15,292.45,291.05,292.05,289.65,289.45,288.85,290.45,291.55,293.15,174.15,292.45,174.15
,174.15,292.45,291.05,292.05,289.65,289.45,288.85,290.45,291.55,293.15,174.15,292.45,
,174.15,292.45,291.05,292.05,289.65,289.45,288.85,290.45,291.55,293.15,174.15,292.45,
,174.15,292.45,291.05,292.05,289.65,289.45,288.85,290.45,291.55,293.15,174.15,292.45,
,174.15,292.45,291.05,292.05,289.65,289.45,288.85,290.45,291.55,293.15,174.15,292.45,
,174.15,292.45,291.05,292.05,289.65,289.45,288.85,290.45,291.55,293.15,174.15,292.45,
,174.15,292.45,291.05,292.05,289.65,289.45,288.85,290.45,291.55,293.15,174.15,292.45,
,174.15,292.45,291.05,292.05,289.65,289.45,288.85,290.45,291.55,293.15,174.15,292.45,
,174.15,292.45,291.05,292.05,289.65,289.45,288.85,290.45,291.55,293.15,174.15,292.45,
,174.15,292.45,291.05,292.05,289.65,289.45,288.85,290.45,291.55,293.15,174.15,292.45,
,174.15,292.45,291.05,292.05,289.65,289.45,288.85,290.45,291.55,293.15,174.15,292.45,
,174.15,292.45,291.05,292.05,289.65,289.45,288.85,290.45,291.55,293.15,174.15,292.45,
,293.55,291.95,292.85,293.85,291.85,291.25,290.35,288.75,289.95,290.25,291.75,293.15,288.75
,293.55,291.95,292.85,293.85,291.85,291.25,290.35,288.75,289.95,290.25,291.75,293.15,
,293.55,291.95,292.85,293.85,291.85,291.25,290.35,288.75,289.95,290.25,291.75,293.15,
,293.55,291.95,292.85,293.85,291.85,291.25,290.35,288.75,289.95,290.25,291.75,293.15,
,293.55,291.95,292.85,293.85,291.85,291.25,290.35,288.75,289.95,290.25,291.75,293.15,
,293.55,291.95,292.85,293.85,291.85,291.25,290.35,288.75,289.95,290.25,291.75,293.15,
,293.55,291.95,292.85,293.85,291.85,291.25,290.35,288.75,289.95,290.25,291.75,293.15,
,293.55,291.95,292.85,293.85,291.85,291.25,290.35,288.75,289.95,290.25,291.75,293.15,
,293.55,291.95,292.85,293.85,291.85,291.25,290.35,288.75,289.95,290.25,291.75,293.15,
,293.55,291.95,292.85,293.85,291.85,291.25,290.35,288.75,289.95,290.25,291.75,293.15,
,293.55,291.95,292.85,293.85,291.85,291.25,290.35,288.75,289.95,290.25,291.75,293.15,
,293.55,291.95,292.85,293.85,291.85,291.25,290.35,288.75,289.95,290.25,291.75,293.15,
,293.45,292.85,292.95,290.95,289.95,290.95,289.85,289.05,291.05,289.35,292.25,293.95,289.05
,293.45,292.85,292.95,290.95,289.95,290.95,289.85,289.05,291.05,289.35,292.25,293.95,
,293.45,292.85,292.95,290.95,289.95,290.95,289.85,289.05,291.05,289.35,292.25,293.95,
,293.45,292.85,292.95,290.95,289.95,290.95,289.85,289.05,291.05,289.35,292.25,293.95,
,293.45,292.85,292.95,290.95,289.95,290.95,289.85,289.05,291.05,289.35,292.25,293.95,
,293.45,292.85,292.95,290.95,289.95,290.95,289.85,289.05,291.05,289.35,292.25,293.95,
,293.45,292.85,292.95,290.95,289.95,290.95,289.85,289.05,291.05,289.35,292.25,293.95,
,293.45,292.85,292.95,290.95,289.95,290.95,289.85,289.05,291.05,289.35,292.25,293.95,
,293.45,292.85,292.95,290.95,289.95,290.95,289.85,289.05,291.05,289.35,292.25,293.95,
,293.45,292.85,292.95,290.95,289.95,290.95,289.85,289.05,291.05,289.35,292.25,293.95,
,293.45,292.85,292.95,290.95,289.95,290.95,289.85,289.05,291.05,289.35,292.25,293.95,
,293.45,292.85,292.95,290.95,289.95,290.95,289.85,289.05,291.05,289.35,292.25,293.95,
,293.55,292.95,293.55,293.05,291.75,289.05,290.65,290.75,291.05,294.35,293.55,292.75,289.05
,293.55,292.95,293.55,293.05,291.75,289.05,290.65,290.75,291.05,294.35,293.55,292.75,
,293.55,292.95,293.55,293.05,291.75,289.05,290.65,290.75,291.05,294.35,293.55,292.75,
,293.55,292.95,293.55,293.05,291.75,289.05,290.65,290.75,291.05,294.35,293.55,292.75,
,293.55,292.95,293.55,293.05,291.75,289.05,290.65,290.75,291.05,294.35,293.55,292.75,
,293.55,292.95,293.55,293.05,291.75,289.05,290.65,290.75,291.05,294.35,293.55,292.75,
,293.55,292.95,293.55,293.05,291.75,289.05,290.65,290.75,291.05,294.35,293.55,292.75,
,293.55,292.95,293.55,293.05,291.75,289.05,290.65,290.75,291.05,294.35,293.55,292.75,
,293.55,292.95,293.55,293.05,291.75,289.05,290.65,290.75,291.05,294.35,293.55,292.75,
,293.55,292.95,293.55,293.05,291.75,289.05,290.65,290.75,291.05,294.35,293.55,292.75,
,293.55,292.95,293.55,293.05,291.75,289.05,290.65,290.75,291.05,294.35,293.55,292.75,
,293.55,292.95,293.55,293.05,291.75,289.05,290.65,290.75,291.05,294.35,293.55,292.75,
,292.95,293.35,293.15,293.05,290.15,174.15,290.35,289.75,291.15,292.05,174.15,174.15,174.15
,292.95,293.35,293.15,293.05,290.15,174.15,290.35,289.75,291.15,292.05,174.15,174.15,
,292.95,293.35,293.15,293.05,290.15,174.15,290.35,289.75,291.15,292.05,174.15,174.15,
,292.95,293.35,293.15,293.05,290.15,174.15,290.35,289.75,291.15,292.05,174.15,174.15,
,292.95,293.35,293.15,293.05,290.15,174.15,290.35,289.75,291.15,292.05,174.15,174.15,
,292.95,293.35,293.15,293.05,290.15,174.15,290.35,289.75,291.15,292.05,174.15,174.15,
,292.95,293.35,293.15,293.05,290.15,174.15,290.35,289.75,291.15,292.05,174.15,174.15,
,292.95,293.35,293.15,293.05,290.15,174.15,290.35,289.75,291.15,292.05,174.15,174.15,
,292.95,293.35,293.15,293.05,290.15,174.15,290.35,289.75,291.15,292.05,174.15,174.15,
,292.95,293.35,293.15,293.05,290.15,174.15,290.35,289.75,291.15,292.05,174.15,174.15,
,292.95,293.35,293.15,293.05,290.15,174.15,290.35,289.75,291.15,292.05,174.15,174.15,
,292.95,293.35,293.15,293.05,290.15,174.15,290.35,289.75,291.15,292.05,174.15,174.15,
,291.85,293.35,293.55,293.15,289.65,290.85,291.45,290.45,290.65,290.75,292.65,293.15,289.65
,291.85,293.35,293.55,293.15,289.65,290.85,291.45,290.45,290.65,290.75,292.65,293.15,
,291.85,293.35,293.55,293.15,289.65,290.85,291.45,290.45,290.65,290.75,292.65,293.15,
,291.85,293.35,293.55,293.15,289.65,290.85,291.45,290.45,290.65,290.75,292.65,293.15,
,291.85,293.35,293.55,293.15,289.65,290.85,291.45,290.45,290.65,290.75,292.65,293.15,
,291.85,293.35,293.55,293.15,289.65,290.85,291.45,290.45,290.65,290.75,292.65,293.15,
,291.85,293.35,293.55,293.15,289.65,290.85,291.45,290.45,290.65,290.75,292.65,293.15,
,291.85,293.35,293.55,293.15,289.65,290.85,291.45,290.45,290.65,290.75,292.65,293.15,
,291.85,293.35,293.55,293.15,289.65,290.85,291.45,290.45,290.65,290.75,292.65,293.15,
,291.85,293.35,293.55,293.15,289.65,290.85,291.45,290.45,290.65,290.75,292.65,293.15,
,291.85,293.35,293.55,293.15,289.65,290.85,291.45,290.45,290.65,290.75,292.65,293.15,
,291.85,293.35,293.55,293.15,289.65,290.85,291.45,290.45,290.65,290.75,292.65,293.15,
,292.75,174.15,293.45,293.65,290.85,287.65,288.85,289.25,290.35,293.05,293.05,292.25,174.15
,292.75,174.15,293.45,293.65,290.85,287.65,288.85,289.25,290.35,293.05,293.05,292.25,
,292.75,174.15,293.45,293.65,290.85,287.65,288.85,289.25,290.35,293.05,293.05,292.25,
,292.75,174.15,293.45,293.65,290.85,287.65,288.85,289.25,290.35,293.05,293.05,292.25,
,292.75,174.15,293.45,293.65,290.85,287.65,288.85,289.25,290.35,293.05,293.05,292.25,
,292.75,174.15,293.45,293.65,290.85,287.65,288.85,289.25,290.35,293.05,293.05,292.25,
,292.75,174.15,293.45,293.65,290.85,287.65,288.85,289.25,290.35,293.05,293.05,292.25,
,292.75,174.15,293.45,293.65,290.85,287.65,288.85,289.25,290.35,293.05,293.05,292.25,
,292.75,174.15,293.45,293.65,290.85,287.65,288.85,289.25,290.35,293.05,293.05,292.25,
,292.75,174.15,293.45,293.65,290.85,287.65,288.85,289.25,290.35,293.05,293.05,292.25,
,292.75,174.15,293.45,293.65,290.85,287.65,288.85,289.25,290.35,293.05,293.05,292.25,
,292.75,174.15,293.45,293.65,290.85,287.65,288.85,289.25,290.35,293.05,293.05,292.25,
,292.35,292.15,293.35,292.55,291.35,287.75,291.85,289.15,290.05,291.25,293.25,292.95,287.75
,292.35,292.15,293.35,292.55,291.35,287.75,291.85,289.15,290.05,291.25,293.25,292.95,
,292.35,292.15,293.35,292.55,291.35,287.75,291.85,289.15,290.05,291.25,293.25,292.95,
,292.35,292.15,293.35,292.55,291.35,287.75,291.85,289.15,290.05,291.25,293.25,292.95,
,292.35,292.15,293.35,292.55,291.35,287.75,291.85,289.15,290.05,291.25,293.25,292.95,
,292.35,292.15,293.35,292.55,291.35,287.75,291.85,289.15,290.05,291.25,293.25,292.95,
,292.35,292.15,293.35,292.55,291.35,287.75,291.85,289.15,290.05,291.25,293.25,292.95,
,292.35,292.15,293.35,292.55,291.35,287.75,291.85,289.15,290.05,291.25,293.25,292.95,
,292.35,292.15,293.35,292.55,291.35,287.75,291.85,289.15,290.05,291.25,293.25,292.95,
,292.35,292.15,293.35,292.55,291.35,287.75,291.85,289.15,290.05,291.25,293.25,292.95,
,292.35,292.15,293.35,292.55,291.35,287.75,291.85,289.15,290.05,291.25,293.25,292.95,
,292.35,292.15,293.35,292.55,291.35,287.75,291.85,289.15,290.05,291.25,293.25,292.95,
,293.65,293.45,293.15,293.55,291.85,291.15,292.75,290.75,291.65,293.75,291.35,293.15,290.75
,293.65,293.45,293.15,293.55,291.85,291.15,292.75,290.75,291.65,293.75,291.35,293.15,
,293.65,293.45,293.15,293.55,291.85,291.15,292.75,290.75,291.65,293.75,291.35,293.15,
,293.65,293.45,293.15,293.55,291.85,291.15,292.75,290.75,291.65,293.75,291.35,293.15,
,293.65,293.45,293.15,293.55,291.85,291.15,292.75,290.75,291.65,293.75,291.35,293.15,
,293.65,293.45,293.15,293.55,291.85,291.15,292.75,290.75,291.65,293.75,291.35,293.15,
,293.65,293.45,293.15,293.55,291.85,291.15,292.75,290.75,291.65,293.75,291.35,293.15,
,293.65,293.45,293.15,293.55,291.85,291.15,292.75,290.75,291.65,293.75,291.35,293.15,
,293.65,293.45,293.15,293.55,291.85,291.15,292.75,290.75,291.65,293.75,291.35,293.15,
,293.65,293.45,293.15,293.55,291.85,291.15,292.75,290.75,291.65,293.75,291.35,293.15,
,293.65,293.45,293.15,293.55,291.85,291.15,292.75,290.75,291.65,293.75,291.35,293.15,
,293.65,293.45,293.15,293.55,291.85,291.15,292.75,290.75,291.65,293.75,291.35,293.15,
,293.35,293.55,292.55,292.55,287.45,289.35,288.65,290.95,290.85,291.35,293.55,292.85,287.45
,293.35,293.55,292.55,292.55,287.45,289.35,288.65,290.95,290.85,291.35,293.55,292.85,
,293.35,293.55,292.55,292.55,287.45,289.35,288.65,290.95,290.85,291.35,293.55,292.85,
,293.35,293.55,292.55,292.55,287.45,289.35,288.65,290.95,290.85,291.35,293.55,292.85,
,293.35,293.55,292.55,292.55,287.45,289.35,288.65,290.95,290.85,291.35,293.55,292.85,
,293.35,293.55,292.55,292.55,287.45,289.35,288.65,290.95,290.85,291.35,293.55,292.85,
,293.35,293.55,292.55,292.55,287.45,289.35,288.65,290.95,290.85,291.35,293.55,292.85,
,293.35,293.55,292.55,292.55,287.45,289.35,288.65,290.95,290.85,291.35,293.55,292.85,
,293.35,293.55,292.55,292.55,287.45,289.35,288.65,290.95,290.85,291.35,293.55,292.85,
,293.35,293.55,292.55,292.55,287.45,289.35,288.65,290.95,290.85,291.35,293.55,292.85,
,293.35,293.55,292.55,292.55,287.45,289.35,288.65,290.95,290.85,291.35,293.55,292.85,
,293.35,293.55,292.55,292.55,287.45,289.35,288.65,290.95,290.85,291.35,293.55,292.85,
,292.95,293.35,292.95,293.15,289.85,292.25,289.15,289.85,290.45,293.05,292.25,292.95,289.15
,292.95,293.35,292.95,293.15,289.85,292.25,289.15,289.85,290.45,293.05,292.25,292.95,
,292.95,293.35,292.95,293.15,289.85,292.25,289.15,289.85,290.45,293.05,292.25,292.95,
,292.95,293.35,292.95,293.15,289.85,292.25,289.15,289.85,290.45,293.05,292.25,292.95,
,292.95,293.35,292.95,293.15,289.85,292.25,289.15,289.85,290.45,293.05,292.25,292.95,
,292.95,293.35,292.95,293.15,289.85,292.25,289.15,289.85,290.45,293.05,292.25,292.95,
,292.95,293.35,292.95,293.15,289.85,292.25,289.15,289.85,290.45,293.05,292.25,292.95,
,292.95,293.35,292.95,293.15,289.85,292.25,289.15,289.85,290.45,293.05,292.25,292.95,
,292.95,293.35,292.95,293.15,289.85,292.25,289.15,289.85,290.45,293.05,292.25,292.95,
,292.95,293.35,292.95,293.15,289.85,292.25,289.15,289.85,290.45,293.05,292.25,292.95,
,292.95,293.35,292.95,293.15,289.85,292.25,289.15,289.85,290.45,293.05,292.25,292.95,
,292.95,293.35,292.95,293.15,289.85,292.25,289.15,289.85,290.45,293.05,292.25,292.95,
,292.55,292.65,292.65,292.45,291.15,291.55,289.35,291.05,291.75,292.95,294.35,293.35,289.35
,292.55,292.65,292.65,292.45,291.15,291.55,289.35,291.05,291.75,292.95,294.35,293.35,
,292.55,292.65,292.65,292.45,291.15,291.55,289.35,291.05,291.75,292.95,294.35,293.35,
,292.55,292.65,292.65,292.45,291.15,291.55,289.35,291.05,291.75,292.95,294.35,293.35,
,292.55,292.65,292.65,292.45,291.15,291.55,289.35,291.05,291.75,292.95,294.35,293.35,
,292.55,292.65,292.65,292.45,291.15,291.55,289.35,291.05,291.75,292.95,294.35,293.35,
,292.55,292.65,292.65,292.45,291.15,291.55,289.35,291.05,291.75,292.95,294.35,293.35,
,292.55,292.65,292.65,292.45,291.15,291.55,289.35,291.05,291.75,292.95,294.35,293.35,
,292.55,292.65,292.65,292.45,291.15,291.55,289.35,291.05,291.75,292.95,294.35,293.35,
,292.55,292.65,292.65,292.45,291.15,291.55,289.35,291.05,291.75,292.95,294.35,293.35,
,292.55,292.65,292.65,292.45,291.15,291.55,289.35,291.05,291.75,292.95,294.35,293.35,
,292.55,292.65,292.65,292.45,291.15,291.55,289.35,291.05,291.75,292.95,294.35,293.35,
,293.45,292.95,293.25,292.35,291.85,290.75,289.45,289.25,290.95,293.15,293.15,294.45,289.25
,293.45,292.95,293.25,292.35,291.85,290.75,289.45,289.25,290.95,293.15,293.15,294.45,
,293.45,292.95,293.25,292.35,291.85,290.75,289.45,289.25,290.95,293.15,293.15,294.45,
,293.45,292.95,293.25,292.35,291.85,290.75,289.45,289.25,290.95,293.15,293.15,294.45,
,293.45,292.95,293.25,292.35,291.85,290.75,289.45,289.25,290.95,293.15,293.15,294.45,
,293.45,292.95,293.25,292.35,291.85,290.75,289.45,289.25,290.95,293.15,293.15,294.45,
,293.45,292.95,293.25,292.35,291.85,290.75,289.45,289.25,290.95,293.15,293.15,294.45,
,293.45,292.95,293.25,292.35,291.85,290.75,289.45,289.25,290.95,293.15,293.15,294.45,
,293.45,292.95,293.25,292.35,291.85,290.75,289.45,289.25,290.95,293.15,293.15,294.45,
,293.45,292.95,293.25,292.35,291.85,290.75,289.45,289.25,290.95,293.15,293.15,294.45,
,293.45,292.95,293.25,292.35,291.85,290.75,289.45,289.25,290.95,293.15,293.15,294.45,
,293.45,292.95,293.25,292.35,291.85,290.75,289.45,289.25,290.95,293.15,293.15,294.45,
,292.35,293.35,293.25,292.65,292.25,290.95,288.95,291.85,291.45,293.05,293.15,295.15,288.95
,292.35,293.35,293.25,292.65,292.25,290.95,288.95,291.85,291.45,293.05,293.15,295.15,
,292.35,293.35,293.25,292.65,292.25,290.95,288.95,291.85,291.45,293.05,293.15,295.15,
,292.35,293.35,293.25,292.65,292.25,290.95,288.95,291.85,291.45,293.05,293.15,295.15,
,292.35,293.35,293.25,292.65,292.25,290.95,288.95,291.85,291.45,293.05,293.15,295.15,
,292.35,293.35,293.25,292.65,292.25,290.95,288.95,291.85,291.45,293.05,293.15,295.15,
,292.35,293.35,293.25,292.65,292.25,290.95,288.95,291.85,291.45,293.05,293.15,295.15,
,292.35,293.35,293.25,292.65,292.25,290.95,288.95,291.85,291.45,293.05,293.15,295.15,
,292.35,293.35,293.25,292.65,292.25,290.95,288.95,291.85,291.45,293.05,293.15,295.15,
,292.35,293.35,293.25,292.65,292.25,290.95,288.95,291.85,291.45,293.05,293.15,295.15,
,292.35,293.35,293.25,292.65,292.25,290.95,288.95,291.85,291.45,293.05,293.15,295.15,
,292.35,293.35,293.25,292.65,292.25,290.95,288.95,291.85,291.45,293.05,293.15,295.15,
,294.35,293.75,292.55,292.35,291.35,289.55,288.75,290.65,291.15,291.65,292.35,292.95,288.75
,294.35,293.75,292.55,292.35,291.35,289.55,288.75,290.65,291.15,291.65,292.35,292.95,
,294.35,293.75,292.55,292.35,291.35,289.55,288.75,290.65,291.15,291.65,292.35,292.95,
,294.35,293.75,292.55,292.35,291.35,289.55,288.75,290.65,291.15,291.65,292.35,292.95,
,294.35,293.75,292.55,292.35,291.35,289.55,288.75,290.65,291.15,291.65,292.35,292.95,
,294.35,293.75,292.55,292.35,291.35,289.55,288.75,290.65,291.15,291.65,292.35,292.95,
,294.35,293.75,292.55,292.35,291.35,289.55,288.75,290.65,291.15,291.65,292.35,292.95,
,294.35,293.75,292.55,292.35,291.35,289.55,288.75,290.65,291.15,291.65,292.35,292.95,
,294.35,293.75,292.55,292.35,291.35,289.55,288.75,290.65,291.15,291.65,292.35,292.95,
,294.35,293.75,292.55,292.35,291.35,289.55,288.75,290.65,291.15,291.65,292.35,292.95,
,294.35,293.75,292.55,292.35,291.35,289.55,288.75,290.65,291.15,291.65,292.35,292.95,
,294.35,293.75,292.55,292.35,291.35,289.55,288.75,290.65,291.15,291.65,292.35,292.95,
,293.95,174.15,293.95,293.25,293.05,291.35,289.35,290.75,290.35,293.35,293.55,293.45,174.15
,293.95,174.15,293.95,293.25,293.05,291.35,289.35,290.75,290.35,293.35,293.55,293.45,
,293.95,174.15,293.95,293.25,293.05,291.35,289.35,290.75,290.35,293.35,293.55,293.45,
,293.95,174.15,293.95,293.25,293.05,291.35,289.35,290.75,290.35,293.35,293.55,293.45,
,293.95,174.15,293.95,293.25,293.05,291.35,289.35,290.75,290.35,293.35,293.55,293.45,
,293.95,174.15,293.95,293.25,293.05,291.35,289.35,290.75,290.35,293.35,293.55,293.45,
,293.95,174.15,293.95,293.25,293.05,291.35,289.35,290.75,290.35,293.35,293.55,293.45,
,293.95,174.15,293.95,293.25,293.05,291.35,289.35,290.75,290.35,293.35,293.55,293.45,
,293.95,174.15,293.95,293.25,293.05,291.35,289.35,290.75,290.35,293.35,293.55,293.45,
,293.95,174.15,293.95,293.25,293.05,291.35,289.35,290.75,290.35,293.35,293.55,293.45,
,293.95,174.15,293.95,293.25,293.05,291.35,289.35,290.75,290.35,293.35,293.55,293.45,
,293.95,174.15,293.95,293.25,293.05,291.35,289.35,290.75,290.35,293.35,293.55,293.45,
,293.25,292.35,293.25,293.15,290.85,290.75,288.95,289.75,290.65,291.85,291.35,292.45,288.95
,293.25,292.35,293.25,293.15,290.85,290.75,288.95,289.75,290.65,291.85,291.35,292.45,
,293.25,292.35,293.25,293.15,290.85,290.75,288.95,289.75,290.65,291.85,291.35,292.45,
,293.25,292.35,293.25,293.15,290.85,290.75,288.95,289.75,290.65,291.85,291.35,292.45,
,293.25,292.35,293.25,293.15,290.85,290.75,288.95,289.75,290.65,291.85,291.35,292.45,
,293.25,292.35,293.25,293.15,290.85,290.75,288.95,289.75,290.65,291.85,291.35,292.45,
,293.25,292.35,293.25,293.15,290.85,290.75,288.95,289.75,290.65,291.85,291.35,292.45,
,293.25,292.35,293.25,293.15,290.85,290.75,288.95,289.75,290.65,291.85,291.35,292.45,
,293.25,292.35,293.25,293.15,290.85,290.75,288.95,289.75,290.65,291.85,291.35,292.45,
,293.25,292.35,293.25,293.15,290.85,290.75,288.95,289.75,290.65,291.85,291.35,292.45,
,293.25,292.35,293.25,293.15,290.85,290.75,288.95,289.75,290.65,291.85,291.35,292.45,
,293.25,292.35,293.25,293.15,290.85,290.75,288.95,289.75,290.65,291.85,291.35,292.45,
,292.95,293.35,292.35,291.95,290.15,291.15,288.15,288.35,290.55,292.95,292.55,292.15,288.15
,292.95,293.35,292.35,291.95,290.15,291.15,288.15,288.35,290.55,292.95,292.55,292.15,
,292.95,293.35,292.35,291.95,290.15,291.15,288.15,288.35,290.55,292.95,292.55,292.15,
,292.95,293.35,292.35,291.95,290.15,291.15,288.15,288.35,290.55,292.95,292.55,292.15,
,292.95,293.35,292.35,291.95,290.15,291.15,288.15,288.35,290.55,292.95,292.55,292.15,
,292.95,293.35,292.35,291.95,290.15,291.15,288.15,288.35,290.55,292.95,292.55,292.15,
,292.95,293.35,292.35,291.95,290.15,291.15,288.15,288.35,290.55,292.95,292.55,292.15,
,292.95,293.35,292.35,291.95,290.15,291.15,288.15,288.35,290.55,292.95,292.55,292.15,
,292.95,293.35,292.35,291.95,290.15,291.15,288.15,288.35,290.55,292.95,292.55,292.15,
,292.95,293.35,292.35,291.95,290.15,291.15,288.15,288.35,290.55,292.95,292.55,292.15,
,292.95,293.35,292.35,291.95,290.15,291.15,288.15,288.35,290.55,292.95,292.55,292.15,
,292.95,293.35,292.35,291.95,290.15,291.15,288.15,288.35,290.55,292.95,292.55,292.15,
,292.85,291.35,174.15,290.65,290.65,288.55,288.05,288.15,289.65,289.55,291.75,292.85,174.15
,292.85,291.35,174.15,290.65,290.65,288.55,288.05,288.15,289.65,289.55,291.75,292.85,
,292.85,291.35,174.15,290.65,290.65,288.55,288.05,288.15,289.65,289.55,291.75,292.85,
,292.85,291.35,174.15,290.65,290.65,288.55,288.05,288.15,289.65,289.55,291.75,292.85,
,292.85,291.35,174.15,290.65,290.65,288.55,288.05,288.15,289.65,289.55,291.75,292.85,
,292.85,291.35,174.15,290.65,290.65,288.55,288.05,288.15,289.65,289.55,291.75,292.85,
,292.85,291.35,174.15,290.65,290.65,288.55,288.05,288.15,289.65,289.55,291.75,292.85,
,292.85,291.35,174.15,290.65,290.65,288.55,288.05,288.15,289.65,289.55,291.75,292.85,
,292.85,291.35,174.15,290.65,290.65,288.55,288.05,288.15,289.65,289.55,291.75,292.85,
,292.85,291.35,174.15,290.65,290.65,288.55,288.05,288.15,289.65,289.55,291.75,292.85,
,292.85,291.35,174.15,290.65,290.65,288.55,288.05,288.15,289.65,289.55,291.75,292.85,
,292.85,291.35,174.15,290.65,290.65,288.55,288.05,288.15,289.65,289.55,291.75,292.85,
,291.45,292.75,292.55,292.65,292.35,289.45,289.05,289.55,290.35,292.15,292.15,293.05,289.05
,291.45,292.75,292.55,292.65,292.35,289.45,289.05,289.55,290.35,292.15,292.15,293.05,
,291.45,292.75,292.55,292.65,292.35,289.45,289.05,289.55,290.35,292.15,292.15,293.05,
,291.45,292.75,292.55,292.65,292.35,289.45,289.05,289.55,290.35,292.15,292.15,293.05,
,291.45,292.75,292.55,292.65,292.35,289.45,289.05,289.55,290.35,292.15,292.15,293.05,
,291.45,292.75,292.55,292.65,292.35,289.45,289.05,289.55,290.35,292.15,292.15,293.05,
,291.45,292.75,292.55,292.65,292.35,289.45,289.05,289.55,290.35,292.15,292.15,293.05,
,291.45,292.75,292.55,292.65,292.35,289.45,289.05,289.55,290.35,292.15,292.15,293.05,
,291.45,292.75,292.55,292.65,292.35,289.45,289.05,289.55,290.35,292.15,292.15,293.05,
,291.45,292.75,292.55,292.65,292.35,289.45,289.05,289.55,290.35,292.15,292.15,293.05,
,291.45,292.75,292.55,292.65,292.35,289.45,289.05,289.55,290.35,292.15,292.15,293.05,
,291.45,292.75,292.55,292.65,292.35,289.45,289.05,289.55,290.35,292.15,292.15,293.05,
,291.35,293.15,292.65,293.15,291.15,290.75,291.35,289.95,290.15,291.35,290.65,291.95,289.95
,291.35,293.15,292.65,293.15,291.15,290.75,291.35,289.95,290.15,291.35,290.65,291.95,
,291.35,293.15,292.65,293.15,291.15,290.75,291.35,289.95,290.15,291.35,290.65,291.95,
,291.35,293.15,292.65,293.15,291.15,290.75,291.35,289.95,290.15,291.35,290.65,291.95,
,291.35,293.15,292.65,293.15,291.15,290.75,291.35,289.95,290.15,291.35,290.65,291.95,
,291.35,293.15,292.65,293.15,291.15,290.75,291.35,289.95,290.15,291.35,290.65,291.95,
,291.35,293.15,292.65,293.15,291.15,290.75,291.35,289.95,290.15,291.35,290.65,291.95,
,291.35,293.15,292.65,293.15,291.15,290.75,291.35,289.95,290.15,291.35,290.65,291.95,
,291.35,293.15,292.65,293.15,291.15,290.75,291.35,289.95,290.15,291.35,290.65,291.95,
,291.35,293.15,292.65,293.15,291.15,290.75,291.35,289.95,290.15,291.35,290.65,291.95,
,291.35,293.15,292.65,293.15,291.15,290.75,291.35,289.95,290.15,291.35,290.65,291.95,
,291.35,293.15,292.65,293.15,291.15,290.75,291.35,289.95,290.15,291.35,290.65,291.95,
,291.95,174.15,292.15,292.35,290.65,288.85,288.95,288.95,288.75,291.55,291.75,290.15,174.15
,291.95,174.15,292.15,292.35,290.65,288.85,288.95,288.95,288.75,291.55,291.75,290.15,
,291.95,174.15,292.15,292.35,290.65,288.85,288.95,288.95,288.75,291.55,291.75,290.15,
,291.95,174.15,292.15,292.35,290.65,288.85,288.95,288.95,288.75,291.55,291.75,290.15,
,291.95,174.15,292.15,292.35,290.65,288.85,288.95,288.95,288.75,291.55,291.75,290.15,
,291.95,174.15,292.15,292.35,290.65,288.85,288.95,288.95,288.75,291.55,291.75,290.15,
,291.95,174.15,292.15,292.35,290.65,288.85,288.95,288.95,288.75,291.55,291.75,290.15,
,291.95,174.15,292.15,292.35,290.65,288.85,288.95,288.95,288.75,291.55,291.75,290.15,
,291.95,174.15,292.15,292.35,290.65,288.85,288.95,288.95,288.75,291.55,291.75,290.15,
,291.95,174.15,292.15,292.35,290.65,288.85,288.95,288.95,288.75,291.55,291.75,290.15,
,291.95,174.15,292.15,292.35,290.65,288.85,288.95,288.95,288.75,291.55,291.75,290.15,
,291.95,174.15,292.15,292.35,290.65,288.85,288.95,288.95,288.75,291.55,291.75,290.15,
,291.75,290.95,291.55,288.75,291.75,289.15,290.15,290.45,289.35,292.55,292.95,294.05,288.75
,291.75,290.95,291.55,288.75,291.75,289.15,290.15,290.45,289.35,292.55,292.95,294.05,
,291.75,290.95,291.55,288.75,291.75,289.15,290.15,290.45,289.35,292.55,292.95,294.05,
,291.75,290.95,291.55,288.75,291.75,289.15,290.15,290.45,289.35,292.55,292.95,294.05,
,291.75,290.95,291.55,288.75,291.75,289.15,290.15,290.45,289.35,292.55,292.95,294.05,
,291.75,290.95,291.55,288.75,291.75,289.15,290.15,290.45,289.35,292.55,292.95,294.05,
,291.75,290.95,291.55,288.75,291.75,289.15,290.15,290.45,289.35,292.55,292.95,294.05,
,291.75,290.95,291.55,288.75,291.75,289.15,290.15,290.45,289.35,292.55,292.95,294.05,
,291.75,290.95,291.55,288.75,291.75,289.15,290.15,290.45,289.35,292.55,292.95,294.05,
,291.75,290.95,291.55,288.75,291.75,289.15,290.15,290.45,289.35,292.55,292.95,294.05,
,291.75,290.95,291.55,288.75,291.75,289.15,290.15,290.45,289.35,292.55,292.95,294.05,
,291.75,290.95,291.55,288.75,291.75,289.15,290.15,290.45,289.35,292.55,292.95,294.05,
,292.95,293.15,292.75,292.35,291.15,289.45,288.95,289.15,289.15,291.35,291.85,291.55,288.95
,292.95,293.15,292.75,292.35,291.15,289.45,288.95,289.15,289.15,291.35,291.85,291.55,
,292.95,293.15,292.75,292.35,291.15,289.45,288.95,289.15,289.15,291.35,291.85,291.55,
,292.95,293.15,292.75,292.35,291.15,289.45,288.95,289.15,289.15,291.35,291.85,291.55,
,292.95,293.15,292.75,292.35,291.15,289.45,288.95,289.15,289.15,291.35,291.85,291.55,
,292.95,293.15,292.75,292.35,291.15,289.45,288.95,289.15,289.15,291.35,291.85,291.55,
,292.95,293.15,292.75,292.35,291.15,289.45,288.95,289.15,289.15,291.35,291.85,291.55,
,292.95,293.15,292.75,292.35,291.15,289.45,288.95,289.15,289.15,291.35,291.85,291.55,
,292.95,293.15,292.75,292.35,291.15,289.45,288.95,289.15,289.15,291.35,291.85,291.55,
,292.95,293.15,292.75,292.35,291.15,289.45,288.95,289.15,289.15,291.35,291.85,291.55,
,292.95,293.15,292.75,292.35,291.15,289.45,288.95,289.15,289.15,291.35,291.85,291.55,
,292.95,293.15,292.75,292.35,291.15,289.45,288.95,289.15,289.15,291.35,291.85,291.55,
,292.15,292.75,292.15,292.15,288.75,290.15,289.05,289.95,288.45,291.75,292.55,292.15,288.45
,292.15,292.75,292.15,292.15,288.75,290.15,289.05,289.95,288.45,291.75,292.55,292.15,
,292.15,292.75,292.15,292.15,288.75,290.15,289.05,289.95,288.45,291.75,292.55,292.15,
,292.15,292.75,292.15,292.15,288.75,290.15,289.05,289.95,288.45,291.75,292.55,292.15,
,292.15,292.75,292.15,292.15,288.75,290.15,289.05,289.95,288.45,291.75,292.55,292.15,
,292.15,292.75,292.15,292.15,288.75,290.15,289.05,289.95,288.45,291.75,292.55,292.15,
,292.15,292.75,292.15,292.15,288.75,290.15,289.05,289.95,288.45,291.75,292.55,292.15,
,292.15,292.75,292.15,292.15,288.75,290.15,289.05,289.95,288.45,291.75,292.55,292.15,
,292.15,292.75,292.15,292.15,288.75,290.15,289.05,289.95,288.45,291.75,292.55,292.15,
,292.15,292.75,292.15,292.15,288.75,290.15,289.05,289.95,288.45,291.75,292.55,292.15,
,292.15,292.75,292.15,292.15,288.75,290.15,289.05,289.95,288.45,291.75,292.55,292.15,
,292.15,292.75,292.15,292.15,288.75,290.15,289.05,289.95,288.45,291.75,292.55,292.15,
,291.15,291.75,291.95,291.75,290.75,290.35,289.75,289.75,288.55,291.55,292.85,292.15,288.55
,291.15,291.75,291.95,291.75,290.75,290.35,289.75,289.75,288.55,291.55,292.85,292.15,
,291.15,291.75,291.95,291.75,290.75,290.35,289.75,289.75,288.55,291.55,292.85,292.15,
,291.15,291.75,291.95,291.75,290.75,290.35,289.75,289.75,288.55,291.55,292.85,292.15,
,291.15,291.75,291.95,291.75,290.75,290.35,289.75,289.75,288.55,291.55,292.85,292.15,
,291.15,291.75,291.95,291.75,290.75,290.35,289.75,289.75,288.55,291.55,292.85,292.15,
,291.15,291.75,291.95,291.75,290.75,290.35,289.75,289.75,288.55,291.55,292.85,292.15,
,291.15,291.75,291.95,291.75,290.75,290.35,289.75,289.75,288.55,291.55,292.85,292.15,
,291.15,291.75,291.95,291.75,290.75,290.35,289.75,289.75,288.55,291.55,292.85,292.15,
,291.15,291.75,291.95,291.75,290.75,290.35,289.75,289.75,288.55,291.55,292.85,292.15,
,291.15,291.75,291.95,291.75,290.75,290.35,289.75,289.75,288.55,291.55,292.85,292.15,
,291.15,291.75,291.95,291.75,290.75,290.35,289.75,289.75,288.55,291.55,292.85,292.15,
,174.15,291.35,293.15,292.35,290.75,289.75,289.15,289.15,291.55,292.15,293.85,293.15,174.15
,174.15,291.35,293.15,292.35,290.75,289.75,289.15,289.15,291.55,292.15,293.85,293.15,
,174.15,291.35,293.15,292.35,290.75,289.75,289.15,289.15,291.55,292.15,293.85,293.15,
,174.15,291.35,293.15,292.35,290.75,289.75,289.15,289.15,291.55,292.15,293.85,293.15,
,174.15,291.35,293.15,292.35,290.75,289.75,289.15,289.15,291.55,292.15,293.85,293.15,
,174.15,291.35,293.15,292.35,290.75,289.75,289.15,289.15,291.55,292.15,293.85,293.15,
,174.15,291.35,293.15,292.35,290.75,289.75,289.15,289.15,291.55,292.15,293.85,293.15,
,174.15,291.35,293.15,292.35,290.75,289.75,289.15,289.15,291.55,292.15,293.85,293.15,
,174.15,291.35,293.15,292.35,290.75,289.75,289.15,289.15,291.55,292.15,293.85,293.15,
,174.15,291.35,293.15,292.35,290.75,289.75,289.15,289.15,291.55,292.15,293.85,293.15,
,174.15,291.35,293.15,292.35,290.75,289.75,289.15,289.15,291.55,292.15,293.85,293.15,
,174.15,291.35,293.15,292.35,290.75,289.75,289.15,289.15,291.55,292.15,293.85,293.15,
,292.75,292.15,292.55,291.65,291.95,291.35,289.45,289.15,291.35,291.35,293.05,292.95,289.15
,292.75,292.15,292.55,291.65,291.95,291.35,289.45,289.15,291.35,291.35,293.05,292.95,
,292.75,292.15,292.55,291.65,291.95,291.35,289.45,289.15,291.35,291.35,293.05,292.95,
,292.75,292.15,292.55,291.65,291.95,291.35,289.45,289.15,291.35,291.35,293.05,292.95,
,292.75,292.15,292.55,291.65,291.95,291.35,289.45,289.15,291.35,291.35,293.05,292.95,
,292.75,292.15,292.55,291.65,291.95,291.35,289.45,289.15,291.35,291.35,293.05,292.95,
,292.75,292.15,292.55,291.65,291.95,291.35,289.45,289.15,291.35,291.35,293.05,292.95,
,292.75,292.15,292.55,291.65,291.95,291.35,289.45,289.15,291.35,291.35,293.05,292.95,
,292.75,292.15,292.55,291.65,291.95,291.35,289.45,289.15,291.35,291.35,293.05,292.95,
,292.75,292.15,292.55,291.65,291.95,291.35,289.45,289.15,291.35,291.35,293.05,292.95,
,292.75,292.15,292.55,291.65,291.95,291.35,289.45,289.15,291.35,291.35,293.05,292.95,
,292.75,292.15,292.55,291.65,291.95,291.35,289.45,289.15,291.35,291.35,293.05,292.95,
,292.45,292.45,174.15,291.35,174.15,288.35,174.15,287.65,290.55,291.25,292.65,291.55,174.15
,292.45,292.45,174.15,291.35,174.15,288.35,174.15,287.65,290.55,291.25,292.65,291.55,
,292.45,292.45,174.15,291.35,174.15,288.35,174.15,287.65,290.55,291.25,292.65,291.55,
,292.45,292.45,174.15,291.35,174.15,288.35,174.15,287.65,290.55,291.25,292.65,291.55,
,292.45,292.45,174.15,291.35,174.15,288.35,174.15,287.65,290.55,291.25,292.65,291.55,
,292.45,292.45,174.15,291.35,174.15,288.35,174.15,287.65,290.55,291.25,292.65,291.55,
,292.45,292.45,174.15,291.35,174.15,288.35,174.15,287.65,290.55,291.25,292.65,291.55,
,292.45,292.45,174.15,291.35,174.15,288.35,174.15,287.65,290.55,291.25,292.65,291.55,
,292.45,292.45,174.15,291.35,174.15,288.35,174.15,287.65,290.55,291.25,292.65,291.55,
,292.45,292.45,174.15,291.35,174.15,288.35,174.15,287.65,290.55,291.25,292.65,291.55,
,292.45,292.45,174.15,291.35,174.15,288.35,174.15,287.65,290.55,291.25,292.65,291.55,
,292.45,292.45,174.15,291.35,174.15,288.35,174.15,287.65,290.55,291.25,292.65,291.55,
,290.15,290.15,292.15,292.25,289.55,289.15,174.15,174.15,174.15,293.15,293.65,293.15,174.15
,290.15,290.15,292.15,292.25,289.55,289.15,174.15,174.15,174.15,293.15,293.65,293.15,
,290.15,290.15,292.15,292.25,289.55,289.15,174.15,174.15,174.15,293.15,293.65,293.15,
,290.15,290.15,292.15,292.25,289.55,289.15,174.15,174.15,174.15,293.15,293.65,293.15,
,290.15,290.15,292.15,292.25,289.55,289.15,174.15,174.15,174.15,293.15,293.65,293.15,
,290.15,290.15,292.15,292.25,289.55,289.15,174.15,174.15,174.15,293.15,293.65,293.15,
,290.15,290.15,292.15,292.25,289.55,289.15,174.15,174.15,174.15,293.15,293.65,293.15,
,290.15,290.15,292.15,292.25,289.55,289.15,174.15,174.15,174.15,293.15,293.65,293.15,
,290.15,290.15,292.15,292.25,289.55,289.15,174.15,174.15,174.15,293.15,293.65,293.15,
,290.15,290.15,292.15,292.25,289.55,289.15,174.15,174.15,174.15,293.15,293.65,293.15,
,290.15,290.15,292.15,292.25,289.55,289.15,174.15,174.15,174.15,293.15,293.65,293.15,
,290.15,290.15,292.15,292.25,289.55,289.15,174.15,174.15,174.15,293.15,293.65,293.15,
