year,jan,feb,mar,apr,may,jun,jul,aug,sep,oct,nov,dec,annual
,31.0,28.0,31.0,30.0,31.0,30.0,31.0,31.0,30.0,31.0,30.0,31.0,365.0
,31.0,28.0,31.0,30.0,31.0,30.0,31.0,31.0,30.0,31.0,30.0,31.0,
,31.0,28.0,31.0,30.0,31.0,30.0,31.0,31.0,30.0,31.0,30.0,31.0,
,31.0,28.0,31.0,30.0,31.0,30.0,31.0,31.0,30.0,31.0,30.0,31.0,
,31.0,28.0,31.0,30.0,31.0,30.0,31.0,31.0,30.0,31.0,30.0,31.0,
,31.0,28.0,31.0,30.0,31.0,30.0,31.0,31.0,30.0,31.0,30.0,31.0,
,31.0,28.0,31.0,30.0,31.0,30.0,31.0,31.0,30.0,31.0,30.0,31.0,
,31.0,28.0,31.0,30.0,31.0,30.0,31.0,31.0,30.0,31.0,30.0,31.0,
,31.0,28.0,31.0,30.0,31.0,30.0,31.0,31.0,30.0,31.0,30.0,31.0,
,31.0,28.0,31.0,30.0,31.0,30.0,31.0,31.0,30.0,31.0,30.0,31.0,
,31.0,28.0,31.0,30.0,31.0,30.0,31.0,31.0,30.0,31.0,30.0,31.0,
,31.0,28.0,31.0,30.0,31.0,30.0,31.0,31.0,30.0,31.0,30.0,31.0,
,31.0,28.0,31.0,30.0,31.0,30.0,31.0,31.0,30.0,31.0,30.0,31.0,365.0
,31.0,28.0,31.0,30.0,31.0,30.0,31.0,31.0,30.0,31.0,30.0,31.0,
,31.0,28.0,31.0,30.0,31.0,30.0,31.0,31.0,30.0,31.0,30.0,31.0,
,31.0,28.0,31.0,30.0,31.0,30.0,31.0,31.0,30.0,31.0,30.0,31.0,
,31.0,28.0,31.0,30.0,31.0,30.0,31.0,31.0,30.0,31.0,30.0,31.0,
,31.0,28.0,31.0,30.0,31.0,30.0,31.0,31.0,30.0,31.0,30.0,31.0,
,31.0,28.0,31.0,30.0,31.0,30.0,31.0,31.0,30.0,31.0,30.0,31.0,
,31.0,28.0,31.0,30.0,31.0,30.0,31.0,31.0,30.0,31.0,30.0,31.0,
,31.0,28.0,31.0,30.0,31.0,30.0,31.0,31.0,30.0,31.0,30.0,31.0,
,31.0,28.0,31.0,30.0,31.0,30.0,31.0,31.0,30.0,31.0,30.0,31.0,
,31.0,28.0,31.0,30.0,31.0,30.0,31.0,31.0,30.0,31.0,30.0,31.0,
,31.0,28.0,31.0,30.0,31.0,30.0,31.0,31.0,30.0,31.0,30.0,31.0,
,31.0,28.0,31.0,30.0,31.0,30.0,31.0,31.0,30.0,31.0,30.0,31.0,365.0
,31.0,28.0,31.0,30.0,31.0,30.0,31.0,31.0,30.0,31.0,30.0,31.0,
,31.0,28.0,31.0,30.0,31.0,30.0,31.0,31.0,30.0,31.0,30.0,31.0,
,31.0,28.0,31.0,30.0,31.0,30.0,31.0,31.0,30.0,31.0,30.0,31.0,
,31.0,28.0,31.0,30.0,31.0,30.0,31.0,31.0,30.0,31.0,30.0,31.0,
,31.0,28.0,31.0,30.0,31.0,30.0,31.0,31.0,30.0,31.0,30.0,31.0,
,31.0,28.0,31.0,30.0,31.0,30.0,31.0,31.0,30.0,31.0,30.0,31.0,
,31.0,28.0,31.0,30.0,31.0,30.0,31.0,31.0,30.0,31.0,30.0,31.0,
,31.0,28.0,31.0,30.0,31.0,30.0,31.0,31.0,30.0,31.0,30.0,31.0,
,31.0,28.0,31.0,30.0,31.0,30.0,31.0,31.0,30.0,31.0,30.0,31.0,
,31.0,28.0,31.0,30.0,31.0,30.0,31.0,31.0,30.0,31.0,30.0,31.0,
,31.0,28.0,31.0,30.0,31.0,30.0,31.0,31.0,30.0,31.0,30.0,31.0,
,31.0,29.0,31.0,30.0,31.0,30.0,31.0,31.0,30.0,31.0,30.0,31.0,366.0
,31.0,29.0,31.0,30.0,31.0,30.0,31.0,31.0,30.0,31.0,30.0,31.0,
,31.0,29.0,31.0,30.0,31.0,30.0,31.0,31.0,30.0,31.0,30.0,31.0,
,31.0,29.0,31.0,30.0,31.0,30.0,31.0,31.0,30.0,31.0,30.0,31.0,
,31.0,29.0,31.0,30.0,31.0,30.0,31.0,31.0,30.0,31.0,30.0,31.0,
,31.0,29.0,31.0,30.0,31.0,30.0,31.0,31.0,30.0,31.0,30.0,31.0,
,31.0,29.0,31.0,30.0,31.0,30.0,31.0,31.0,30.0,31.0,30.0,31.0,
,31.0,29.0,31.0,30.0,31.0,30.0,31.0,31.0,30.0,31.0,30.0,31.0,
,31.0,29.0,31.0,30.0,31.0,30.0,31.0,31.0,30.0,31.0,30.0,31.0,
,31.0,29.0,31.0,30.0,31.0,30.0,31.0,31.0,30.0,31.0,30.0,31.0,
,31.0,29.0,31.0,30.0,31.0,30.0,31.0,31.0,30.0,31.0,30.0,31.0,
,31.0,29.0,31.0,30.0,31.0,30.0,31.0,31.0,30.0,31.0,30.0,31.0,
,31.0,28.0,31.0,30.0,31.0,30.0,31.0,31.0,30.0,31.0,30.0,31.0,365.0
,31.0,28.0,31.0,30.0,31.0,30.0,31.0,31.0,30.0,31.0,30.0,31.0,
,31.0,28.0,31.0,30.0,31.0,30.0,31.0,31.0,30.0,31.0,30.0,31.0,
,31.0,28.0,31.0,30.0,31.0,30.0,31.0,31.0,30.0,31.0,30.0,31.0,
,31.0,28.0,31.0,30.0,31.0,30.0,31.0,31.0,30.0,31.0,30.0,31.0,
,31.0,28.0,31.0,30.0,31.0,30.0,31.0,31.0,30.0,31.0,30.0,31.0,
,31.0,28.0,31.0,30.0,31.0,30.0,31.0,31.0,30.0,31.0,30.0,31.0,
,31.0,28.0,31.0,30.0,31.0,30.0,31.0,31.0,30.0,31.0,30.0,31.0,
,31.0,28.0,31.0,30.0,31.0,30.0,31.0,31.0,30.0,31.0,30.0,31.0,
,31.0,28.0,31.0,30.0,31.0,30.0,31.0,31.0,30.0,31.0,30.0,31.0,
,31.0,28.0,31.0,30.0,31.0,30.0,31.0,31.0,30.0,31.0,30.0,31.0,
,31.0,28.0,31.0,30.0,31.0,30.0,31.0,31.0,30.0,31.0,30.0,31.0,
,31.0,28.0,31.0,30.0,31.0,30.0,31.0,31.0,30.0,31.0,30.0,31.0,365.0
,31.0,28.0,31.0,30.0,31.0,30.0,31.0,31.0,30.0,31.0,30.0,31.0,
,31.0,28.0,31.0,30.0,31.0,30.0,31.0,31.0,30.0,31.0,30.0,31.0,
,31.0,28.0,31.0,30.0,31.0,30.0,31.0,31.0,30.0,31.0,30.0,31.0,
,31.0,28.0,31.0,30.0,31.0,30.0,31.0,31.0,30.0,31.0,30.0,31.0,
,31.0,28.0,31.0,30.0,31.0,30.0,31.0,31.0,30.0,31.0,30.0,31.0,
,31.0,28.0,31.0,30.0,31.0,30.0,31.0,31.0,30.0,31.0,30.0,31.0,
,31.0,28.0,31.0,30.0,31.0,30.0,31.0,31.0,30.0,31.0,30.0,31.0,
,31.0,28.0,31.0,30.0,31.0,30.0,31.0,31.0,30.0,31.0,30.0,31.0,
,31.0,28.0,31.0,30.0,31.0,30.0,31.0,31.0,30.0,31.0,30.0,31.0,
,31.0,28.0,31.0,30.0,31.0,30.0,31.0,31.0,30.0,31.0,30.0,31.0,
,31.0,28.0,31.0,30.0,31.0,30.0,31.0,31.0,30.0,31.0,30.0,31.0,
,31.0,28.0,31.0,30.0,31.0,30.0,31.0,31.0,30.0,31.0,30.0,31.0,365.0
,31.0,28.0,31.0,30.0,31.0,30.0,31.0,31.0,30.0,31.0,30.0,31.0,
,31.0,28.0,31.0,30.0,31.0,30.0,31.0,31.0,30.0,31.0,30.0,31.0,
,31.0,28.0,31.0,30.0,31.0,30.0,31.0,31.0,30.0,31.0,30.0,31.0,
,31.0,28.0,31.0,30.0,31.0,30.0,31.0,31.0,30.0,31.0,30.0,31.0,
,31.0,28.0,31.0,30.0,31.0,30.0,31.0,31.0,30.0,31.0,30.0,31.0,
,31.0,28.0,31.0,30.0,31.0,30.0,31.0,31.0,30.0,31.0,30.0,31.0,
,31.0,28.0,31.0,30.0,31.0,30.0,31.0,31.0,30.0,31.0,30.0,31.0,
,31.0,28.0,31.0,30.0,31.0,30.0,31.0,31.0,30.0,31.0,30.0,31.0,
,31.0,28.0,31.0,30.0,31.0,30.0,31.0,31.0,30.0,31.0,30.0,31.0,
,31.0,28.0,31.0,30.0,31.0,30.0,31.0,31.0,30.0,31.0,30.0,31.0,
,31.0,28.0,31.0,30.0,31.0,30.0,31.0,31.0,30.0,31.0,30.0,31.0,
,31.0,29.0,31.0,30.0,31.0,30.0,31.0,31.0,30.0,31.0,30.0,31.0,366.0
,31.0,29.0,31.0,30.0,31.0,30.0,31.0,31.0,30.0,31.0,30.0,31.0,
,31.0,29.0,31.0,30.0,31.0,30.0,31.0,31.0,30.0,31.0,30.0,31.0,
,31.0,29.0,31.0,30.0,31.0,30.0,31.0,31.0,30.0,31.0,30.0,31.0,
,31.0,29.0,31.0,30.0,31.0,30.0,31.0,31.0,30.0,31.0,30.0,31.0,
,31.0,29.0,31.0,30.0,31.0,30.0,31.0,31.0,30.0,31.0,30.0,31.0,
,31.0,29.0,31.0,30.0,31.0,30.0,31.0,31.0,30.0,31.0,30.0,31.0,
,31.0,29.0,31.0,30.0,31.0,30.0,31.0,31.0,30.0,31.0,30.0,31.0,
,31.0,29.0,31.0,30.0,31.0,30.0,31.0,31.0,30.0,31.0,30.0,31.0,
,31.0,29.0,31.0,30.0,31.0,30.0,31.0,31.0,30.0,31.0,30.0,31.0,
,31.0,29.0,31.0,30.0,31.0,30.0,31.0,31.0,30.0,31.0,30.0,31.0,
,31.0,29.0,31.0,30.0,31.0,30.0,31.0,31.0,30.0,31.0,30.0,31.0,
,31.0,28.0,31.0,30.0,31.0,30.0,31.0,31.0,30.0,31.0,30.0,31.0,365.0
,31.0,28.0,31.0,30.0,31.0,30.0,31.0,31.0,30.0,31.0,30.0,31.0,
,31.0,28.0,31.0,30.0,31.0,30.0,31.0,31.0,30.0,31.0,30.0,31.0,
,31.0,28.0,31.0,30.0,31.0,30.0,31.0,31.0,30.0,31.0,30.0,31.0,
,31.0,28.0,31.0,30.0,31.0,30.0,31.0,31.0,30.0,31.0,30.0,31.0,
,31.0,28.0,31.0,30.0,31.0,30.0,31.0,31.0,30.0,31.0,30.0,31.0,
,31.0,28.0,31.0,30.0,31.0,30.0,31.0,31.0,30.0,31.0,30.0,31.0,
,31.0,28.0,31.0,30.0,31.0,30.0,31.0,31.0,30.0,31.0,30.0,31.0,
,31.0,28.0,31.0,30.0,31.0,30.0,31.0,31.0,30.0,31.0,30.0,31.0,
,31.0,28.0,31.0,30.0,31.0,30.0,31.0,31.0,30.0,31.0,30.0,31.0,
,31.0,28.0,31.0,30.0,31.0,30.0,31.0,31.0,30.0,31.0,30.0,31.0,
,31.0,28.0,31.0,30.0,31.0,30.0,31.0,31.0,30.0,31.0,30.0,31.0,
,31.0,28.0,31.0,30.0,31.0,30.0,31.0,31.0,30.0,31.0,30.0,31.0,365.0
,31.0,28.0,31.0,30.0,31.0,30.0,31.0,31.0,30.0,31.0,30.0,31.0,
,31.0,28.0,31.0,30.0,31.0,30.0,31.0,31.0,30.0,31.0,30.0,31.0,
,31.0,28.0,31.0,30.0,31.0,30.0,31.0,31.0,30.0,31.0,30.0,31.0,
,31.0,28.0,31.0,30.0,31.0,30.0,31.0,31.0,30.0,31.0,30.0,31.0,
,31.0,28.0,31.0,30.0,31.0,30.0,31.0,31.0,30.0,31.0,30.0,31.0,
,31.0,28.0,31.0,30.0,31.0,30.0,31.0,31.0,30.0,31.0,30.0,31.0,
,31.0,28.0,31.0,30.0,31.0,30.0,31.0,31.0,30.0,31.0,30.0,31.0,
,31.0,28.0,31.0,30.0,31.0,30.0,31.0,31.0,30.0,31.0,30.0,31.0,
,31.0,28.0,31.0,30.0,31.0,30.0,31.0,31.0,30.0,31.0,30.0,31.0,
,31.0,28.0,31.0,30.0,31.0,30.0,31.0,31.0,30.0,31.0,30.0,31.0,
,31.0,28.0,31.0,30.0,31.0,30.0,31.0,31.0,30.0,31.0,30.0,31.0,
,31.0,28.0,31.0,30.0,31.0,30.0,31.0,31.0,30.0,31.0,30.0,31.0,365.0
,31.0,28.0,31.0,30.0,31.0,30.0,31.0,31.0,30.0,31.0,30.0,31.0,
,31.0,28.0,31.0,30.0,31.0,30.0,31.0,31.0,30.0,31.0,30.0,31.0,
,31.0,28.0,31.0,30.0,31.0,30.0,31.0,31.0,30.0,31.0,30.0,31.0,
,31.0,28.0,31.0,30.0,31.0,30.0,31.0,31.0,30.0,31.0,30.0,31.0,
,31.0,28.0,31.0,30.0,31.0,30.0,31.0,31.0,30.0,31.0,30.0,31.0,
,31.0,28.0,31.0,30.0,31.0,30.0,31.0,31.0,30.0,31.0,30.0,31.0,
,31.0,28.0,31.0,30.0,31.0,30.0,31.0,31.0,30.0,31.0,30.0,31.0,
,31.0,28.0,31.0,30.0,31.0,30.0,31.0,31.0,30.0,31.0,30.0,31.0,
,31.0,28.0,31.0,30.0,31.0,30.0,31.0,31.0,30.0,31.0,30.0,31.0,
,31.0,28.0,31.0,30.0,31.0,30.0,31.0,31.0,30.0,31.0,30.0,31.0,
,31.0,28.0,31.0,30.0,31.0,30.0,31.0,31.0,30.0,31.0,30.0,31.0,
,31.0,29.0,31.0,30.0,31.0,30.0,31.0,31.0,30.0,31.0,30.0,31.0,366.0
,31.0,29.0,31.0,30.0,31.0,30.0,31.0,31.0,30.0,31.0,30.0,31.0,
,31.0,29.0,31.0,30.0,31.0,30.0,31.0,31.0,30.0,31.0,30.0,31.0,
,31.0,29.0,31.0,30.0,31.0,30.0,31.0,31.0,30.0,31.0,30.0,31.0,
,31.0,29.0,31.0,30.0,31.0,30.0,31.0,31.0,30.0,31.0,30.0,31.0,
,31.0,29.0,31.0,30.0,31.0,30.0,31.0,31.0,30.0,31.0,30.0,31.0,
,31.0,29.0,31.0,30.0,31.0,30.0,31.0,31.0,30.0,31.0,30.0,31.0,
,31.0,29.0,31.0,30.0,31.0,30.0,31.0,31.0,30.0,31.0,30.0,31.0,
,31.0,29.0,31.0,30.0,31.0,30.0,31.0,31.0,30.0,31.0,30.0,31.0,
,31.0,29.0,31.0,30.0,31.0,30.0,31.0,31.0,30.0,31.0,30.0,31.0,
,31.0,29.0,31.0,30.0,31.0,30.0,31.0,31.0,30.0,31.0,30.0,31.0,
,31.0,29.0,31.0,30.0,31.0,30.0,31.0,31.0,30.0,31.0,30.0,31.0,
,3.0,1.0,0.0,8.0,2.0,3.0,8.0,13.0,7.0,13.0,2.0,1.0,61.0
,3.0,1.0,0.0,8.0,2.0,3.0,8.0,13.0,7.0,13.0,2.0,1.0,
,3.0,1.0,0.0,8.0,2.0,3.0,8.0,13.0,7.0,13.0,2.0,1.0,
,3.0,1.0,0.0,8.0,2.0,3.0,8.0,13.0,7.0,13.0,2.0,1.0,
,3.0,1.0,0.0,8.0,2.0,3.0,8.0,13.0,7.0,13.0,2.0,1.0,
,3.0,1.0,0.0,8.0,2.0,3.0,8.0,13.0,7.0,13.0,2.0,1.0,
,3.0,1.0,0.0,8.0,2.0,3.0,8.0,13.0,7.0,13.0,2.0,1.0,
,3.0,1.0,0.0,8.0,2.0,3.0,8.0,13.0,7.0,13.0,2.0,1.0,
,3.0,1.0,0.0,8.0,2.0,3.0,8.0,13.0,7.0,13.0,2.0,1.0,
,3.0,1.0,0.0,8.0,2.0,3.0,8.0,13.0,7.0,13.0,2.0,1.0,
,3.0,1.0,0.0,8.0,2.0,3.0,8.0,13.0,7.0,13.0,2.0,1.0,
,3.0,1.0,0.0,8.0,2.0,3.0,8.0,13.0,7.0,13.0,2.0,1.0,
,6.0,9.0,20.0,20.0,6.0,10.0,21.0,6.0,15.0,18.0,11.0,5.0,147.0
,6.0,9.0,20.0,20.0,6.0,10.0,21.0,6.0,15.0,18.0,11.0,5.0,
,6.0,9.0,20.0,20.0,6.0,10.0,21.0,6.0,15.0,18.0,11.0,5.0,
,6.0,9.0,20.0,20.0,6.0,10.0,21.0,6.0,15.0,18.0,11.0,5.0,
,6.0,9.0,20.0,20.0,6.0,10.0,21.0,6.0,15.0,18.0,11.0,5.0,
,6.0,9.0,20.0,20.0,6.0,10.0,21.0,6.0,15.0,18.0,11.0,5.0,
,6.0,9.0,20.0,20.0,6.0,10.0,21.0,6.0,15.0,18.0,11.0,5.0,
,6.0,9.0,20.0,20.0,6.0,10.0,21.0,6.0,15.0,18.0,11.0,5.0,
,6.0,9.0,20.0,20.0,6.0,10.0,21.0,6.0,15.0,18.0,11.0,5.0,
,6.0,9.0,20.0,20.0,6.0,10.0,21.0,6.0,15.0,18.0,11.0,5.0,
,6.0,9.0,20.0,20.0,6.0,10.0,21.0,6.0,15.0,18.0,11.0,5.0,
,6.0,9.0,20.0,20.0,6.0,10.0,21.0,6.0,15.0,18.0,11.0,5.0,
,4.0,9.0,16.0,11.0,19.0,17.0,23.0,14.0,20.0,10.0,2.0,6.0,151.0
,4.0,9.0,16.0,11.0,19.0,17.0,23.0,14.0,20.0,10.0,2.0,6.0,
,4.0,9.0,16.0,11.0,19.0,17.0,23.0,14.0,20.0,10.0,2.0,6.0,
,4.0,9.0,16.0,11.0,19.0,17.0,23.0,14.0,20.0,10.0,2.0,6.0,
,4.0,9.0,16.0,11.0,19.0,17.0,23.0,14.0,20.0,10.0,2.0,6.0,
,4.0,9.0,16.0,11.0,19.0,17.0,23.0,14.0,20.0,10.0,2.0,6.0,
,4.0,9.0,16.0,11.0,19.0,17.0,23.0,14.0,20.0,10.0,2.0,6.0,
,4.0,9.0,16.0,11.0,19.0,17.0,23.0,14.0,20.0,10.0,2.0,6.0,
,4.0,9.0,16.0,11.0,19.0,17.0,23.0,14.0,20.0,10.0,2.0,6.0,
,4.0,9.0,16.0,11.0,19.0,17.0,23.0,14.0,20.0,10.0,2.0,6.0,
,4.0,9.0,16.0,11.0,19.0,17.0,23.0,14.0,20.0,10.0,2.0,6.0,
,4.0,9.0,16.0,11.0,19.0,17.0,23.0,14.0,20.0,10.0,2.0,6.0,
,2.0,8.0,10.0,14.0,1.0,1.0,3.0,1.0,7.0,31.0,17.0,3.0,98.0
,2.0,8.0,10.0,14.0,1.0,1.0,3.0,1.0,7.0,31.0,17.0,3.0,
,2.0,8.0,10.0,14.0,1.0,1.0,3.0,1.0,7.0,31.0,17.0,3.0,
,2.0,8.0,10.0,14.0,1.0,1.0,3.0,1.0,7.0,31.0,17.0,3.0,
,2.0,8.0,10.0,14.0,1.0,1.0,3.0,1.0,7.0,31.0,17.0,3.0,
,2.0,8.0,10.0,14.0,1.0,1.0,3.0,1.0,7.0,31.0,17.0,3.0,
,2.0,8.0,10.0,14.0,1.0,1.0,3.0,1.0,7.0,31.0,17.0,3.0,
,2.0,8.0,10.0,14.0,1.0,1.0,3.0,1.0,7.0,31.0,17.0,3.0,
,2.0,8.0,10.0,14.0,1.0,1.0,3.0,1.0,7.0,31.0,17.0,3.0,
,2.0,8.0,10.0,14.0,1.0,1.0,3.0,1.0,7.0,31.0,17.0,3.0,
,2.0,8.0,10.0,14.0,1.0,1.0,3.0,1.0,7.0,31.0,17.0,3.0,
,2.0,8.0,10.0,14.0,1.0,1.0,3.0,1.0,7.0,31.0,17.0,3.0,
,14.0,9.0,10.0,13.0,9.0,13.0,14.0,2.0,10.0,14.0,1.0,7.0,116.0
,14.0,9.0,10.0,13.0,9.0,13.0,14.0,2.0,10.0,14.0,1.0,7.0,
,14.0,9.0,10.0,13.0,9.0,13.0,14.0,2.0,10.0,14.0,1.0,7.0,
,14.0,9.0,10.0,13.0,9.0,13.0,14.0,2.0,10.0,14.0,1.0,7.0,
,14.0,9.0,10.0,13.0,9.0,13.0,14.0,2.0,10.0,14.0,1.0,7.0,
,14.0,9.0,10.0,13.0,9.0,13.0,14.0,2.0,10.0,14.0,1.0,7.0,
,14.0,9.0,10.0,13.0,9.0,13.0,14.0,2.0,10.0,14.0,1.0,7.0,
,14.0,9.0,10.0,13.0,9.0,13.0,14.0,2.0,10.0,14.0,1.0,7.0,
,14.0,9.0,10.0,13.0,9.0,13.0,14.0,2.0,10.0,14.0,1.0,7.0,
,14.0,9.0,10.0,13.0,9.0,13.0,14.0,2.0,10.0,14.0,1.0,7.0,
,14.0,9.0,10.0,13.0,9.0,13.0,14.0,2.0,10.0,14.0,1.0,7.0,
,14.0,9.0,10.0,13.0,9.0,13.0,14.0,2.0,10.0,14.0,1.0,7.0,
,5.0,11.0,7.0,10.0,9.0,14.0,7.0,5.0,13.0,12.0,5.0,8.0,106.0
,5.0,11.0,7.0,10.0,9.0,14.0,7.0,5.0,13.0,12.0,5.0,8.0,
,5.0,11.0,7.0,10.0,9.0,14.0,7.0,5.0,13.0,12.0,5.0,8.0,
,5.0,11.0,7.0,10.0,9.0,14.0,7.0,5.0,13.0,12.0,5.0,8.0,
,5.0,11.0,7.0,10.0,9.0,14.0,7.0,5.0,13.0,12.0,5.0,8.0,
,5.0,11.0,7.0,10.0,9.0,14.0,7.0,5.0,13.0,12.0,5.0,8.0,
,5.0,11.0,7.0,10.0,9.0,14.0,7.0,5.0,13.0,12.0,5.0,8.0,
,5.0,11.0,7.0,10.0,9.0,14.0,7.0,5.0,13.0,12.0,5.0,8.0,
,5.0,11.0,7.0,10.0,9.0,14.0,7.0,5.0,13.0,12.0,5.0,8.0,
,5.0,11.0,7.0,10.0,9.0,14.0,7.0,5.0,13.0,12.0,5.0,8.0,
,5.0,11.0,7.0,10.0,9.0,14.0,7.0,5.0,13.0,12.0,5.0,8.0,
,5.0,11.0,7.0,10.0,9.0,14.0,7.0,5.0,13.0,12.0,5.0,8.0,
,13.0,12.0,13.0,17.0,12.0,11.0,1.0,2.0,9.0,12.0,7.0,1.0,110.0
,13.0,12.0,13.0,17.0,12.0,11.0,1.0,2.0,9.0,12.0,7.0,1.0,
,13.0,12.0,13.0,17.0,12.0,11.0,1.0,2.0,9.0,12.0,7.0,1.0,
,13.0,12.0,13.0,17.0,12.0,11.0,1.0,2.0,9.0,12.0,7.0,1.0,
,13.0,12.0,13.0,17.0,12.0,11.0,1.0,2.0,9.0,12.0,7.0,1.0,
,13.0,12.0,13.0,17.0,12.0,11.0,1.0,2.0,9.0,12.0,7.0,1.0,
,13.0,12.0,13.0,17.0,12.0,11.0,1.0,2.0,9.0,12.0,7.0,1.0,
,13.0,12.0,13.0,17.0,12.0,11.0,1.0,2.0,9.0,12.0,7.0,1.0,
,13.0,12.0,13.0,17.0,12.0,11.0,1.0,2.0,9.0,12.0,7.0,1.0,
,13.0,12.0,13.0,17.0,12.0,11.0,1.0,2.0,9.0,12.0,7.0,1.0,
,13.0,12.0,13.0,17.0,12.0,11.0,1.0,2.0,9.0,12.0,7.0,1.0,
,13.0,12.0,13.0,17.0,12.0,11.0,1.0,2.0,9.0,12.0,7.0,1.0,
,3.0,12.0,5.0,4.0,0.0,2.0,1.0,1.0,5.0,7.0,11.0,9.0,60.0
,3.0,12.0,5.0,4.0,0.0,2.0,1.0,1.0,5.0,7.0,11.0,9.0,
,3.0,12.0,5.0,4.0,0.0,2.0,1.0,1.0,5.0,7.0,11.0,9.0,
,3.0,12.0,5.0,4.0,0.0,2.0,1.0,1.0,5.0,7.0,11.0,9.0,
,3.0,12.0,5.0,4.0,0.0,2.0,1.0,1.0,5.0,7.0,11.0,9.0,
,3.0,12.0,5.0,4.0,0.0,2.0,1.0,1.0,5.0,7.0,11.0,9.0,
,3.0,12.0,5.0,4.0,0.0,2.0,1.0,1.0,5.0,7.0,11.0,9.0,
,3.0,12.0,5.0,4.0,0.0,2.0,1.0,1.0,5.0,7.0,11.0,9.0,
,3.0,12.0,5.0,4.0,0.0,2.0,1.0,1.0,5.0,7.0,11.0,9.0,
,3.0,12.0,5.0,4.0,0.0,2.0,1.0,1.0,5.0,7.0,11.0,9.0,
,3.0,12.0,5.0,4.0,0.0,2.0,1.0,1.0,5.0,7.0,11.0,9.0,
,3.0,12.0,5.0,4.0,0.0,2.0,1.0,1.0,5.0,7.0,11.0,9.0,
,2.0,2.0,11.0,5.0,3.0,2.0,5.0,1.0,8.0,3.0,2.0,4.0,48.0
,2.0,2.0,11.0,5.0,3.0,2.0,5.0,1.0,8.0,3.0,2.0,4.0,
,2.0,2.0,11.0,5.0,3.0,2.0,5.0,1.0,8.0,3.0,2.0,4.0,
,2.0,2.0,11.0,5.0,3.0,2.0,5.0,1.0,8.0,3.0,2.0,4.0,
,2.0,2.0,11.0,5.0,3.0,2.0,5.0,1.0,8.0,3.0,2.0,4.0,
,2.0,2.0,11.0,5.0,3.0,2.0,5.0,1.0,8.0,3.0,2.0,4.0,
,2.0,2.0,11.0,5.0,3.0,2.0,5.0,1.0,8.0,3.0,2.0,4.0,
,2.0,2.0,11.0,5.0,3.0,2.0,5.0,1.0,8.0,3.0,2.0,4.0,
,2.0,2.0,11.0,5.0,3.0,2.0,5.0,1.0,8.0,3.0,2.0,4.0,
,2.0,2.0,11.0,5.0,3.0,2.0,5.0,1.0,8.0,3.0,2.0,4.0,
,2.0,2.0,11.0,5.0,3.0,2.0,5.0,1.0,8.0,3.0,2.0,4.0,
,2.0,2.0,11.0,5.0,3.0,2.0,5.0,1.0,8.0,3.0,2.0,4.0,
,4.0,4.0,2.0,7.0,7.0,0.0,1.0,4.0,3.0,5.0,0.0,2.0,39.0
,4.0,4.0,2.0,7.0,7.0,0.0,1.0,4.0,3.0,5.0,0.0,2.0,
,4.0,4.0,2.0,7.0,7.0,0.0,1.0,4.0,3.0,5.0,0.0,2.0,
,4.0,4.0,2.0,7.0,7.0,0.0,1.0,4.0,3.0,5.0,0.0,2.0,
,4.0,4.0,2.0,7.0,7.0,0.0,1.0,4.0,3.0,5.0,0.0,2.0,
,4.0,4.0,2.0,7.0,7.0,0.0,1.0,4.0,3.0,5.0,0.0,2.0,
,4.0,4.0,2.0,7.0,7.0,0.0,1.0,4.0,3.0,5.0,0.0,2.0,
,4.0,4.0,2.0,7.0,7.0,0.0,1.0,4.0,3.0,5.0,0.0,2.0,
,4.0,4.0,2.0,7.0,7.0,0.0,1.0,4.0,3.0,5.0,0.0,2.0,
,4.0,4.0,2.0,7.0,7.0,0.0,1.0,4.0,3.0,5.0,0.0,2.0,
,4.0,4.0,2.0,7.0,7.0,0.0,1.0,4.0,3.0,5.0,0.0,2.0,
,4.0,4.0,2.0,7.0,7.0,0.0,1.0,4.0,3.0,5.0,0.0,2.0,
,3.0,6.0,2.0,1.0,0.0,1.0,11.0,2.0,2.0,4.0,0.0,1.0,33.0
,3.0,6.0,2.0,1.0,0.0,1.0,11.0,2.0,2.0,4.0,0.0,1.0,
,3.0,6.0,2.0,1.0,0.0,1.0,11.0,2.0,2.0,4.0,0.0,1.0,
,3.0,6.0,2.0,1.0,0.0,1.0,11.0,2.0,2.0,4.0,0.0,1.0,
,3.0,6.0,2.0,1.0,0.0,1.0,11.0,2.0,2.0,4.0,0.0,1.0,
,3.0,6.0,2.0,1.0,0.0,1.0,11.0,2.0,2.0,4.0,0.0,1.0,
,3.0,6.0,2.0,1.0,0.0,1.0,11.0,2.0,2.0,4.0,0.0,1.0,
,3.0,6.0,2.0,1.0,0.0,1.0,11.0,2.0,2.0,4.0,0.0,1.0,
,3.0,6.0,2.0,1.0,0.0,1.0,11.0,2.0,2.0,4.0,0.0,1.0,
,3.0,6.0,2.0,1.0,0.0,1.0,11.0,2.0,2.0,4.0,0.0,1.0,
,3.0,6.0,2.0,1.0,0.0,1.0,11.0,2.0,2.0,4.0,0.0,1.0,
,3.0,6.0,2.0,1.0,0.0,1.0,11.0,2.0,2.0,4.0,0.0,1.0,
,2.0,0.0,5.0,16.0,6.0,2.0,7.0,7.0,8.0,10.0,1.0,1.0,65.0
,2.0,0.0,5.0,16.0,6.0,2.0,7.0,7.0,8.0,10.0,1.0,1.0,
,2.0,0.0,5.0,16.0,6.0,2.0,7.0,7.0,8.0,10.0,1.0,1.0,
,2.0,0.0,5.0,16.0,6.0,2.0,7.0,7.0,8.0,10.0,1.0,1.0,
,2.0,0.0,5.0,16.0,6.0,2.0,7.0,7.0,8.0,10.0,1.0,1.0,
,2.0,0.0,5.0,16.0,6.0,2.0,7.0,7.0,8.0,10.0,1.0,1.0,
,2.0,0.0,5.0,16.0,6.0,2.0,7.0,7.0,8.0,10.0,1.0,1.0,
,2.0,0.0,5.0,16.0,6.0,2.0,7.0,7.0,8.0,10.0,1.0,1.0,
,2.0,0.0,5.0,16.0,6.0,2.0,7.0,7.0,8.0,10.0,1.0,1.0,
,2.0,0.0,5.0,16.0,6.0,2.0,7.0,7.0,8.0,10.0,1.0,1.0,
,2.0,0.0,5.0,16.0,6.0,2.0,7.0,7.0,8.0,10.0,1.0,1.0,
,2.0,0.0,5.0,16.0,6.0,2.0,7.0,7.0,8.0,10.0,1.0,1.0,
,8.0,8.0,7.0,22.0,10.0,19.0,19.0,10.0,10.0,12.0,3.0,18.0,146.0
,8.0,8.0,7.0,22.0,10.0,19.0,19.0,10.0,10.0,12.0,3.0,18.0,
,8.0,8.0,7.0,22.0,10.0,19.0,19.0,10.0,10.0,12.0,3.0,18.0,
,8.0,8.0,7.0,22.0,10.0,19.0,19.0,10.0,10.0,12.0,3.0,18.0,
,8.0,8.0,7.0,22.0,10.0,19.0,19.0,10.0,10.0,12.0,3.0,18.0,
,8.0,8.0,7.0,22.0,10.0,19.0,19.0,10.0,10.0,12.0,3.0,18.0,
,8.0,8.0,7.0,22.0,10.0,19.0,19.0,10.0,10.0,12.0,3.0,18.0,
,8.0,8.0,7.0,22.0,10.0,19.0,19.0,10.0,10.0,12.0,3.0,18.0,
,8.0,8.0,7.0,22.0,10.0,19.0,19.0,10.0,10.0,12.0,3.0,18.0,
,8.0,8.0,7.0,22.0,10.0,19.0,19.0,10.0,10.0,12.0,3.0,18.0,
,8.0,8.0,7.0,22.0,10.0,19.0,19.0,10.0,10.0,12.0,3.0,18.0,
,8.0,8.0,7.0,22.0,10.0,19.0,19.0,10.0,10.0,12.0,3.0,18.0,
,6.0,7.0,11.0,11.0,8.0,8.0,31.0,6.0,16.0,20.0,5.0,5.0,134.0
,6.0,7.0,11.0,11.0,8.0,8.0,31.0,6.0,16.0,20.0,5.0,5.0,
,6.0,7.0,11.0,11.0,8.0,8.0,31.0,6.0,16.0,20.0,5.0,5.0,
,6.0,7.0,11.0,11.0,8.0,8.0,31.0,6.0,16.0,20.0,5.0,5.0,
,6.0,7.0,11.0,11.0,8.0,8.0,31.0,6.0,16.0,20.0,5.0,5.0,
,6.0,7.0,11.0,11.0,8.0,8.0,31.0,6.0,16.0,20.0,5.0,5.0,
,6.0,7.0,11.0,11.0,8.0,8.0,31.0,6.0,16.0,20.0,5.0,5.0,
,6.0,7.0,11.0,11.0,8.0,8.0,31.0,6.0,16.0,20.0,5.0,5.0,
,6.0,7.0,11.0,11.0,8.0,8.0,31.0,6.0,16.0,20.0,5.0,5.0,
,6.0,7.0,11.0,11.0,8.0,8.0,31.0,6.0,16.0,20.0,5.0,5.0,
,6.0,7.0,11.0,11.0,8.0,8.0,31.0,6.0,16.0,20.0,5.0,5.0,
,6.0,7.0,11.0,11.0,8.0,8.0,31.0,6.0,16.0,20.0,5.0,5.0,
,31.0,1.0,8.0,4.0,12.0,5.0,2.0,2.0,3.0,1.0,0.0,0.0,69.0
,31.0,1.0,8.0,4.0,12.0,5.0,2.0,2.0,3.0,1.0,0.0,0.0,
,31.0,1.0,8.0,4.0,12.0,5.0,2.0,2.0,3.0,1.0,0.0,0.0,
,31.0,1.0,8.0,4.0,12.0,5.0,2.0,2.0,3.0,1.0,0.0,0.0,
,31.0,1.0,8.0,4.0,12.0,5.0,2.0,2.0,3.0,1.0,0.0,0.0,
,31.0,1.0,8.0,4.0,12.0,5.0,2.0,2.0,3.0,1.0,0.0,0.0,
,31.0,1.0,8.0,4.0,12.0,5.0,2.0,2.0,3.0,1.0,0.0,0.0,
,31.0,1.0,8.0,4.0,12.0,5.0,2.0,2.0,3.0,1.0,0.0,0.0,
,31.0,1.0,8.0,4.0,12.0,5.0,2.0,2.0,3.0,1.0,0.0,0.0,
,31.0,1.0,8.0,4.0,12.0,5.0,2.0,2.0,3.0,1.0,0.0,0.0,
,31.0,1.0,8.0,4.0,12.0,5.0,2.0,2.0,3.0,1.0,0.0,0.0,
,31.0,1.0,8.0,4.0,12.0,5.0,2.0,2.0,3.0,1.0,0.0,0.0,
,1.0,2.0,5.0,11.0,20.0,4.0,12.0,4.0,12.0,7.0,2.0,15.0,95.0
,1.0,2.0,5.0,11.0,20.0,4.0,12.0,4.0,12.0,7.0,2.0,15.0,
,1.0,2.0,5.0,11.0,20.0,4.0,12.0,4.0,12.0,7.0,2.0,15.0,
,1.0,2.0,5.0,11.0,20.0,4.0,12.0,4.0,12.0,7.0,2.0,15.0,
,1.0,2.0,5.0,11.0,20.0,4.0,12.0,4.0,12.0,7.0,2.0,15.0,
,1.0,2.0,5.0,11.0,20.0,4.0,12.0,4.0,12.0,7.0,2.0,15.0,
,1.0,2.0,5.0,11.0,20.0,4.0,12.0,4.0,12.0,7.0,2.0,15.0,
,1.0,2.0,5.0,11.0,20.0,4.0,12.0,4.0,12.0,7.0,2.0,15.0,
,1.0,2.0,5.0,11.0,20.0,4.0,12.0,4.0,12.0,7.0,2.0,15.0,
,1.0,2.0,5.0,11.0,20.0,4.0,12.0,4.0,12.0,7.0,2.0,15.0,
,1.0,2.0,5.0,11.0,20.0,4.0,12.0,4.0,12.0,7.0,2.0,15.0,
,1.0,2.0,5.0,11.0,20.0,4.0,12.0,4.0,12.0,7.0,2.0,15.0,
,9.0,1.0,2.0,14.0,9.0,3.0,19.0,3.0,4.0,8.0,4.0,20.0,96.0
,9.0,1.0,2.0,14.0,9.0,3.0,19.0,3.0,4.0,8.0,4.0,20.0,
,9.0,1.0,2.0,14.0,9.0,3.0,19.0,3.0,4.0,8.0,4.0,20.0,
,9.0,1.0,2.0,14.0,9.0,3.0,19.0,3.0,4.0,8.0,4.0,20.0,
,9.0,1.0,2.0,14.0,9.0,3.0,19.0,3.0,4.0,8.0,4.0,20.0,
,9.0,1.0,2.0,14.0,9.0,3.0,19.0,3.0,4.0,8.0,4.0,20.0,
,9.0,1.0,2.0,14.0,9.0,3.0,19.0,3.0,4.0,8.0,4.0,20.0,
,9.0,1.0,2.0,14.0,9.0,3.0,19.0,3.0,4.0,8.0,4.0,20.0,
,9.0,1.0,2.0,14.0,9.0,3.0,19.0,3.0,4.0,8.0,4.0,20.0,
,9.0,1.0,2.0,14.0,9.0,3.0,19.0,3.0,4.0,8.0,4.0,20.0,
,9.0,1.0,2.0,14.0,9.0,3.0,19.0,3.0,4.0,8.0,4.0,20.0,
,9.0,1.0,2.0,14.0,9.0,3.0,19.0,3.0,4.0,8.0,4.0,20.0,
,3.0,3.0,2.0,8.0,1.0,0.0,0.0,3.0,7.0,9.0,4.0,1.0,41.0
,3.0,3.0,2.0,8.0,1.0,0.0,0.0,3.0,7.0,9.0,4.0,1.0,
,3.0,3.0,2.0,8.0,1.0,0.0,0.0,3.0,7.0,9.0,4.0,1.0,
,3.0,3.0,2.0,8.0,1.0,0.0,0.0,3.0,7.0,9.0,4.0,1.0,
,3.0,3.0,2.0,8.0,1.0,0.0,0.0,3.0,7.0,9.0,4.0,1.0,
,3.0,3.0,2.0,8.0,1.0,0.0,0.0,3.0,7.0,9.0,4.0,1.0,
,3.0,3.0,2.0,8.0,1.0,0.0,0.0,3.0,7.0,9.0,4.0,1.0,
,3.0,3.0,2.0,8.0,1.0,0.0,0.0,3.0,7.0,9.0,4.0,1.0,
,3.0,3.0,2.0,8.0,1.0,0.0,0.0,3.0,7.0,9.0,4.0,1.0,
,3.0,3.0,2.0,8.0,1.0,0.0,0.0,3.0,7.0,9.0,4.0,1.0,
,3.0,3.0,2.0,8.0,1.0,0.0,0.0,3.0,7.0,9.0,4.0,1.0,
,3.0,3.0,2.0,8.0,1.0,0.0,0.0,3.0,7.0,9.0,4.0,1.0,
,3.0,3.0,5.0,1.0,1.0,1.0,0.0,11.0,5.0,5.0,3.0,0.0,38.0
,3.0,3.0,5.0,1.0,1.0,1.0,0.0,11.0,5.0,5.0,3.0,0.0,
,3.0,3.0,5.0,1.0,1.0,1.0,0.0,11.0,5.0,5.0,3.0,0.0,
,3.0,3.0,5.0,1.0,1.0,1.0,0.0,11.0,5.0,5.0,3.0,0.0,
,3.0,3.0,5.0,1.0,1.0,1.0,0.0,11.0,5.0,5.0,3.0,0.0,
,3.0,3.0,5.0,1.0,1.0,1.0,0.0,11.0,5.0,5.0,3.0,0.0,
,3.0,3.0,5.0,1.0,1.0,1.0,0.0,11.0,5.0,5.0,3.0,0.0,
,3.0,3.0,5.0,1.0,1.0,1.0,0.0,11.0,5.0,5.0,3.0,0.0,
,3.0,3.0,5.0,1.0,1.0,1.0,0.0,11.0,5.0,5.0,3.0,0.0,
,3.0,3.0,5.0,1.0,1.0,1.0,0.0,11.0,5.0,5.0,3.0,0.0,
,3.0,3.0,5.0,1.0,1.0,1.0,0.0,11.0,5.0,5.0,3.0,0.0,
,3.0,3.0,5.0,1.0,1.0,1.0,0.0,11.0,5.0,5.0,3.0,0.0,
,4.0,3.0,5.0,3.0,0.0,2.0,3.0,1.0,16.0,3.0,3.0,0.0,43.0
,4.0,3.0,5.0,3.0,0.0,2.0,3.0,1.0,16.0,3.0,3.0,0.0,
,4.0,3.0,5.0,3.0,0.0,2.0,3.0,1.0,16.0,3.0,3.0,0.0,
,4.0,3.0,5.0,3.0,0.0,2.0,3.0,1.0,16.0,3.0,3.0,0.0,
,4.0,3.0,5.0,3.0,0.0,2.0,3.0,1.0,16.0,3.0,3.0,0.0,
,4.0,3.0,5.0,3.0,0.0,2.0,3.0,1.0,16.0,3.0,3.0,0.0,
,4.0,3.0,5.0,3.0,0.0,2.0,3.0,1.0,16.0,3.0,3.0,0.0,
,4.0,3.0,5.0,3.0,0.0,2.0,3.0,1.0,16.0,3.0,3.0,0.0,
,4.0,3.0,5.0,3.0,0.0,2.0,3.0,1.0,16.0,3.0,3.0,0.0,
,4.0,3.0,5.0,3.0,0.0,2.0,3.0,1.0,16.0,3.0,3.0,0.0,
,4.0,3.0,5.0,3.0,0.0,2.0,3.0,1.0,16.0,3.0,3.0,0.0,
,4.0,3.0,5.0,3.0,0.0,2.0,3.0,1.0,16.0,3.0,3.0,0.0,
,2.0,4.0,0.0,2.0,3.0,1.0,2.0,3.0,1.0,3.0,1.0,1.0,23.0
,2.0,4.0,0.0,2.0,3.0,1.0,2.0,3.0,1.0,3.0,1.0,1.0,
,2.0,4.0,0.0,2.0,3.0,1.0,2.0,3.0,1.0,3.0,1.0,1.0,
,2.0,4.0,0.0,2.0,3.0,1.0,2.0,3.0,1.0,3.0,1.0,1.0,
,2.0,4.0,0.0,2.0,3.0,1.0,2.0,3.0,1.0,3.0,1.0,1.0,
,2.0,4.0,0.0,2.0,3.0,1.0,2.0,3.0,1.0,3.0,1.0,1.0,
,2.0,4.0,0.0,2.0,3.0,1.0,2.0,3.0,1.0,3.0,1.0,1.0,
,2.0,4.0,0.0,2.0,3.0,1.0,2.0,3.0,1.0,3.0,1.0,1.0,
,2.0,4.0,0.0,2.0,3.0,1.0,2.0,3.0,1.0,3.0,1.0,1.0,
,2.0,4.0,0.0,2.0,3.0,1.0,2.0,3.0,1.0,3.0,1.0,1.0,
,2.0,4.0,0.0,2.0,3.0,1.0,2.0,3.0,1.0,3.0,1.0,1.0,
,2.0,4.0,0.0,2.0,3.0,1.0,2.0,3.0,1.0,3.0,1.0,1.0,
,4.0,6.0,4.0,1.0,3.0,30.0,5.0,3.0,4.0,5.0,30.0,31.0,126.0
,4.0,6.0,4.0,1.0,3.0,30.0,5.0,3.0,4.0,5.0,30.0,31.0,
,4.0,6.0,4.0,1.0,3.0,30.0,5.0,3.0,4.0,5.0,30.0,31.0,
,4.0,6.0,4.0,1.0,3.0,30.0,5.0,3.0,4.0,5.0,30.0,31.0,
,4.0,6.0,4.0,1.0,3.0,30.0,5.0,3.0,4.0,5.0,30.0,31.0,
,4.0,6.0,4.0,1.0,3.0,30.0,5.0,3.0,4.0,5.0,30.0,31.0,
,4.0,6.0,4.0,1.0,3.0,30.0,5.0,3.0,4.0,5.0,30.0,31.0,
,4.0,6.0,4.0,1.0,3.0,30.0,5.0,3.0,4.0,5.0,30.0,31.0,
,4.0,6.0,4.0,1.0,3.0,30.0,5.0,3.0,4.0,5.0,30.0,31.0,
,4.0,6.0,4.0,1.0,3.0,30.0,5.0,3.0,4.0,5.0,30.0,31.0,
,4.0,6.0,4.0,1.0,3.0,30.0,5.0,3.0,4.0,5.0,30.0,31.0,
,4.0,6.0,4.0,1.0,3.0,30.0,5.0,3.0,4.0,5.0,30.0,31.0,
,5.0,8.0,3.0,6.0,3.0,7.0,2.0,1.0,0.0,2.0,4.0,0.0,41.0
,5.0,8.0,3.0,6.0,3.0,7.0,2.0,1.0,0.0,2.0,4.0,0.0,
,5.0,8.0,3.0,6.0,3.0,7.0,2.0,1.0,0.0,2.0,4.0,0.0,
,5.0,8.0,3.0,6.0,3.0,7.0,2.0,1.0,0.0,2.0,4.0,0.0,
,5.0,8.0,3.0,6.0,3.0,7.0,2.0,1.0,0.0,2.0,4.0,0.0,
,5.0,8.0,3.0,6.0,3.0,7.0,2.0,1.0,0.0,2.0,4.0,0.0,
,5.0,8.0,3.0,6.0,3.0,7.0,2.0,1.0,0.0,2.0,4.0,0.0,
,5.0,8.0,3.0,6.0,3.0,7.0,2.0,1.0,0.0,2.0,4.0,0.0,
,5.0,8.0,3.0,6.0,3.0,7.0,2.0,1.0,0.0,2.0,4.0,0.0,
,5.0,8.0,3.0,6.0,3.0,7.0,2.0,1.0,0.0,2.0,4.0,0.0,
,5.0,8.0,3.0,6.0,3.0,7.0,2.0,1.0,0.0,2.0,4.0,0.0,
,5.0,8.0,3.0,6.0,3.0,7.0,2.0,1.0,0.0,2.0,4.0,0.0,
,3.0,4.0,3.0,8.0,2.0,3.0,6.0,6.0,2.0,7.0,9.0,3.0,56.0
,3.0,4.0,3.0,8.0,2.0,3.0,6.0,6.0,2.0,7.0,9.0,3.0,
,3.0,4.0,3.0,8.0,2.0,3.0,6.0,6.0,2.0,7.0,9.0,3.0,
,3.0,4.0,3.0,8.0,2.0,3.0,6.0,6.0,2.0,7.0,9.0,3.0,
,3.0,4.0,3.0,8.0,2.0,3.0,6.0,6.0,2.0,7.0,9.0,3.0,
,3.0,4.0,3.0,8.0,2.0,3.0,6.0,6.0,2.0,7.0,9.0,3.0,
,3.0,4.0,3.0,8.0,2.0,3.0,6.0,6.0,2.0,7.0,9.0,3.0,
,3.0,4.0,3.0,8.0,2.0,3.0,6.0,6.0,2.0,7.0,9.0,3.0,
,3.0,4.0,3.0,8.0,2.0,3.0,6.0,6.0,2.0,7.0,9.0,3.0,
,3.0,4.0,3.0,8.0,2.0,3.0,6.0,6.0,2.0,7.0,9.0,3.0,
,3.0,4.0,3.0,8.0,2.0,3.0,6.0,6.0,2.0,7.0,9.0,3.0,
,3.0,4.0,3.0,8.0,2.0,3.0,6.0,6.0,2.0,7.0,9.0,3.0,
,4.0,2.0,8.0,3.0,7.0,0.0,3.0,4.0,1.0,4.0,1.0,0.0,37.0
,4.0,2.0,8.0,3.0,7.0,0.0,3.0,4.0,1.0,4.0,1.0,0.0,
,4.0,2.0,8.0,3.0,7.0,0.0,3.0,4.0,1.0,4.0,1.0,0.0,
,4.0,2.0,8.0,3.0,7.0,0.0,3.0,4.0,1.0,4.0,1.0,0.0,
,4.0,2.0,8.0,3.0,7.0,0.0,3.0,4.0,1.0,4.0,1.0,0.0,
,4.0,2.0,8.0,3.0,7.0,0.0,3.0,4.0,1.0,4.0,1.0,0.0,
,4.0,2.0,8.0,3.0,7.0,0.0,3.0,4.0,1.0,4.0,1.0,0.0,
,4.0,2.0,8.0,3.0,7.0,0.0,3.0,4.0,1.0,4.0,1.0,0.0,
,4.0,2.0,8.0,3.0,7.0,0.0,3.0,4.0,1.0,4.0,1.0,0.0,
,4.0,2.0,8.0,3.0,7.0,0.0,3.0,4.0,1.0,4.0,1.0,0.0,
,4.0,2.0,8.0,3.0,7.0,0.0,3.0,4.0,1.0,4.0,1.0,0.0,
,4.0,2.0,8.0,3.0,7.0,0.0,3.0,4.0,1.0,4.0,1.0,0.0,
,4.0,1.0,1.0,0.0,0.0,0.0,1.0,1.0,0.0,0.0,1.0,2.0,11.0
,4.0,1.0,1.0,0.0,0.0,0.0,1.0,1.0,0.0,0.0,1.0,2.0,
,4.0,1.0,1.0,0.0,0.0,0.0,1.0,1.0,0.0,0.0,1.0,2.0,
,4.0,1.0,1.0,0.0,0.0,0.0,1.0,1.0,0.0,0.0,1.0,2.0,
,4.0,1.0,1.0,0.0,0.0,0.0,1.0,1.0,0.0,0.0,1.0,2.0,
,4.0,1.0,1.0,0.0,0.0,0.0,1.0,1.0,0.0,0.0,1.0,2.0,
,4.0,1.0,1.0,0.0,0.0,0.0,1.0,1.0,0.0,0.0,1.0,2.0,
,4.0,1.0,1.0,0.0,0.0,0.0,1.0,1.0,0.0,0.0,1.0,2.0,
,4.0,1.0,1.0,0.0,0.0,0.0,1.0,1.0,0.0,0.0,1.0,2.0,
,4.0,1.0,1.0,0.0,0.0,0.0,1.0,1.0,0.0,0.0,1.0,2.0,
,4.0,1.0,1.0,0.0,0.0,0.0,1.0,1.0,0.0,0.0,1.0,2.0,
,4.0,1.0,1.0,0.0,0.0,0.0,1.0,1.0,0.0,0.0,1.0,2.0,
,6.0,1.0,6.0,0.0,3.0,0.0,2.0,2.0,2.0,8.0,7.0,5.0,42.0
,6.0,1.0,6.0,0.0,3.0,0.0,2.0,2.0,2.0,8.0,7.0,5.0,
,6.0,1.0,6.0,0.0,3.0,0.0,2.0,2.0,2.0,8.0,7.0,5.0,
,6.0,1.0,6.0,0.0,3.0,0.0,2.0,2.0,2.0,8.0,7.0,5.0,
,6.0,1.0,6.0,0.0,3.0,0.0,2.0,2.0,2.0,8.0,7.0,5.0,
,6.0,1.0,6.0,0.0,3.0,0.0,2.0,2.0,2.0,8.0,7.0,5.0,
,6.0,1.0,6.0,0.0,3.0,0.0,2.0,2.0,2.0,8.0,7.0,5.0,
,6.0,1.0,6.0,0.0,3.0,0.0,2.0,2.0,2.0,8.0,7.0,5.0,
,6.0,1.0,6.0,0.0,3.0,0.0,2.0,2.0,2.0,8.0,7.0,5.0,
,6.0,1.0,6.0,0.0,3.0,0.0,2.0,2.0,2.0,8.0,7.0,5.0,
,6.0,1.0,6.0,0.0,3.0,0.0,2.0,2.0,2.0,8.0,7.0,5.0,
,6.0,1.0,6.0,0.0,3.0,0.0,2.0,2.0,2.0,8.0,7.0,5.0,
,6.0,5.0,4.0,5.0,0.0,3.0,1.0,3.0,3.0,0.0,2.0,6.0,38.0
,6.0,5.0,4.0,5.0,0.0,3.0,1.0,3.0,3.0,0.0,2.0,6.0,
,6.0,5.0,4.0,5.0,0.0,3.0,1.0,3.0,3.0,0.0,2.0,6.0,
,6.0,5.0,4.0,5.0,0.0,3.0,1.0,3.0,3.0,0.0,2.0,6.0,
,6.0,5.0,4.0,5.0,0.0,3.0,1.0,3.0,3.0,0.0,2.0,6.0,
,6.0,5.0,4.0,5.0,0.0,3.0,1.0,3.0,3.0,0.0,2.0,6.0,
,6.0,5.0,4.0,5.0,0.0,3.0,1.0,3.0,3.0,0.0,2.0,6.0,
,6.0,5.0,4.0,5.0,0.0,3.0,1.0,3.0,3.0,0.0,2.0,6.0,
,6.0,5.0,4.0,5.0,0.0,3.0,1.0,3.0,3.0,0.0,2.0,6.0,
,6.0,5.0,4.0,5.0,0.0,3.0,1.0,3.0,3.0,0.0,2.0,6.0,
,6.0,5.0,4.0,5.0,0.0,3.0,1.0,3.0,3.0,0.0,2.0,6.0,
,6.0,5.0,4.0,5.0,0.0,3.0,1.0,3.0,3.0,0.0,2.0,6.0,
,1.0,2.0,3.0,2.0,0.0,3.0,1.0,3.0,0.0,5.0,2.0,3.0,25.0
,1.0,2.0,3.0,2.0,0.0,3.0,1.0,3.0,0.0,5.0,2.0,3.0,
,1.0,2.0,3.0,2.0,0.0,3.0,1.0,3.0,0.0,5.0,2.0,3.0,
,1.0,2.0,3.0,2.0,0.0,3.0,1.0,3.0,0.0,5.0,2.0,3.0,
,1.0,2.0,3.0,2.0,0.0,3.0,1.0,3.0,0.0,5.0,2.0,3.0,
,1.0,2.0,3.0,2.0,0.0,3.0,1.0,3.0,0.0,5.0,2.0,3.0,
,1.0,2.0,3.0,2.0,0.0,3.0,1.0,3.0,0.0,5.0,2.0,3.0,
,1.0,2.0,3.0,2.0,0.0,3.0,1.0,3.0,0.0,5.0,2.0,3.0,
,1.0,2.0,3.0,2.0,0.0,3.0,1.0,3.0,0.0,5.0,2.0,3.0,
,1.0,2.0,3.0,2.0,0.0,3.0,1.0,3.0,0.0,5.0,2.0,3.0,
,1.0,2.0,3.0,2.0,0.0,3.0,1.0,3.0,0.0,5.0,2.0,3.0,
,1.0,2.0,3.0,2.0,0.0,3.0,1.0,3.0,0.0,5.0,2.0,3.0,
,8.0,1.0,3.0,2.0,1.0,1.0,1.0,0.0,2.0,0.0,0.0,2.0,21.0
,8.0,1.0,3.0,2.0,1.0,1.0,1.0,0.0,2.0,0.0,0.0,2.0,
,8.0,1.0,3.0,2.0,1.0,1.0,1.0,0.0,2.0,0.0,0.0,2.0,
,8.0,1.0,3.0,2.0,1.0,1.0,1.0,0.0,2.0,0.0,0.0,2.0,
,8.0,1.0,3.0,2.0,1.0,1.0,1.0,0.0,2.0,0.0,0.0,2.0,
,8.0,1.0,3.0,2.0,1.0,1.0,1.0,0.0,2.0,0.0,0.0,2.0,
,8.0,1.0,3.0,2.0,1.0,1.0,1.0,0.0,2.0,0.0,0.0,2.0,
,8.0,1.0,3.0,2.0,1.0,1.0,1.0,0.0,2.0,0.0,0.0,2.0,
,8.0,1.0,3.0,2.0,1.0,1.0,1.0,0.0,2.0,0.0,0.0,2.0,
,8.0,1.0,3.0,2.0,1.0,1.0,1.0,0.0,2.0,0.0,0.0,2.0,
,8.0,1.0,3.0,2.0,1.0,1.0,1.0,0.0,2.0,0.0,0.0,2.0,
,8.0,1.0,3.0,2.0,1.0,1.0,1.0,0.0,2.0,0.0,0.0,2.0,
,3.0,3.0,2.0,0.0,0.0,1.0,1.0,0.0,3.0,2.0,0.0,1.0,16.0
,3.0,3.0,2.0,0.0,0.0,1.0,1.0,0.0,3.0,2.0,0.0,1.0,
,3.0,3.0,2.0,0.0,0.0,1.0,1.0,0.0,3.0,2.0,0.0,1.0,
,3.0,3.0,2.0,0.0,0.0,1.0,1.0,0.0,3.0,2.0,0.0,1.0,
,3.0,3.0,2.0,0.0,0.0,1.0,1.0,0.0,3.0,2.0,0.0,1.0,
,3.0,3.0,2.0,0.0,0.0,1.0,1.0,0.0,3.0,2.0,0.0,1.0,
,3.0,3.0,2.0,0.0,0.0,1.0,1.0,0.0,3.0,2.0,0.0,1.0,
,3.0,3.0,2.0,0.0,0.0,1.0,1.0,0.0,3.0,2.0,0.0,1.0,
,3.0,3.0,2.0,0.0,0.0,1.0,1.0,0.0,3.0,2.0,0.0,1.0,
,3.0,3.0,2.0,0.0,0.0,1.0,1.0,0.0,3.0,2.0,0.0,1.0,
,3.0,3.0,2.0,0.0,0.0,1.0,1.0,0.0,3.0,2.0,0.0,1.0,
,3.0,3.0,2.0,0.0,0.0,1.0,1.0,0.0,3.0,2.0,0.0,1.0,
,11.0,3.0,7.0,1.0,2.0,7.0,5.0,3.0,4.0,1.0,0.0,1.0,45.0
,11.0,3.0,7.0,1.0,2.0,7.0,5.0,3.0,4.0,1.0,0.0,1.0,
,11.0,3.0,7.0,1.0,2.0,7.0,5.0,3.0,4.0,1.0,0.0,1.0,
,11.0,3.0,7.0,1.0,2.0,7.0,5.0,3.0,4.0,1.0,0.0,1.0,
,11.0,3.0,7.0,1.0,2.0,7.0,5.0,3.0,4.0,1.0,0.0,1.0,
,11.0,3.0,7.0,1.0,2.0,7.0,5.0,3.0,4.0,1.0,0.0,1.0,
,11.0,3.0,7.0,1.0,2.0,7.0,5.0,3.0,4.0,1.0,0.0,1.0,
,11.0,3.0,7.0,1.0,2.0,7.0,5.0,3.0,4.0,1.0,0.0,1.0,
,11.0,3.0,7.0,1.0,2.0,7.0,5.0,3.0,4.0,1.0,0.0,1.0,
,11.0,3.0,7.0,1.0,2.0,7.0,5.0,3.0,4.0,1.0,0.0,1.0,
,11.0,3.0,7.0,1.0,2.0,7.0,5.0,3.0,4.0,1.0,0.0,1.0,
,11.0,3.0,7.0,1.0,2.0,7.0,5.0,3.0,4.0,1.0,0.0,1.0,
,1.0,1.0,5.0,2.0,5.0,4.0,5.0,3.0,2.0,0.0,1.0,5.0,34.0
,1.0,1.0,5.0,2.0,5.0,4.0,5.0,3.0,2.0,0.0,1.0,5.0,
,1.0,1.0,5.0,2.0,5.0,4.0,5.0,3.0,2.0,0.0,1.0,5.0,
,1.0,1.0,5.0,2.0,5.0,4.0,5.0,3.0,2.0,0.0,1.0,5.0,
,1.0,1.0,5.0,2.0,5.0,4.0,5.0,3.0,2.0,0.0,1.0,5.0,
,1.0,1.0,5.0,2.0,5.0,4.0,5.0,3.0,2.0,0.0,1.0,5.0,
,1.0,1.0,5.0,2.0,5.0,4.0,5.0,3.0,2.0,0.0,1.0,5.0,
,1.0,1.0,5.0,2.0,5.0,4.0,5.0,3.0,2.0,0.0,1.0,5.0,
,1.0,1.0,5.0,2.0,5.0,4.0,5.0,3.0,2.0,0.0,1.0,5.0,
,1.0,1.0,5.0,2.0,5.0,4.0,5.0,3.0,2.0,0.0,1.0,5.0,
,1.0,1.0,5.0,2.0,5.0,4.0,5.0,3.0,2.0,0.0,1.0,5.0,
,1.0,1.0,5.0,2.0,5.0,4.0,5.0,3.0,2.0,0.0,1.0,5.0,
,0.0,2.0,5.0,8.0,4.0,4.0,1.0,1.0,3.0,4.0,0.0,0.0,32.0
,0.0,2.0,5.0,8.0,4.0,4.0,1.0,1.0,3.0,4.0,0.0,0.0,
,0.0,2.0,5.0,8.0,4.0,4.0,1.0,1.0,3.0,4.0,0.0,0.0,
,0.0,2.0,5.0,8.0,4.0,4.0,1.0,1.0,3.0,4.0,0.0,0.0,
,0.0,2.0,5.0,8.0,4.0,4.0,1.0,1.0,3.0,4.0,0.0,0.0,
,0.0,2.0,5.0,8.0,4.0,4.0,1.0,1.0,3.0,4.0,0.0,0.0,
,0.0,2.0,5.0,8.0,4.0,4.0,1.0,1.0,3.0,4.0,0.0,0.0,
,0.0,2.0,5.0,8.0,4.0,4.0,1.0,1.0,3.0,4.0,0.0,0.0,
,0.0,2.0,5.0,8.0,4.0,4.0,1.0,1.0,3.0,4.0,0.0,0.0,
,0.0,2.0,5.0,8.0,4.0,4.0,1.0,1.0,3.0,4.0,0.0,0.0,
,0.0,2.0,5.0,8.0,4.0,4.0,1.0,1.0,3.0,4.0,0.0,0.0,
,0.0,2.0,5.0,8.0,4.0,4.0,1.0,1.0,3.0,4.0,0.0,0.0,
,0.0,6.0,3.0,2.0,2.0,3.0,2.0,1.0,6.0,0.0,0.0,1.0,26.0
,0.0,6.0,3.0,2.0,2.0,3.0,2.0,1.0,6.0,0.0,0.0,1.0,
,0.0,6.0,3.0,2.0,2.0,3.0,2.0,1.0,6.0,0.0,0.0,1.0,
,0.0,6.0,3.0,2.0,2.0,3.0,2.0,1.0,6.0,0.0,0.0,1.0,
,0.0,6.0,3.0,2.0,2.0,3.0,2.0,1.0,6.0,0.0,0.0,1.0,
,0.0,6.0,3.0,2.0,2.0,3.0,2.0,1.0,6.0,0.0,0.0,1.0,
,0.0,6.0,3.0,2.0,2.0,3.0,2.0,1.0,6.0,0.0,0.0,1.0,
,0.0,6.0,3.0,2.0,2.0,3.0,2.0,1.0,6.0,0.0,0.0,1.0,
,0.0,6.0,3.0,2.0,2.0,3.0,2.0,1.0,6.0,0.0,0.0,1.0,
,0.0,6.0,3.0,2.0,2.0,3.0,2.0,1.0,6.0,0.0,0.0,1.0,
,0.0,6.0,3.0,2.0,2.0,3.0,2.0,1.0,6.0,0.0,0.0,1.0,
,0.0,6.0,3.0,2.0,2.0,3.0,2.0,1.0,6.0,0.0,0.0,1.0,
,2.0,4.0,5.0,3.0,7.0,5.0,9.0,5.0,2.0,2.0,0.0,2.0,46.0
,2.0,4.0,5.0,3.0,7.0,5.0,9.0,5.0,2.0,2.0,0.0,2.0,
,2.0,4.0,5.0,3.0,7.0,5.0,9.0,5.0,2.0,2.0,0.0,2.0,
,2.0,4.0,5.0,3.0,7.0,5.0,9.0,5.0,2.0,2.0,0.0,2.0,
,2.0,4.0,5.0,3.0,7.0,5.0,9.0,5.0,2.0,2.0,0.0,2.0,
,2.0,4.0,5.0,3.0,7.0,5.0,9.0,5.0,2.0,2.0,0.0,2.0,
,2.0,4.0,5.0,3.0,7.0,5.0,9.0,5.0,2.0,2.0,0.0,2.0,
,2.0,4.0,5.0,3.0,7.0,5.0,9.0,5.0,2.0,2.0,0.0,2.0,
,2.0,4.0,5.0,3.0,7.0,5.0,9.0,5.0,2.0,2.0,0.0,2.0,
,2.0,4.0,5.0,3.0,7.0,5.0,9.0,5.0,2.0,2.0,0.0,2.0,
,2.0,4.0,5.0,3.0,7.0,5.0,9.0,5.0,2.0,2.0,0.0,2.0,
,2.0,4.0,5.0,3.0,7.0,5.0,9.0,5.0,2.0,2.0,0.0,2.0,
,0.0,4.0,1.0,9.0,2.0,2.0,1.0,1.0,0.0,6.0,1.0,2.0,29.0
,0.0,4.0,1.0,9.0,2.0,2.0,1.0,1.0,0.0,6.0,1.0,2.0,
,0.0,4.0,1.0,9.0,2.0,2.0,1.0,1.0,0.0,6.0,1.0,2.0,
,0.0,4.0,1.0,9.0,2.0,2.0,1.0,1.0,0.0,6.0,1.0,2.0,
,0.0,4.0,1.0,9.0,2.0,2.0,1.0,1.0,0.0,6.0,1.0,2.0,
,0.0,4.0,1.0,9.0,2.0,2.0,1.0,1.0,0.0,6.0,1.0,2.0,
,0.0,4.0,1.0,9.0,2.0,2.0,1.0,1.0,0.0,6.0,1.0,2.0,
,0.0,4.0,1.0,9.0,2.0,2.0,1.0,1.0,0.0,6.0,1.0,2.0,
,0.0,4.0,1.0,9.0,2.0,2.0,1.0,1.0,0.0,6.0,1.0,2.0,
,0.0,4.0,1.0,9.0,2.0,2.0,1.0,1.0,0.0,6.0,1.0,2.0,
,0.0,4.0,1.0,9.0,2.0,2.0,1.0,1.0,0.0,6.0,1.0,2.0,
,0.0,4.0,1.0,9.0,2.0,2.0,1.0,1.0,0.0,6.0,1.0,2.0,
,4.0,2.0,2.0,1.0,0.0,3.0,0.0,0.0,2.0,7.0,0.0,9.0,30.0
,4.0,2.0,2.0,1.0,0.0,3.0,0.0,0.0,2.0,7.0,0.0,9.0,
,4.0,2.0,2.0,1.0,0.0,3.0,0.0,0.0,2.0,7.0,0.0,9.0,
,4.0,2.0,2.0,1.0,0.0,3.0,0.0,0.0,2.0,7.0,0.0,9.0,
,4.0,2.0,2.0,1.0,0.0,3.0,0.0,0.0,2.0,7.0,0.0,9.0,
,4.0,2.0,2.0,1.0,0.0,3.0,0.0,0.0,2.0,7.0,0.0,9.0,
,4.0,2.0,2.0,1.0,0.0,3.0,0.0,0.0,2.0,7.0,0.0,9.0,
,4.0,2.0,2.0,1.0,0.0,3.0,0.0,0.0,2.0,7.0,0.0,9.0,
,4.0,2.0,2.0,1.0,0.0,3.0,0.0,0.0,2.0,7.0,0.0,9.0,
,4.0,2.0,2.0,1.0,0.0,3.0,0.0,0.0,2.0,7.0,0.0,9.0,
,4.0,2.0,2.0,1.0,0.0,3.0,0.0,0.0,2.0,7.0,0.0,9.0,
,4.0,2.0,2.0,1.0,0.0,3.0,0.0,0.0,2.0,7.0,0.0,9.0,
,2.0,8.0,0.0,2.0,3.0,3.0,2.0,0.0,7.0,7.0,14.0,1.0,49.0
,2.0,8.0,0.0,2.0,3.0,3.0,2.0,0.0,7.0,7.0,14.0,1.0,
,2.0,8.0,0.0,2.0,3.0,3.0,2.0,0.0,7.0,7.0,14.0,1.0,
,2.0,8.0,0.0,2.0,3.0,3.0,2.0,0.0,7.0,7.0,14.0,1.0,
,2.0,8.0,0.0,2.0,3.0,3.0,2.0,0.0,7.0,7.0,14.0,1.0,
,2.0,8.0,0.0,2.0,3.0,3.0,2.0,0.0,7.0,7.0,14.0,1.0,
,2.0,8.0,0.0,2.0,3.0,3.0,2.0,0.0,7.0,7.0,14.0,1.0,
,2.0,8.0,0.0,2.0,3.0,3.0,2.0,0.0,7.0,7.0,14.0,1.0,
,2.0,8.0,0.0,2.0,3.0,3.0,2.0,0.0,7.0,7.0,14.0,1.0,
,2.0,8.0,0.0,2.0,3.0,3.0,2.0,0.0,7.0,7.0,14.0,1.0,
,2.0,8.0,0.0,2.0,3.0,3.0,2.0,0.0,7.0,7.0,14.0,1.0,
,2.0,8.0,0.0,2.0,3.0,3.0,2.0,0.0,7.0,7.0,14.0,1.0,
,1.0,0.0,2.0,0.0,0.0,1.0,0.0,0.0,1.0,2.0,0.0,0.0,7.0
,1.0,0.0,2.0,0.0,0.0,1.0,0.0,0.0,1.0,2.0,0.0,0.0,
,1.0,0.0,2.0,0.0,0.0,1.0,0.0,0.0,1.0,2.0,0.0,0.0,
,1.0,0.0,2.0,0.0,0.0,1.0,0.0,0.0,1.0,2.0,0.0,0.0,
,1.0,0.0,2.0,0.0,0.0,1.0,0.0,0.0,1.0,2.0,0.0,0.0,
,1.0,0.0,2.0,0.0,0.0,1.0,0.0,0.0,1.0,2.0,0.0,0.0,
,1.0,0.0,2.0,0.0,0.0,1.0,0.0,0.0,1.0,2.0,0.0,0.0,
,1.0,0.0,2.0,0.0,0.0,1.0,0.0,0.0,1.0,2.0,0.0,0.0,
,1.0,0.0,2.0,0.0,0.0,1.0,0.0,0.0,1.0,2.0,0.0,0.0,
,1.0,0.0,2.0,0.0,0.0,1.0,0.0,0.0,1.0,2.0,0.0,0.0,
,1.0,0.0,2.0,0.0,0.0,1.0,0.0,0.0,1.0,2.0,0.0,0.0,
,1.0,0.0,2.0,0.0,0.0,1.0,0.0,0.0,1.0,2.0,0.0,0.0,
,0.0,1.0,0.0,5.0,1.0,1.0,4.0,1.0,0.0,2.0,2.0,3.0,20.0
,0.0,1.0,0.0,5.0,1.0,1.0,4.0,1.0,0.0,2.0,2.0,3.0,
,0.0,1.0,0.0,5.0,1.0,1.0,4.0,1.0,0.0,2.0,2.0,3.0,
,0.0,1.0,0.0,5.0,1.0,1.0,4.0,1.0,0.0,2.0,2.0,3.0,
,0.0,1.0,0.0,5.0,1.0,1.0,4.0,1.0,0.0,2.0,2.0,3.0,
,0.0,1.0,0.0,5.0,1.0,1.0,4.0,1.0,0.0,2.0,2.0,3.0,
,0.0,1.0,0.0,5.0,1.0,1.0,4.0,1.0,0.0,2.0,2.0,3.0,
,0.0,1.0,0.0,5.0,1.0,1.0,4.0,1.0,0.0,2.0,2.0,3.0,
,0.0,1.0,0.0,5.0,1.0,1.0,4.0,1.0,0.0,2.0,2.0,3.0,
,0.0,1.0,0.0,5.0,1.0,1.0,4.0,1.0,0.0,2.0,2.0,3.0,
,0.0,1.0,0.0,5.0,1.0,1.0,4.0,1.0,0.0,2.0,2.0,3.0,
,0.0,1.0,0.0,5.0,1.0,1.0,4.0,1.0,0.0,2.0,2.0,3.0,
,0.0,1.0,3.0,3.0,5.0,0.0,2.0,1.0,3.0,5.0,3.0,3.0,29.0
,0.0,1.0,3.0,3.0,5.0,0.0,2.0,1.0,3.0,5.0,3.0,3.0,
,0.0,1.0,3.0,3.0,5.0,0.0,2.0,1.0,3.0,5.0,3.0,3.0,
,0.0,1.0,3.0,3.0,5.0,0.0,2.0,1.0,3.0,5.0,3.0,3.0,
,0.0,1.0,3.0,3.0,5.0,0.0,2.0,1.0,3.0,5.0,3.0,3.0,
,0.0,1.0,3.0,3.0,5.0,0.0,2.0,1.0,3.0,5.0,3.0,3.0,
,0.0,1.0,3.0,3.0,5.0,0.0,2.0,1.0,3.0,5.0,3.0,3.0,
,0.0,1.0,3.0,3.0,5.0,0.0,2.0,1.0,3.0,5.0,3.0,3.0,
,0.0,1.0,3.0,3.0,5.0,0.0,2.0,1.0,3.0,5.0,3.0,3.0,
,0.0,1.0,3.0,3.0,5.0,0.0,2.0,1.0,3.0,5.0,3.0,3.0,
,0.0,1.0,3.0,3.0,5.0,0.0,2.0,1.0,3.0,5.0,3.0,3.0,
,0.0,1.0,3.0,3.0,5.0,0.0,2.0,1.0,3.0,5.0,3.0,3.0,
,0.0,4.0,1.0,0.0,0.0,0.0,1.0,0.0,0.0,2.0,1.0,0.0,9.0
,0.0,4.0,1.0,0.0,0.0,0.0,1.0,0.0,0.0,2.0,1.0,0.0,
,0.0,4.0,1.0,0.0,0.0,0.0,1.0,0.0,0.0,2.0,1.0,0.0,
,0.0,4.0,1.0,0.0,0.0,0.0,1.0,0.0,0.0,2.0,1.0,0.0,
,0.0,4.0,1.0,0.0,0.0,0.0,1.0,0.0,0.0,2.0,1.0,0.0,
,0.0,4.0,1.0,0.0,0.0,0.0,1.0,0.0,0.0,2.0,1.0,0.0,
,0.0,4.0,1.0,0.0,0.0,0.0,1.0,0.0,0.0,2.0,1.0,0.0,
,0.0,4.0,1.0,0.0,0.0,0.0,1.0,0.0,0.0,2.0,1.0,0.0,
,0.0,4.0,1.0,0.0,0.0,0.0,1.0,0.0,0.0,2.0,1.0,0.0,
,0.0,4.0,1.0,0.0,0.0,0.0,1.0,0.0,0.0,2.0,1.0,0.0,
,0.0,4.0,1.0,0.0,0.0,0.0,1.0,0.0,0.0,2.0,1.0,0.0,
,0.0,4.0,1.0,0.0,0.0,0.0,1.0,0.0,0.0,2.0,1.0,0.0,
,5.0,0.0,2.0,1.0,0.0,0.0,0.0,0.0,0.0,0.0,0.0,0.0,8.0
,5.0,0.0,2.0,1.0,0.0,0.0,0.0,0.0,0.0,0.0,0.0,0.0,
,5.0,0.0,2.0,1.0,0.0,0.0,0.0,0.0,0.0,0.0,0.0,0.0,
,5.0,0.0,2.0,1.0,0.0,0.0,0.0,0.0,0.0,0.0,0.0,0.0,
,5.0,0.0,2.0,1.0,0.0,0.0,0.0,0.0,0.0,0.0,0.0,0.0,
,5.0,0.0,2.0,1.0,0.0,0.0,0.0,0.0,0.0,0.0,0.0,0.0,
,5.0,0.0,2.0,1.0,0.0,0.0,0.0,0.0,0.0,0.0,0.0,0.0,
,5.0,0.0,2.0,1.0,0.0,0.0,0.0,0.0,0.0,0.0,0.0,0.0,
,5.0,0.0,2.0,1.0,0.0,0.0,0.0,0.0,0.0,0.0,0.0,0.0,
,5.0,0.0,2.0,1.0,0.0,0.0,0.0,0.0,0.0,0.0,0.0,0.0,
,5.0,0.0,2.0,1.0,0.0,0.0,0.0,0.0,0.0,0.0,0.0,0.0,
,5.0,0.0,2.0,1.0,0.0,0.0,0.0,0.0,0.0,0.0,0.0,0.0,
,0.0,1.0,4.0,2.0,1.0,0.0,6.0,0.0,3.0,0.0,1.0,1.0,19.0
,0.0,1.0,4.0,2.0,1.0,0.0,6.0,0.0,3.0,0.0,1.0,1.0,
,0.0,1.0,4.0,2.0,1.0,0.0,6.0,0.0,3.0,0.0,1.0,1.0,
,0.0,1.0,4.0,2.0,1.0,0.0,6.0,0.0,3.0,0.0,1.0,1.0,
,0.0,1.0,4.0,2.0,1.0,0.0,6.0,0.0,3.0,0.0,1.0,1.0,
,0.0,1.0,4.0,2.0,1.0,0.0,6.0,0.0,3.0,0.0,1.0,1.0,
,0.0,1.0,4.0,2.0,1.0,0.0,6.0,0.0,3.0,0.0,1.0,1.0,
,0.0,1.0,4.0,2.0,1.0,0.0,6.0,0.0,3.0,0.0,1.0,1.0,
,0.0,1.0,4.0,2.0,1.0,0.0,6.0,0.0,3.0,0.0,1.0,1.0,
,0.0,1.0,4.0,2.0,1.0,0.0,6.0,0.0,3.0,0.0,1.0,1.0,
,0.0,1.0,4.0,2.0,1.0,0.0,6.0,0.0,3.0,0.0,1.0,1.0,
,0.0,1.0,4.0,2.0,1.0,0.0,6.0,0.0,3.0,0.0,1.0,1.0,
,0.0,0.0,4.0,6.0,29.0,0.0,11.0,0.0,2.0,1.0,1.0,4.0,58.0
,0.0,0.0,4.0,6.0,29.0,0.0,11.0,0.0,2.0,1.0,1.0,4.0,
,0.0,0.0,4.0,6.0,29.0,0.0,11.0,0.0,2.0,1.0,1.0,4.0,
,0.0,0.0,4.0,6.0,29.0,0.0,11.0,0.0,2.0,1.0,1.0,4.0,
,0.0,0.0,4.0,6.0,29.0,0.0,11.0,0.0,2.0,1.0,1.0,4.0,
,0.0,0.0,4.0,6.0,29.0,0.0,11.0,0.0,2.0,1.0,1.0,4.0,
,0.0,0.0,4.0,6.0,29.0,0.0,11.0,0.0,2.0,1.0,1.0,4.0,
,0.0,0.0,4.0,6.0,29.0,0.0,11.0,0.0,2.0,1.0,1.0,4.0,
,0.0,0.0,4.0,6.0,29.0,0.0,11.0,0.0,2.0,1.0,1.0,4.0,
,0.0,0.0,4.0,6.0,29.0,0.0,11.0,0.0,2.0,1.0,1.0,4.0,
,0.0,0.0,4.0,6.0,29.0,0.0,11.0,0.0,2.0,1.0,1.0,4.0,
,0.0,0.0,4.0,6.0,29.0,0.0,11.0,0.0,2.0,1.0,1.0,4.0,
,0.0,0.0,0.0,0.0,0.0,2.0,8.0,31.0,4.0,2.0,1.0,1.0,49.0
,0.0,0.0,0.0,0.0,0.0,2.0,8.0,31.0,4.0,2.0,1.0,1.0,
,0.0,0.0,0.0,0.0,0.0,2.0,8.0,31.0,4.0,2.0,1.0,1.0,
,0.0,0.0,0.0,0.0,0.0,2.0,8.0,31.0,4.0,2.0,1.0,1.0,
,0.0,0.0,0.0,0.0,0.0,2.0,8.0,31.0,4.0,2.0,1.0,1.0,
,0.0,0.0,0.0,0.0,0.0,2.0,8.0,31.0,4.0,2.0,1.0,1.0,
,0.0,0.0,0.0,0.0,0.0,2.0,8.0,31.0,4.0,2.0,1.0,1.0,
,0.0,0.0,0.0,0.0,0.0,2.0,8.0,31.0,4.0,2.0,1.0,1.0,
,0.0,0.0,0.0,0.0,0.0,2.0,8.0,31.0,4.0,2.0,1.0,1.0,
,0.0,0.0,0.0,0.0,0.0,2.0,8.0,31.0,4.0,2.0,1.0,1.0,
,0.0,0.0,0.0,0.0,0.0,2.0,8.0,31.0,4.0,2.0,1.0,1.0,
,0.0,0.0,0.0,0.0,0.0,2.0,8.0,31.0,4.0,2.0,1.0,1.0,
