year,jan,feb,mar,apr,may,jun,jul,aug,sep,oct,nov,dec,annual
,31.0,28.0,31.0,30.0,31.0,30.0,31.0,31.0,30.0,31.0,30.0,31.0,365.0
,31.0,28.0,31.0,30.0,31.0,30.0,31.0,31.0,30.0,31.0,30.0,31.0,
,31.0,28.0,31.0,30.0,31.0,30.0,31.0,31.0,30.0,31.0,30.0,31.0,
,31.0,28.0,31.0,30.0,31.0,30.0,31.0,31.0,30.0,31.0,30.0,31.0,
,31.0,28.0,31.0,30.0,31.0,30.0,31.0,31.0,30.0,31.0,30.0,31.0,
,31.0,28.0,31.0,30.0,31.0,30.0,31.0,31.0,30.0,31.0,30.0,31.0,
,31.0,28.0,31.0,30.0,31.0,30.0,31.0,31.0,30.0,31.0,30.0,31.0,
,31.0,28.0,31.0,30.0,31.0,30.0,31.0,31.0,30.0,31.0,30.0,31.0,
,31.0,28.0,31.0,30.0,31.0,30.0,31.0,31.0,30.0,31.0,30.0,31.0,
,31.0,28.0,31.0,30.0,31.0,30.0,31.0,31.0,30.0,31.0,30.0,31.0,
,31.0,28.0,31.0,30.0,31.0,30.0,31.0,31.0,30.0,31.0,30.0,31.0,
,31.0,28.0,31.0,30.0,31.0,30.0,31.0,31.0,30.0,31.0,30.0,31.0,
,31.0,28.0,31.0,30.0,31.0,30.0,31.0,31.0,30.0,31.0,30.0,31.0,365.0
,31.0,28.0,31.0,30.0,31.0,30.0,31.0,31.0,30.0,31.0,30.0,31.0,
,31.0,28.0,31.0,30.0,31.0,30.0,31.0,31.0,30.0,31.0,30.0,31.0,
,31.0,28.0,31.0,30.0,31.0,30.0,31.0,31.0,30.0,31.0,30.0,31.0,
,31.0,28.0,31.0,30.0,31.0,30.0,31.0,31.0,30.0,31.0,30.0,31.0,
,31.0,28.0,31.0,30.0,31.0,30.0,31.0,31.0,30.0,31.0,30.0,31.0,
,31.0,28.0,31.0,30.0,31.0,30.0,31.0,31.0,30.0,31.0,30.0,31.0,
,31.0,28.0,31.0,30.0,31.0,30.0,31.0,31.0,30.0,31.0,30.0,31.0,
,31.0,28.0,31.0,30.0,31.0,30.0,31.0,31.0,30.0,31.0,30.0,31.0,
,31.0,28.0,31.0,30.0,31.0,30.0,31.0,31.0,30.0,31.0,30.0,31.0,
,31.0,28.0,31.0,30.0,31.0,30.0,31.0,31.0,30.0,31.0,30.0,31.0,
,31.0,28.0,31.0,30.0,31.0,30.0,31.0,31.0,30.0,31.0,30.0,31.0,
,31.0,28.0,31.0,30.0,31.0,30.0,31.0,31.0,30.0,31.0,30.0,31.0,365.0
,31.0,28.0,31.0,30.0,31.0,30.0,31.0,31.0,30.0,31.0,30.0,31.0,
,31.0,28.0,31.0,30.0,31.0,30.0,31.0,31.0,30.0,31.0,30.0,31.0,
,31.0,28.0,31.0,30.0,31.0,30.0,31.0,31.0,30.0,31.0,30.0,31.0,
,31.0,28.0,31.0,30.0,31.0,30.0,31.0,31.0,30.0,31.0,30.0,31.0,
,31.0,28.0,31.0,30.0,31.0,30.0,31.0,31.0,30.0,31.0,30.0,31.0,
,31.0,28.0,31.0,30.0,31.0,30.0,31.0,31.0,30.0,31.0,30.0,31.0,
,31.0,28.0,31.0,30.0,31.0,30.0,31.0,31.0,30.0,31.0,30.0,31.0,
,31.0,28.0,31.0,30.0,31.0,30.0,31.0,31.0,30.0,31.0,30.0,31.0,
,31.0,28.0,31.0,30.0,31.0,30.0,31.0,31.0,30.0,31.0,30.0,31.0,
,31.0,28.0,31.0,30.0,31.0,30.0,31.0,31.0,30.0,31.0,30.0,31.0,
,31.0,28.0,31.0,30.0,31.0,30.0,31.0,31.0,30.0,31.0,30.0,31.0,
,31.0,29.0,31.0,30.0,31.0,30.0,31.0,31.0,30.0,31.0,30.0,31.0,366.0
,31.0,29.0,31.0,30.0,31.0,30.0,31.0,31.0,30.0,31.0,30.0,31.0,
,31.0,29.0,31.0,30.0,31.0,30.0,31.0,31.0,30.0,31.0,30.0,31.0,
,31.0,29.0,31.0,30.0,31.0,30.0,31.0,31.0,30.0,31.0,30.0,31.0,
,31.0,29.0,31.0,30.0,31.0,30.0,31.0,31.0,30.0,31.0,30.0,31.0,
,31.0,29.0,31.0,30.0,31.0,30.0,31.0,31.0,30.0,31.0,30.0,31.0,
,31.0,29.0,31.0,30.0,31.0,30.0,31.0,31.0,30.0,31.0,30.0,31.0,
,31.0,29.0,31.0,30.0,31.0,30.0,31.0,31.0,30.0,31.0,30.0,31.0,
,31.0,29.0,31.0,30.0,31.0,30.0,31.0,31.0,30.0,31.0,30.0,31.0,
,31.0,29.0,31.0,30.0,31.0,30.0,31.0,31.0,30.0,31.0,30.0,31.0,
,31.0,29.0,31.0,30.0,31.0,30.0,31.0,31.0,30.0,31.0,30.0,31.0,
,31.0,29.0,31.0,30.0,31.0,30.0,31.0,31.0,30.0,31.0,30.0,31.0,
,31.0,28.0,31.0,30.0,31.0,30.0,31.0,31.0,30.0,31.0,30.0,31.0,365.0
,31.0,28.0,31.0,30.0,31.0,30.0,31.0,31.0,30.0,31.0,30.0,31.0,
,31.0,28.0,31.0,30.0,31.0,30.0,31.0,31.0,30.0,31.0,30.0,31.0,
,31.0,28.0,31.0,30.0,31.0,30.0,31.0,31.0,30.0,31.0,30.0,31.0,
,31.0,28.0,31.0,30.0,31.0,30.0,31.0,31.0,30.0,31.0,30.0,31.0,
,31.0,28.0,31.0,30.0,31.0,30.0,31.0,31.0,30.0,31.0,30.0,31.0,
,31.0,28.0,31.0,30.0,31.0,30.0,31.0,31.0,30.0,31.0,30.0,31.0,
,31.0,28.0,31.0,30.0,31.0,30.0,31.0,31.0,30.0,31.0,30.0,31.0,
,31.0,28.0,31.0,30.0,31.0,30.0,31.0,31.0,30.0,31.0,30.0,31.0,
,31.0,28.0,31.0,30.0,31.0,30.0,31.0,31.0,30.0,31.0,30.0,31.0,
,31.0,28.0,31.0,30.0,31.0,30.0,31.0,31.0,30.0,31.0,30.0,31.0,
,31.0,28.0,31.0,30.0,31.0,30.0,31.0,31.0,30.0,31.0,30.0,31.0,
,31.0,28.0,31.0,30.0,31.0,30.0,31.0,31.0,30.0,31.0,30.0,31.0,365.0
,31.0,28.0,31.0,30.0,31.0,30.0,31.0,31.0,30.0,31.0,30.0,31.0,
,31.0,28.0,31.0,30.0,31.0,30.0,31.0,31.0,30.0,31.0,30.0,31.0,
,31.0,28.0,31.0,30.0,31.0,30.0,31.0,31.0,30.0,31.0,30.0,31.0,
,31.0,28.0,31.0,30.0,31.0,30.0,31.0,31.0,30.0,31.0,30.0,31.0,
,31.0,28.0,31.0,30.0,31.0,30.0,31.0,31.0,30.0,31.0,30.0,31.0,
,31.0,28.0,31.0,30.0,31.0,30.0,31.0,31.0,30.0,31.0,30.0,31.0,
,31.0,28.0,31.0,30.0,31.0,30.0,31.0,31.0,30.0,31.0,30.0,31.0,
,31.0,28.0,31.0,30.0,31.0,30.0,31.0,31.0,30.0,31.0,30.0,31.0,
,31.0,28.0,31.0,30.0,31.0,30.0,31.0,31.0,30.0,31.0,30.0,31.0,
,31.0,28.0,31.0,30.0,31.0,30.0,31.0,31.0,30.0,31.0,30.0,31.0,
,31.0,28.0,31.0,30.0,31.0,30.0,31.0,31.0,30.0,31.0,30.0,31.0,
,31.0,28.0,31.0,30.0,31.0,30.0,31.0,31.0,30.0,31.0,30.0,31.0,365.0
,31.0,28.0,31.0,30.0,31.0,30.0,31.0,31.0,30.0,31.0,30.0,31.0,
,31.0,28.0,31.0,30.0,31.0,30.0,31.0,31.0,30.0,31.0,30.0,31.0,
,31.0,28.0,31.0,30.0,31.0,30.0,31.0,31.0,30.0,31.0,30.0,31.0,
,31.0,28.0,31.0,30.0,31.0,30.0,31.0,31.0,30.0,31.0,30.0,31.0,
,31.0,28.0,31.0,30.0,31.0,30.0,31.0,31.0,30.0,31.0,30.0,31.0,
,31.0,28.0,31.0,30.0,31.0,30.0,31.0,31.0,30.0,31.0,30.0,31.0,
,31.0,28.0,31.0,30.0,31.0,30.0,31.0,31.0,30.0,31.0,30.0,31.0,
,31.0,28.0,31.0,30.0,31.0,30.0,31.0,31.0,30.0,31.0,30.0,31.0,
,31.0,28.0,31.0,30.0,31.0,30.0,31.0,31.0,30.0,31.0,30.0,31.0,
,31.0,28.0,31.0,30.0,31.0,30.0,31.0,31.0,30.0,31.0,30.0,31.0,
,31.0,28.0,31.0,30.0,31.0,30.0,31.0,31.0,30.0,31.0,30.0,31.0,
,31.0,29.0,31.0,30.0,31.0,30.0,31.0,31.0,30.0,31.0,30.0,31.0,366.0
,31.0,29.0,31.0,30.0,31.0,30.0,31.0,31.0,30.0,31.0,30.0,31.0,
,31.0,29.0,31.0,30.0,31.0,30.0,31.0,31.0,30.0,31.0,30.0,31.0,
,31.0,29.0,31.0,30.0,31.0,30.0,31.0,31.0,30.0,31.0,30.0,31.0,
,31.0,29.0,31.0,30.0,31.0,30.0,31.0,31.0,30.0,31.0,30.0,31.0,
,31.0,29.0,31.0,30.0,31.0,30.0,31.0,31.0,30.0,31.0,30.0,31.0,
,31.0,29.0,31.0,30.0,31.0,30.0,31.0,31.0,30.0,31.0,30.0,31.0,
,31.0,29.0,31.0,30.0,31.0,30.0,31.0,31.0,30.0,31.0,30.0,31.0,
,31.0,29.0,31.0,30.0,31.0,30.0,31.0,31.0,30.0,31.0,30.0,31.0,
,31.0,29.0,31.0,30.0,31.0,30.0,31.0,31.0,30.0,31.0,30.0,31.0,
,31.0,29.0,31.0,30.0,31.0,30.0,31.0,31.0,30.0,31.0,30.0,31.0,
,31.0,29.0,31.0,30.0,31.0,30.0,31.0,31.0,30.0,31.0,30.0,31.0,
,31.0,28.0,31.0,30.0,31.0,30.0,31.0,31.0,30.0,31.0,30.0,31.0,365.0
,31.0,28.0,31.0,30.0,31.0,30.0,31.0,31.0,30.0,31.0,30.0,31.0,
,31.0,28.0,31.0,30.0,31.0,30.0,31.0,31.0,30.0,31.0,30.0,31.0,
,31.0,28.0,31.0,30.0,31.0,30.0,31.0,31.0,30.0,31.0,30.0,31.0,
,31.0,28.0,31.0,30.0,31.0,30.0,31.0,31.0,30.0,31.0,30.0,31.0,
,31.0,28.0,31.0,30.0,31.0,30.0,31.0,31.0,30.0,31.0,30.0,31.0,
,31.0,28.0,31.0,30.0,31.0,30.0,31.0,31.0,30.0,31.0,30.0,31.0,
,31.0,28.0,31.0,30.0,31.0,30.0,31.0,31.0,30.0,31.0,30.0,31.0,
,31.0,28.0,31.0,30.0,31.0,30.0,31.0,31.0,30.0,31.0,30.0,31.0,
,31.0,28.0,31.0,30.0,31.0,30.0,31.0,31.0,30.0,31.0,30.0,31.0,
,31.0,28.0,31.0,30.0,31.0,30.0,31.0,31.0,30.0,31.0,30.0,31.0,
,31.0,28.0,31.0,30.0,31.0,30.0,31.0,31.0,30.0,31.0,30.0,31.0,
,31.0,28.0,31.0,30.0,31.0,30.0,31.0,31.0,30.0,31.0,30.0,31.0,365.0
,31.0,28.0,31.0,30.0,31.0,30.0,31.0,31.0,30.0,31.0,30.0,31.0,
,31.0,28.0,31.0,30.0,31.0,30.0,31.0,31.0,30.0,31.0,30.0,31.0,
,31.0,28.0,31.0,30.0,31.0,30.0,31.0,31.0,30.0,31.0,30.0,31.0,
,31.0,28.0,31.0,30.0,31.0,30.0,31.0,31.0,30.0,31.0,30.0,31.0,
,31.0,28.0,31.0,30.0,31.0,30.0,31.0,31.0,30.0,31.0,30.0,31.0,
,31.0,28.0,31.0,30.0,31.0,30.0,31.0,31.0,30.0,31.0,30.0,31.0,
,31.0,28.0,31.0,30.0,31.0,30.0,31.0,31.0,30.0,31.0,30.0,31.0,
,31.0,28.0,31.0,30.0,31.0,30.0,31.0,31.0,30.0,31.0,30.0,31.0,
,31.0,28.0,31.0,30.0,31.0,30.0,31.0,31.0,30.0,31.0,30.0,31.0,
,31.0,28.0,31.0,30.0,31.0,30.0,31.0,31.0,30.0,31.0,30.0,31.0,
,31.0,28.0,31.0,30.0,31.0,30.0,31.0,31.0,30.0,31.0,30.0,31.0,
,31.0,28.0,31.0,30.0,31.0,30.0,31.0,31.0,30.0,31.0,30.0,31.0,365.0
,31.0,28.0,31.0,30.0,31.0,30.0,31.0,31.0,30.0,31.0,30.0,31.0,
,31.0,28.0,31.0,30.0,31.0,30.0,31.0,31.0,30.0,31.0,30.0,31.0,
,31.0,28.0,31.0,30.0,31.0,30.0,31.0,31.0,30.0,31.0,30.0,31.0,
,31.0,28.0,31.0,30.0,31.0,30.0,31.0,31.0,30.0,31.0,30.0,31.0,
,31.0,28.0,31.0,30.0,31.0,30.0,31.0,31.0,30.0,31.0,30.0,31.0,
,31.0,28.0,31.0,30.0,31.0,30.0,31.0,31.0,30.0,31.0,30.0,31.0,
,31.0,28.0,31.0,30.0,31.0,30.0,31.0,31.0,30.0,31.0,30.0,31.0,
,31.0,28.0,31.0,30.0,31.0,30.0,31.0,31.0,30.0,31.0,30.0,31.0,
,31.0,28.0,31.0,30.0,31.0,30.0,31.0,31.0,30.0,31.0,30.0,31.0,
,31.0,28.0,31.0,30.0,31.0,30.0,31.0,31.0,30.0,31.0,30.0,31.0,
,31.0,28.0,31.0,30.0,31.0,30.0,31.0,31.0,30.0,31.0,30.0,31.0,
,31.0,29.0,31.0,30.0,31.0,30.0,31.0,31.0,30.0,31.0,30.0,31.0,366.0
,31.0,29.0,31.0,30.0,31.0,30.0,31.0,31.0,30.0,31.0,30.0,31.0,
,31.0,29.0,31.0,30.0,31.0,30.0,31.0,31.0,30.0,31.0,30.0,31.0,
,31.0,29.0,31.0,30.0,31.0,30.0,31.0,31.0,30.0,31.0,30.0,31.0,
,31.0,29.0,31.0,30.0,31.0,30.0,31.0,31.0,30.0,31.0,30.0,31.0,
,31.0,29.0,31.0,30.0,31.0,30.0,31.0,31.0,30.0,31.0,30.0,31.0,
,31.0,29.0,31.0,30.0,31.0,30.0,31.0,31.0,30.0,31.0,30.0,31.0,
,31.0,29.0,31.0,30.0,31.0,30.0,31.0,31.0,30.0,31.0,30.0,31.0,
,31.0,29.0,31.0,30.0,31.0,30.0,31.0,31.0,30.0,31.0,30.0,31.0,
,31.0,29.0,31.0,30.0,31.0,30.0,31.0,31.0,30.0,31.0,30.0,31.0,
,31.0,29.0,31.0,30.0,31.0,30.0,31.0,31.0,30.0,31.0,30.0,31.0,
,31.0,29.0,31.0,30.0,31.0,30.0,31.0,31.0,30.0,31.0,30.0,31.0,
,7.0,4.0,6.0,4.0,13.0,10.0,18.0,26.0,16.0,12.0,22.0,7.0,145.0
,7.0,4.0,6.0,4.0,13.0,10.0,18.0,26.0,16.0,12.0,22.0,7.0,
,7.0,4.0,6.0,4.0,13.0,10.0,18.0,26.0,16.0,12.0,22.0,7.0,
,7.0,4.0,6.0,4.0,13.0,10.0,18.0,26.0,16.0,12.0,22.0,7.0,
,7.0,4.0,6.0,4.0,13.0,10.0,18.0,26.0,16.0,12.0,22.0,7.0,
,7.0,4.0,6.0,4.0,13.0,10.0,18.0,26.0,16.0,12.0,22.0,7.0,
,7.0,4.0,6.0,4.0,13.0,10.0,18.0,26.0,16.0,12.0,22.0,7.0,
,7.0,4.0,6.0,4.0,13.0,10.0,18.0,26.0,16.0,12.0,22.0,7.0,
,7.0,4.0,6.0,4.0,13.0,10.0,18.0,26.0,16.0,12.0,22.0,7.0,
,7.0,4.0,6.0,4.0,13.0,10.0,18.0,26.0,16.0,12.0,22.0,7.0,
,7.0,4.0,6.0,4.0,13.0,10.0,18.0,26.0,16.0,12.0,22.0,7.0,
,7.0,4.0,6.0,4.0,13.0,10.0,18.0,26.0,16.0,12.0,22.0,7.0,
,11.0,3.0,3.0,2.0,13.0,30.0,23.0,31.0,16.0,20.0,11.0,6.0,169.0
,11.0,3.0,3.0,2.0,13.0,30.0,23.0,31.0,16.0,20.0,11.0,6.0,
,11.0,3.0,3.0,2.0,13.0,30.0,23.0,31.0,16.0,20.0,11.0,6.0,
,11.0,3.0,3.0,2.0,13.0,30.0,23.0,31.0,16.0,20.0,11.0,6.0,
,11.0,3.0,3.0,2.0,13.0,30.0,23.0,31.0,16.0,20.0,11.0,6.0,
,11.0,3.0,3.0,2.0,13.0,30.0,23.0,31.0,16.0,20.0,11.0,6.0,
,11.0,3.0,3.0,2.0,13.0,30.0,23.0,31.0,16.0,20.0,11.0,6.0,
,11.0,3.0,3.0,2.0,13.0,30.0,23.0,31.0,16.0,20.0,11.0,6.0,
,11.0,3.0,3.0,2.0,13.0,30.0,23.0,31.0,16.0,20.0,11.0,6.0,
,11.0,3.0,3.0,2.0,13.0,30.0,23.0,31.0,16.0,20.0,11.0,6.0,
,11.0,3.0,3.0,2.0,13.0,30.0,23.0,31.0,16.0,20.0,11.0,6.0,
,11.0,3.0,3.0,2.0,13.0,30.0,23.0,31.0,16.0,20.0,11.0,6.0,
,7.0,5.0,3.0,5.0,11.0,7.0,16.0,31.0,17.0,27.0,13.0,12.0,154.0
,7.0,5.0,3.0,5.0,11.0,7.0,16.0,31.0,17.0,27.0,13.0,12.0,
,7.0,5.0,3.0,5.0,11.0,7.0,16.0,31.0,17.0,27.0,13.0,12.0,
,7.0,5.0,3.0,5.0,11.0,7.0,16.0,31.0,17.0,27.0,13.0,12.0,
,7.0,5.0,3.0,5.0,11.0,7.0,16.0,31.0,17.0,27.0,13.0,12.0,
,7.0,5.0,3.0,5.0,11.0,7.0,16.0,31.0,17.0,27.0,13.0,12.0,
,7.0,5.0,3.0,5.0,11.0,7.0,16.0,31.0,17.0,27.0,13.0,12.0,
,7.0,5.0,3.0,5.0,11.0,7.0,16.0,31.0,17.0,27.0,13.0,12.0,
,7.0,5.0,3.0,5.0,11.0,7.0,16.0,31.0,17.0,27.0,13.0,12.0,
,7.0,5.0,3.0,5.0,11.0,7.0,16.0,31.0,17.0,27.0,13.0,12.0,
,7.0,5.0,3.0,5.0,11.0,7.0,16.0,31.0,17.0,27.0,13.0,12.0,
,7.0,5.0,3.0,5.0,11.0,7.0,16.0,31.0,17.0,27.0,13.0,12.0,
,6.0,3.0,4.0,9.0,13.0,30.0,21.0,18.0,24.0,8.0,7.0,10.0,153.0
,6.0,3.0,4.0,9.0,13.0,30.0,21.0,18.0,24.0,8.0,7.0,10.0,
,6.0,3.0,4.0,9.0,13.0,30.0,21.0,18.0,24.0,8.0,7.0,10.0,
,6.0,3.0,4.0,9.0,13.0,30.0,21.0,18.0,24.0,8.0,7.0,10.0,
,6.0,3.0,4.0,9.0,13.0,30.0,21.0,18.0,24.0,8.0,7.0,10.0,
,6.0,3.0,4.0,9.0,13.0,30.0,21.0,18.0,24.0,8.0,7.0,10.0,
,6.0,3.0,4.0,9.0,13.0,30.0,21.0,18.0,24.0,8.0,7.0,10.0,
,6.0,3.0,4.0,9.0,13.0,30.0,21.0,18.0,24.0,8.0,7.0,10.0,
,6.0,3.0,4.0,9.0,13.0,30.0,21.0,18.0,24.0,8.0,7.0,10.0,
,6.0,3.0,4.0,9.0,13.0,30.0,21.0,18.0,24.0,8.0,7.0,10.0,
,6.0,3.0,4.0,9.0,13.0,30.0,21.0,18.0,24.0,8.0,7.0,10.0,
,6.0,3.0,4.0,9.0,13.0,30.0,21.0,18.0,24.0,8.0,7.0,10.0,
,6.0,3.0,8.0,6.0,7.0,11.0,15.0,31.0,26.0,11.0,12.0,13.0,149.0
,6.0,3.0,8.0,6.0,7.0,11.0,15.0,31.0,26.0,11.0,12.0,13.0,
,6.0,3.0,8.0,6.0,7.0,11.0,15.0,31.0,26.0,11.0,12.0,13.0,
,6.0,3.0,8.0,6.0,7.0,11.0,15.0,31.0,26.0,11.0,12.0,13.0,
,6.0,3.0,8.0,6.0,7.0,11.0,15.0,31.0,26.0,11.0,12.0,13.0,
,6.0,3.0,8.0,6.0,7.0,11.0,15.0,31.0,26.0,11.0,12.0,13.0,
,6.0,3.0,8.0,6.0,7.0,11.0,15.0,31.0,26.0,11.0,12.0,13.0,
,6.0,3.0,8.0,6.0,7.0,11.0,15.0,31.0,26.0,11.0,12.0,13.0,
,6.0,3.0,8.0,6.0,7.0,11.0,15.0,31.0,26.0,11.0,12.0,13.0,
,6.0,3.0,8.0,6.0,7.0,11.0,15.0,31.0,26.0,11.0,12.0,13.0,
,6.0,3.0,8.0,6.0,7.0,11.0,15.0,31.0,26.0,11.0,12.0,13.0,
,6.0,3.0,8.0,6.0,7.0,11.0,15.0,31.0,26.0,11.0,12.0,13.0,
,5.0,7.0,8.0,8.0,6.0,26.0,15.0,31.0,12.0,14.0,13.0,15.0,160.0
,5.0,7.0,8.0,8.0,6.0,26.0,15.0,31.0,12.0,14.0,13.0,15.0,
,5.0,7.0,8.0,8.0,6.0,26.0,15.0,31.0,12.0,14.0,13.0,15.0,
,5.0,7.0,8.0,8.0,6.0,26.0,15.0,31.0,12.0,14.0,13.0,15.0,
,5.0,7.0,8.0,8.0,6.0,26.0,15.0,31.0,12.0,14.0,13.0,15.0,
,5.0,7.0,8.0,8.0,6.0,26.0,15.0,31.0,12.0,14.0,13.0,15.0,
,5.0,7.0,8.0,8.0,6.0,26.0,15.0,31.0,12.0,14.0,13.0,15.0,
,5.0,7.0,8.0,8.0,6.0,26.0,15.0,31.0,12.0,14.0,13.0,15.0,
,5.0,7.0,8.0,8.0,6.0,26.0,15.0,31.0,12.0,14.0,13.0,15.0,
,5.0,7.0,8.0,8.0,6.0,26.0,15.0,31.0,12.0,14.0,13.0,15.0,
,5.0,7.0,8.0,8.0,6.0,26.0,15.0,31.0,12.0,14.0,13.0,15.0,
,5.0,7.0,8.0,8.0,6.0,26.0,15.0,31.0,12.0,14.0,13.0,15.0,
,11.0,8.0,10.0,11.0,14.0,30.0,28.0,28.0,23.0,19.0,11.0,13.0,206.0
,11.0,8.0,10.0,11.0,14.0,30.0,28.0,28.0,23.0,19.0,11.0,13.0,
,11.0,8.0,10.0,11.0,14.0,30.0,28.0,28.0,23.0,19.0,11.0,13.0,
,11.0,8.0,10.0,11.0,14.0,30.0,28.0,28.0,23.0,19.0,11.0,13.0,
,11.0,8.0,10.0,11.0,14.0,30.0,28.0,28.0,23.0,19.0,11.0,13.0,
,11.0,8.0,10.0,11.0,14.0,30.0,28.0,28.0,23.0,19.0,11.0,13.0,
,11.0,8.0,10.0,11.0,14.0,30.0,28.0,28.0,23.0,19.0,11.0,13.0,
,11.0,8.0,10.0,11.0,14.0,30.0,28.0,28.0,23.0,19.0,11.0,13.0,
,11.0,8.0,10.0,11.0,14.0,30.0,28.0,28.0,23.0,19.0,11.0,13.0,
,11.0,8.0,10.0,11.0,14.0,30.0,28.0,28.0,23.0,19.0,11.0,13.0,
,11.0,8.0,10.0,11.0,14.0,30.0,28.0,28.0,23.0,19.0,11.0,13.0,
,11.0,8.0,10.0,11.0,14.0,30.0,28.0,28.0,23.0,19.0,11.0,13.0,
,7.0,4.0,12.0,11.0,27.0,9.0,29.0,31.0,26.0,26.0,6.0,8.0,196.0
,7.0,4.0,12.0,11.0,27.0,9.0,29.0,31.0,26.0,26.0,6.0,8.0,
,7.0,4.0,12.0,11.0,27.0,9.0,29.0,31.0,26.0,26.0,6.0,8.0,
,7.0,4.0,12.0,11.0,27.0,9.0,29.0,31.0,26.0,26.0,6.0,8.0,
,7.0,4.0,12.0,11.0,27.0,9.0,29.0,31.0,26.0,26.0,6.0,8.0,
,7.0,4.0,12.0,11.0,27.0,9.0,29.0,31.0,26.0,26.0,6.0,8.0,
,7.0,4.0,12.0,11.0,27.0,9.0,29.0,31.0,26.0,26.0,6.0,8.0,
,7.0,4.0,12.0,11.0,27.0,9.0,29.0,31.0,26.0,26.0,6.0,8.0,
,7.0,4.0,12.0,11.0,27.0,9.0,29.0,31.0,26.0,26.0,6.0,8.0,
,7.0,4.0,12.0,11.0,27.0,9.0,29.0,31.0,26.0,26.0,6.0,8.0,
,7.0,4.0,12.0,11.0,27.0,9.0,29.0,31.0,26.0,26.0,6.0,8.0,
,7.0,4.0,12.0,11.0,27.0,9.0,29.0,31.0,26.0,26.0,6.0,8.0,
,9.0,10.0,12.0,24.0,18.0,22.0,31.0,25.0,30.0,19.0,30.0,20.0,250.0
,9.0,10.0,12.0,24.0,18.0,22.0,31.0,25.0,30.0,19.0,30.0,20.0,
,9.0,10.0,12.0,24.0,18.0,22.0,31.0,25.0,30.0,19.0,30.0,20.0,
,9.0,10.0,12.0,24.0,18.0,22.0,31.0,25.0,30.0,19.0,30.0,20.0,
,9.0,10.0,12.0,24.0,18.0,22.0,31.0,25.0,30.0,19.0,30.0,20.0,
,9.0,10.0,12.0,24.0,18.0,22.0,31.0,25.0,30.0,19.0,30.0,20.0,
,9.0,10.0,12.0,24.0,18.0,22.0,31.0,25.0,30.0,19.0,30.0,20.0,
,9.0,10.0,12.0,24.0,18.0,22.0,31.0,25.0,30.0,19.0,30.0,20.0,
,9.0,10.0,12.0,24.0,18.0,22.0,31.0,25.0,30.0,19.0,30.0,20.0,
,9.0,10.0,12.0,24.0,18.0,22.0,31.0,25.0,30.0,19.0,30.0,20.0,
,9.0,10.0,12.0,24.0,18.0,22.0,31.0,25.0,30.0,19.0,30.0,20.0,
,9.0,10.0,12.0,24.0,18.0,22.0,31.0,25.0,30.0,19.0,30.0,20.0,
,11.0,9.0,3.0,6.0,15.0,25.0,31.0,31.0,30.0,30.0,15.0,12.0,218.0
,11.0,9.0,3.0,6.0,15.0,25.0,31.0,31.0,30.0,30.0,15.0,12.0,
,11.0,9.0,3.0,6.0,15.0,25.0,31.0,31.0,30.0,30.0,15.0,12.0,
,11.0,9.0,3.0,6.0,15.0,25.0,31.0,31.0,30.0,30.0,15.0,12.0,
,11.0,9.0,3.0,6.0,15.0,25.0,31.0,31.0,30.0,30.0,15.0,12.0,
,11.0,9.0,3.0,6.0,15.0,25.0,31.0,31.0,30.0,30.0,15.0,12.0,
,11.0,9.0,3.0,6.0,15.0,25.0,31.0,31.0,30.0,30.0,15.0,12.0,
,11.0,9.0,3.0,6.0,15.0,25.0,31.0,31.0,30.0,30.0,15.0,12.0,
,11.0,9.0,3.0,6.0,15.0,25.0,31.0,31.0,30.0,30.0,15.0,12.0,
,11.0,9.0,3.0,6.0,15.0,25.0,31.0,31.0,30.0,30.0,15.0,12.0,
,11.0,9.0,3.0,6.0,15.0,25.0,31.0,31.0,30.0,30.0,15.0,12.0,
,11.0,9.0,3.0,6.0,15.0,25.0,31.0,31.0,30.0,30.0,15.0,12.0,
,14.0,7.0,4.0,23.0,19.0,27.0,21.0,26.0,30.0,31.0,30.0,16.0,248.0
,14.0,7.0,4.0,23.0,19.0,27.0,21.0,26.0,30.0,31.0,30.0,16.0,
,14.0,7.0,4.0,23.0,19.0,27.0,21.0,26.0,30.0,31.0,30.0,16.0,
,14.0,7.0,4.0,23.0,19.0,27.0,21.0,26.0,30.0,31.0,30.0,16.0,
,14.0,7.0,4.0,23.0,19.0,27.0,21.0,26.0,30.0,31.0,30.0,16.0,
,14.0,7.0,4.0,23.0,19.0,27.0,21.0,26.0,30.0,31.0,30.0,16.0,
,14.0,7.0,4.0,23.0,19.0,27.0,21.0,26.0,30.0,31.0,30.0,16.0,
,14.0,7.0,4.0,23.0,19.0,27.0,21.0,26.0,30.0,31.0,30.0,16.0,
,14.0,7.0,4.0,23.0,19.0,27.0,21.0,26.0,30.0,31.0,30.0,16.0,
,14.0,7.0,4.0,23.0,19.0,27.0,21.0,26.0,30.0,31.0,30.0,16.0,
,14.0,7.0,4.0,23.0,19.0,27.0,21.0,26.0,30.0,31.0,30.0,16.0,
,14.0,7.0,4.0,23.0,19.0,27.0,21.0,26.0,30.0,31.0,30.0,16.0,
,6.0,7.0,4.0,4.0,12.0,16.0,31.0,31.0,26.0,15.0,14.0,16.0,182.0
,6.0,7.0,4.0,4.0,12.0,16.0,31.0,31.0,26.0,15.0,14.0,16.0,
,6.0,7.0,4.0,4.0,12.0,16.0,31.0,31.0,26.0,15.0,14.0,16.0,
,6.0,7.0,4.0,4.0,12.0,16.0,31.0,31.0,26.0,15.0,14.0,16.0,
,6.0,7.0,4.0,4.0,12.0,16.0,31.0,31.0,26.0,15.0,14.0,16.0,
,6.0,7.0,4.0,4.0,12.0,16.0,31.0,31.0,26.0,15.0,14.0,16.0,
,6.0,7.0,4.0,4.0,12.0,16.0,31.0,31.0,26.0,15.0,14.0,16.0,
,6.0,7.0,4.0,4.0,12.0,16.0,31.0,31.0,26.0,15.0,14.0,16.0,
,6.0,7.0,4.0,4.0,12.0,16.0,31.0,31.0,26.0,15.0,14.0,16.0,
,6.0,7.0,4.0,4.0,12.0,16.0,31.0,31.0,26.0,15.0,14.0,16.0,
,6.0,7.0,4.0,4.0,12.0,16.0,31.0,31.0,26.0,15.0,14.0,16.0,
,6.0,7.0,4.0,4.0,12.0,16.0,31.0,31.0,26.0,15.0,14.0,16.0,
,3.0,5.0,5.0,7.0,8.0,8.0,14.0,23.0,22.0,17.0,12.0,4.0,128.0
,3.0,5.0,5.0,7.0,8.0,8.0,14.0,23.0,22.0,17.0,12.0,4.0,
,3.0,5.0,5.0,7.0,8.0,8.0,14.0,23.0,22.0,17.0,12.0,4.0,
,3.0,5.0,5.0,7.0,8.0,8.0,14.0,23.0,22.0,17.0,12.0,4.0,
,3.0,5.0,5.0,7.0,8.0,8.0,14.0,23.0,22.0,17.0,12.0,4.0,
,3.0,5.0,5.0,7.0,8.0,8.0,14.0,23.0,22.0,17.0,12.0,4.0,
,3.0,5.0,5.0,7.0,8.0,8.0,14.0,23.0,22.0,17.0,12.0,4.0,
,3.0,5.0,5.0,7.0,8.0,8.0,14.0,23.0,22.0,17.0,12.0,4.0,
,3.0,5.0,5.0,7.0,8.0,8.0,14.0,23.0,22.0,17.0,12.0,4.0,
,3.0,5.0,5.0,7.0,8.0,8.0,14.0,23.0,22.0,17.0,12.0,4.0,
,3.0,5.0,5.0,7.0,8.0,8.0,14.0,23.0,22.0,17.0,12.0,4.0,
,3.0,5.0,5.0,7.0,8.0,8.0,14.0,23.0,22.0,17.0,12.0,4.0,
,13.0,8.0,2.0,3.0,16.0,17.0,31.0,20.0,15.0,11.0,4.0,24.0,164.0
,13.0,8.0,2.0,3.0,16.0,17.0,31.0,20.0,15.0,11.0,4.0,24.0,
,13.0,8.0,2.0,3.0,16.0,17.0,31.0,20.0,15.0,11.0,4.0,24.0,
,13.0,8.0,2.0,3.0,16.0,17.0,31.0,20.0,15.0,11.0,4.0,24.0,
,13.0,8.0,2.0,3.0,16.0,17.0,31.0,20.0,15.0,11.0,4.0,24.0,
,13.0,8.0,2.0,3.0,16.0,17.0,31.0,20.0,15.0,11.0,4.0,24.0,
,13.0,8.0,2.0,3.0,16.0,17.0,31.0,20.0,15.0,11.0,4.0,24.0,
,13.0,8.0,2.0,3.0,16.0,17.0,31.0,20.0,15.0,11.0,4.0,24.0,
,13.0,8.0,2.0,3.0,16.0,17.0,31.0,20.0,15.0,11.0,4.0,24.0,
,13.0,8.0,2.0,3.0,16.0,17.0,31.0,20.0,15.0,11.0,4.0,24.0,
,13.0,8.0,2.0,3.0,16.0,17.0,31.0,20.0,15.0,11.0,4.0,24.0,
,13.0,8.0,2.0,3.0,16.0,17.0,31.0,20.0,15.0,11.0,4.0,24.0,
,31.0,7.0,5.0,8.0,22.0,14.0,19.0,31.0,24.0,25.0,15.0,14.0,215.0
,31.0,7.0,5.0,8.0,22.0,14.0,19.0,31.0,24.0,25.0,15.0,14.0,
,31.0,7.0,5.0,8.0,22.0,14.0,19.0,31.0,24.0,25.0,15.0,14.0,
,31.0,7.0,5.0,8.0,22.0,14.0,19.0,31.0,24.0,25.0,15.0,14.0,
,31.0,7.0,5.0,8.0,22.0,14.0,19.0,31.0,24.0,25.0,15.0,14.0,
,31.0,7.0,5.0,8.0,22.0,14.0,19.0,31.0,24.0,25.0,15.0,14.0,
,31.0,7.0,5.0,8.0,22.0,14.0,19.0,31.0,24.0,25.0,15.0,14.0,
,31.0,7.0,5.0,8.0,22.0,14.0,19.0,31.0,24.0,25.0,15.0,14.0,
,31.0,7.0,5.0,8.0,22.0,14.0,19.0,31.0,24.0,25.0,15.0,14.0,
,31.0,7.0,5.0,8.0,22.0,14.0,19.0,31.0,24.0,25.0,15.0,14.0,
,31.0,7.0,5.0,8.0,22.0,14.0,19.0,31.0,24.0,25.0,15.0,14.0,
,31.0,7.0,5.0,8.0,22.0,14.0,19.0,31.0,24.0,25.0,15.0,14.0,
,7.0,6.0,6.0,4.0,15.0,18.0,21.0,31.0,28.0,12.0,24.0,8.0,180.0
,7.0,6.0,6.0,4.0,15.0,18.0,21.0,31.0,28.0,12.0,24.0,8.0,
,7.0,6.0,6.0,4.0,15.0,18.0,21.0,31.0,28.0,12.0,24.0,8.0,
,7.0,6.0,6.0,4.0,15.0,18.0,21.0,31.0,28.0,12.0,24.0,8.0,
,7.0,6.0,6.0,4.0,15.0,18.0,21.0,31.0,28.0,12.0,24.0,8.0,
,7.0,6.0,6.0,4.0,15.0,18.0,21.0,31.0,28.0,12.0,24.0,8.0,
,7.0,6.0,6.0,4.0,15.0,18.0,21.0,31.0,28.0,12.0,24.0,8.0,
,7.0,6.0,6.0,4.0,15.0,18.0,21.0,31.0,28.0,12.0,24.0,8.0,
,7.0,6.0,6.0,4.0,15.0,18.0,21.0,31.0,28.0,12.0,24.0,8.0,
,7.0,6.0,6.0,4.0,15.0,18.0,21.0,31.0,28.0,12.0,24.0,8.0,
,7.0,6.0,6.0,4.0,15.0,18.0,21.0,31.0,28.0,12.0,24.0,8.0,
,7.0,6.0,6.0,4.0,15.0,18.0,21.0,31.0,28.0,12.0,24.0,8.0,
,5.0,6.0,5.0,5.0,8.0,11.0,10.0,29.0,30.0,17.0,10.0,6.0,142.0
,5.0,6.0,5.0,5.0,8.0,11.0,10.0,29.0,30.0,17.0,10.0,6.0,
,5.0,6.0,5.0,5.0,8.0,11.0,10.0,29.0,30.0,17.0,10.0,6.0,
,5.0,6.0,5.0,5.0,8.0,11.0,10.0,29.0,30.0,17.0,10.0,6.0,
,5.0,6.0,5.0,5.0,8.0,11.0,10.0,29.0,30.0,17.0,10.0,6.0,
,5.0,6.0,5.0,5.0,8.0,11.0,10.0,29.0,30.0,17.0,10.0,6.0,
,5.0,6.0,5.0,5.0,8.0,11.0,10.0,29.0,30.0,17.0,10.0,6.0,
,5.0,6.0,5.0,5.0,8.0,11.0,10.0,29.0,30.0,17.0,10.0,6.0,
,5.0,6.0,5.0,5.0,8.0,11.0,10.0,29.0,30.0,17.0,10.0,6.0,
,5.0,6.0,5.0,5.0,8.0,11.0,10.0,29.0,30.0,17.0,10.0,6.0,
,5.0,6.0,5.0,5.0,8.0,11.0,10.0,29.0,30.0,17.0,10.0,6.0,
,5.0,6.0,5.0,5.0,8.0,11.0,10.0,29.0,30.0,17.0,10.0,6.0,
,6.0,7.0,7.0,8.0,17.0,28.0,22.0,16.0,20.0,10.0,17.0,25.0,183.0
,6.0,7.0,7.0,8.0,17.0,28.0,22.0,16.0,20.0,10.0,17.0,25.0,
,6.0,7.0,7.0,8.0,17.0,28.0,22.0,16.0,20.0,10.0,17.0,25.0,
,6.0,7.0,7.0,8.0,17.0,28.0,22.0,16.0,20.0,10.0,17.0,25.0,
,6.0,7.0,7.0,8.0,17.0,28.0,22.0,16.0,20.0,10.0,17.0,25.0,
,6.0,7.0,7.0,8.0,17.0,28.0,22.0,16.0,20.0,10.0,17.0,25.0,
,6.0,7.0,7.0,8.0,17.0,28.0,22.0,16.0,20.0,10.0,17.0,25.0,
,6.0,7.0,7.0,8.0,17.0,28.0,22.0,16.0,20.0,10.0,17.0,25.0,
,6.0,7.0,7.0,8.0,17.0,28.0,22.0,16.0,20.0,10.0,17.0,25.0,
,6.0,7.0,7.0,8.0,17.0,28.0,22.0,16.0,20.0,10.0,17.0,25.0,
,6.0,7.0,7.0,8.0,17.0,28.0,22.0,16.0,20.0,10.0,17.0,25.0,
,6.0,7.0,7.0,8.0,17.0,28.0,22.0,16.0,20.0,10.0,17.0,25.0,
,8.0,6.0,5.0,4.0,6.0,19.0,31.0,26.0,30.0,31.0,16.0,31.0,213.0
,8.0,6.0,5.0,4.0,6.0,19.0,31.0,26.0,30.0,31.0,16.0,31.0,
,8.0,6.0,5.0,4.0,6.0,19.0,31.0,26.0,30.0,31.0,16.0,31.0,
,8.0,6.0,5.0,4.0,6.0,19.0,31.0,26.0,30.0,31.0,16.0,31.0,
,8.0,6.0,5.0,4.0,6.0,19.0,31.0,26.0,30.0,31.0,16.0,31.0,
,8.0,6.0,5.0,4.0,6.0,19.0,31.0,26.0,30.0,31.0,16.0,31.0,
,8.0,6.0,5.0,4.0,6.0,19.0,31.0,26.0,30.0,31.0,16.0,31.0,
,8.0,6.0,5.0,4.0,6.0,19.0,31.0,26.0,30.0,31.0,16.0,31.0,
,8.0,6.0,5.0,4.0,6.0,19.0,31.0,26.0,30.0,31.0,16.0,31.0,
,8.0,6.0,5.0,4.0,6.0,19.0,31.0,26.0,30.0,31.0,16.0,31.0,
,8.0,6.0,5.0,4.0,6.0,19.0,31.0,26.0,30.0,31.0,16.0,31.0,
,8.0,6.0,5.0,4.0,6.0,19.0,31.0,26.0,30.0,31.0,16.0,31.0,
,18.0,2.0,5.0,11.0,12.0,21.0,15.0,31.0,8.0,31.0,23.0,16.0,193.0
,18.0,2.0,5.0,11.0,12.0,21.0,15.0,31.0,8.0,31.0,23.0,16.0,
,18.0,2.0,5.0,11.0,12.0,21.0,15.0,31.0,8.0,31.0,23.0,16.0,
,18.0,2.0,5.0,11.0,12.0,21.0,15.0,31.0,8.0,31.0,23.0,16.0,
,18.0,2.0,5.0,11.0,12.0,21.0,15.0,31.0,8.0,31.0,23.0,16.0,
,18.0,2.0,5.0,11.0,12.0,21.0,15.0,31.0,8.0,31.0,23.0,16.0,
,18.0,2.0,5.0,11.0,12.0,21.0,15.0,31.0,8.0,31.0,23.0,16.0,
,18.0,2.0,5.0,11.0,12.0,21.0,15.0,31.0,8.0,31.0,23.0,16.0,
,18.0,2.0,5.0,11.0,12.0,21.0,15.0,31.0,8.0,31.0,23.0,16.0,
,18.0,2.0,5.0,11.0,12.0,21.0,15.0,31.0,8.0,31.0,23.0,16.0,
,18.0,2.0,5.0,11.0,12.0,21.0,15.0,31.0,8.0,31.0,23.0,16.0,
,18.0,2.0,5.0,11.0,12.0,21.0,15.0,31.0,8.0,31.0,23.0,16.0,
,11.0,5.0,10.0,14.0,26.0,30.0,17.0,30.0,22.0,21.0,15.0,25.0,226.0
,11.0,5.0,10.0,14.0,26.0,30.0,17.0,30.0,22.0,21.0,15.0,25.0,
,11.0,5.0,10.0,14.0,26.0,30.0,17.0,30.0,22.0,21.0,15.0,25.0,
,11.0,5.0,10.0,14.0,26.0,30.0,17.0,30.0,22.0,21.0,15.0,25.0,
,11.0,5.0,10.0,14.0,26.0,30.0,17.0,30.0,22.0,21.0,15.0,25.0,
,11.0,5.0,10.0,14.0,26.0,30.0,17.0,30.0,22.0,21.0,15.0,25.0,
,11.0,5.0,10.0,14.0,26.0,30.0,17.0,30.0,22.0,21.0,15.0,25.0,
,11.0,5.0,10.0,14.0,26.0,30.0,17.0,30.0,22.0,21.0,15.0,25.0,
,11.0,5.0,10.0,14.0,26.0,30.0,17.0,30.0,22.0,21.0,15.0,25.0,
,11.0,5.0,10.0,14.0,26.0,30.0,17.0,30.0,22.0,21.0,15.0,25.0,
,11.0,5.0,10.0,14.0,26.0,30.0,17.0,30.0,22.0,21.0,15.0,25.0,
,11.0,5.0,10.0,14.0,26.0,30.0,17.0,30.0,22.0,21.0,15.0,25.0,
,8.0,5.0,4.0,9.0,6.0,30.0,29.0,31.0,29.0,17.0,30.0,31.0,229.0
,8.0,5.0,4.0,9.0,6.0,30.0,29.0,31.0,29.0,17.0,30.0,31.0,
,8.0,5.0,4.0,9.0,6.0,30.0,29.0,31.0,29.0,17.0,30.0,31.0,
,8.0,5.0,4.0,9.0,6.0,30.0,29.0,31.0,29.0,17.0,30.0,31.0,
,8.0,5.0,4.0,9.0,6.0,30.0,29.0,31.0,29.0,17.0,30.0,31.0,
,8.0,5.0,4.0,9.0,6.0,30.0,29.0,31.0,29.0,17.0,30.0,31.0,
,8.0,5.0,4.0,9.0,6.0,30.0,29.0,31.0,29.0,17.0,30.0,31.0,
,8.0,5.0,4.0,9.0,6.0,30.0,29.0,31.0,29.0,17.0,30.0,31.0,
,8.0,5.0,4.0,9.0,6.0,30.0,29.0,31.0,29.0,17.0,30.0,31.0,
,8.0,5.0,4.0,9.0,6.0,30.0,29.0,31.0,29.0,17.0,30.0,31.0,
,8.0,5.0,4.0,9.0,6.0,30.0,29.0,31.0,29.0,17.0,30.0,31.0,
,8.0,5.0,4.0,9.0,6.0,30.0,29.0,31.0,29.0,17.0,30.0,31.0,
,17.0,4.0,5.0,10.0,13.0,13.0,28.0,26.0,30.0,29.0,20.0,22.0,217.0
,17.0,4.0,5.0,10.0,13.0,13.0,28.0,26.0,30.0,29.0,20.0,22.0,
,17.0,4.0,5.0,10.0,13.0,13.0,28.0,26.0,30.0,29.0,20.0,22.0,
,17.0,4.0,5.0,10.0,13.0,13.0,28.0,26.0,30.0,29.0,20.0,22.0,
,17.0,4.0,5.0,10.0,13.0,13.0,28.0,26.0,30.0,29.0,20.0,22.0,
,17.0,4.0,5.0,10.0,13.0,13.0,28.0,26.0,30.0,29.0,20.0,22.0,
,17.0,4.0,5.0,10.0,13.0,13.0,28.0,26.0,30.0,29.0,20.0,22.0,
,17.0,4.0,5.0,10.0,13.0,13.0,28.0,26.0,30.0,29.0,20.0,22.0,
,17.0,4.0,5.0,10.0,13.0,13.0,28.0,26.0,30.0,29.0,20.0,22.0,
,17.0,4.0,5.0,10.0,13.0,13.0,28.0,26.0,30.0,29.0,20.0,22.0,
,17.0,4.0,5.0,10.0,13.0,13.0,28.0,26.0,30.0,29.0,20.0,22.0,
,17.0,4.0,5.0,10.0,13.0,13.0,28.0,26.0,30.0,29.0,20.0,22.0,
,4.0,4.0,6.0,4.0,24.0,27.0,19.0,21.0,17.0,13.0,13.0,10.0,162.0
,4.0,4.0,6.0,4.0,24.0,27.0,19.0,21.0,17.0,13.0,13.0,10.0,
,4.0,4.0,6.0,4.0,24.0,27.0,19.0,21.0,17.0,13.0,13.0,10.0,
,4.0,4.0,6.0,4.0,24.0,27.0,19.0,21.0,17.0,13.0,13.0,10.0,
,4.0,4.0,6.0,4.0,24.0,27.0,19.0,21.0,17.0,13.0,13.0,10.0,
,4.0,4.0,6.0,4.0,24.0,27.0,19.0,21.0,17.0,13.0,13.0,10.0,
,4.0,4.0,6.0,4.0,24.0,27.0,19.0,21.0,17.0,13.0,13.0,10.0,
,4.0,4.0,6.0,4.0,24.0,27.0,19.0,21.0,17.0,13.0,13.0,10.0,
,4.0,4.0,6.0,4.0,24.0,27.0,19.0,21.0,17.0,13.0,13.0,10.0,
,4.0,4.0,6.0,4.0,24.0,27.0,19.0,21.0,17.0,13.0,13.0,10.0,
,4.0,4.0,6.0,4.0,24.0,27.0,19.0,21.0,17.0,13.0,13.0,10.0,
,4.0,4.0,6.0,4.0,24.0,27.0,19.0,21.0,17.0,13.0,13.0,10.0,
,9.0,6.0,5.0,12.0,11.0,15.0,10.0,31.0,30.0,14.0,12.0,13.0,168.0
,9.0,6.0,5.0,12.0,11.0,15.0,10.0,31.0,30.0,14.0,12.0,13.0,
,9.0,6.0,5.0,12.0,11.0,15.0,10.0,31.0,30.0,14.0,12.0,13.0,
,9.0,6.0,5.0,12.0,11.0,15.0,10.0,31.0,30.0,14.0,12.0,13.0,
,9.0,6.0,5.0,12.0,11.0,15.0,10.0,31.0,30.0,14.0,12.0,13.0,
,9.0,6.0,5.0,12.0,11.0,15.0,10.0,31.0,30.0,14.0,12.0,13.0,
,9.0,6.0,5.0,12.0,11.0,15.0,10.0,31.0,30.0,14.0,12.0,13.0,
,9.0,6.0,5.0,12.0,11.0,15.0,10.0,31.0,30.0,14.0,12.0,13.0,
,9.0,6.0,5.0,12.0,11.0,15.0,10.0,31.0,30.0,14.0,12.0,13.0,
,9.0,6.0,5.0,12.0,11.0,15.0,10.0,31.0,30.0,14.0,12.0,13.0,
,9.0,6.0,5.0,12.0,11.0,15.0,10.0,31.0,30.0,14.0,12.0,13.0,
,9.0,6.0,5.0,12.0,11.0,15.0,10.0,31.0,30.0,14.0,12.0,13.0,
,6.0,11.0,5.0,14.0,31.0,30.0,31.0,17.0,30.0,27.0,8.0,14.0,224.0
,6.0,11.0,5.0,14.0,31.0,30.0,31.0,17.0,30.0,27.0,8.0,14.0,
,6.0,11.0,5.0,14.0,31.0,30.0,31.0,17.0,30.0,27.0,8.0,14.0,
,6.0,11.0,5.0,14.0,31.0,30.0,31.0,17.0,30.0,27.0,8.0,14.0,
,6.0,11.0,5.0,14.0,31.0,30.0,31.0,17.0,30.0,27.0,8.0,14.0,
,6.0,11.0,5.0,14.0,31.0,30.0,31.0,17.0,30.0,27.0,8.0,14.0,
,6.0,11.0,5.0,14.0,31.0,30.0,31.0,17.0,30.0,27.0,8.0,14.0,
,6.0,11.0,5.0,14.0,31.0,30.0,31.0,17.0,30.0,27.0,8.0,14.0,
,6.0,11.0,5.0,14.0,31.0,30.0,31.0,17.0,30.0,27.0,8.0,14.0,
,6.0,11.0,5.0,14.0,31.0,30.0,31.0,17.0,30.0,27.0,8.0,14.0,
,6.0,11.0,5.0,14.0,31.0,30.0,31.0,17.0,30.0,27.0,8.0,14.0,
,6.0,11.0,5.0,14.0,31.0,30.0,31.0,17.0,30.0,27.0,8.0,14.0,
,7.0,11.0,4.0,7.0,8.0,19.0,24.0,31.0,16.0,15.0,10.0,16.0,168.0
,7.0,11.0,4.0,7.0,8.0,19.0,24.0,31.0,16.0,15.0,10.0,16.0,
,7.0,11.0,4.0,7.0,8.0,19.0,24.0,31.0,16.0,15.0,10.0,16.0,
,7.0,11.0,4.0,7.0,8.0,19.0,24.0,31.0,16.0,15.0,10.0,16.0,
,7.0,11.0,4.0,7.0,8.0,19.0,24.0,31.0,16.0,15.0,10.0,16.0,
,7.0,11.0,4.0,7.0,8.0,19.0,24.0,31.0,16.0,15.0,10.0,16.0,
,7.0,11.0,4.0,7.0,8.0,19.0,24.0,31.0,16.0,15.0,10.0,16.0,
,7.0,11.0,4.0,7.0,8.0,19.0,24.0,31.0,16.0,15.0,10.0,16.0,
,7.0,11.0,4.0,7.0,8.0,19.0,24.0,31.0,16.0,15.0,10.0,16.0,
,7.0,11.0,4.0,7.0,8.0,19.0,24.0,31.0,16.0,15.0,10.0,16.0,
,7.0,11.0,4.0,7.0,8.0,19.0,24.0,31.0,16.0,15.0,10.0,16.0,
,7.0,11.0,4.0,7.0,8.0,19.0,24.0,31.0,16.0,15.0,10.0,16.0,
,6.0,7.0,5.0,9.0,11.0,24.0,20.0,21.0,17.0,27.0,23.0,8.0,178.0
,6.0,7.0,5.0,9.0,11.0,24.0,20.0,21.0,17.0,27.0,23.0,8.0,
,6.0,7.0,5.0,9.0,11.0,24.0,20.0,21.0,17.0,27.0,23.0,8.0,
,6.0,7.0,5.0,9.0,11.0,24.0,20.0,21.0,17.0,27.0,23.0,8.0,
,6.0,7.0,5.0,9.0,11.0,24.0,20.0,21.0,17.0,27.0,23.0,8.0,
,6.0,7.0,5.0,9.0,11.0,24.0,20.0,21.0,17.0,27.0,23.0,8.0,
,6.0,7.0,5.0,9.0,11.0,24.0,20.0,21.0,17.0,27.0,23.0,8.0,
,6.0,7.0,5.0,9.0,11.0,24.0,20.0,21.0,17.0,27.0,23.0,8.0,
,6.0,7.0,5.0,9.0,11.0,24.0,20.0,21.0,17.0,27.0,23.0,8.0,
,6.0,7.0,5.0,9.0,11.0,24.0,20.0,21.0,17.0,27.0,23.0,8.0,
,6.0,7.0,5.0,9.0,11.0,24.0,20.0,21.0,17.0,27.0,23.0,8.0,
,6.0,7.0,5.0,9.0,11.0,24.0,20.0,21.0,17.0,27.0,23.0,8.0,
,6.0,13.0,5.0,13.0,13.0,25.0,17.0,31.0,17.0,12.0,30.0,15.0,197.0
,6.0,13.0,5.0,13.0,13.0,25.0,17.0,31.0,17.0,12.0,30.0,15.0,
,6.0,13.0,5.0,13.0,13.0,25.0,17.0,31.0,17.0,12.0,30.0,15.0,
,6.0,13.0,5.0,13.0,13.0,25.0,17.0,31.0,17.0,12.0,30.0,15.0,
,6.0,13.0,5.0,13.0,13.0,25.0,17.0,31.0,17.0,12.0,30.0,15.0,
,6.0,13.0,5.0,13.0,13.0,25.0,17.0,31.0,17.0,12.0,30.0,15.0,
,6.0,13.0,5.0,13.0,13.0,25.0,17.0,31.0,17.0,12.0,30.0,15.0,
,6.0,13.0,5.0,13.0,13.0,25.0,17.0,31.0,17.0,12.0,30.0,15.0,
,6.0,13.0,5.0,13.0,13.0,25.0,17.0,31.0,17.0,12.0,30.0,15.0,
,6.0,13.0,5.0,13.0,13.0,25.0,17.0,31.0,17.0,12.0,30.0,15.0,
,6.0,13.0,5.0,13.0,13.0,25.0,17.0,31.0,17.0,12.0,30.0,15.0,
,6.0,13.0,5.0,13.0,13.0,25.0,17.0,31.0,17.0,12.0,30.0,15.0,
,5.0,8.0,5.0,15.0,21.0,30.0,15.0,31.0,23.0,23.0,13.0,26.0,215.0
,5.0,8.0,5.0,15.0,21.0,30.0,15.0,31.0,23.0,23.0,13.0,26.0,
,5.0,8.0,5.0,15.0,21.0,30.0,15.0,31.0,23.0,23.0,13.0,26.0,
,5.0,8.0,5.0,15.0,21.0,30.0,15.0,31.0,23.0,23.0,13.0,26.0,
,5.0,8.0,5.0,15.0,21.0,30.0,15.0,31.0,23.0,23.0,13.0,26.0,
,5.0,8.0,5.0,15.0,21.0,30.0,15.0,31.0,23.0,23.0,13.0,26.0,
,5.0,8.0,5.0,15.0,21.0,30.0,15.0,31.0,23.0,23.0,13.0,26.0,
,5.0,8.0,5.0,15.0,21.0,30.0,15.0,31.0,23.0,23.0,13.0,26.0,
,5.0,8.0,5.0,15.0,21.0,30.0,15.0,31.0,23.0,23.0,13.0,26.0,
,5.0,8.0,5.0,15.0,21.0,30.0,15.0,31.0,23.0,23.0,13.0,26.0,
,5.0,8.0,5.0,15.0,21.0,30.0,15.0,31.0,23.0,23.0,13.0,26.0,
,5.0,8.0,5.0,15.0,21.0,30.0,15.0,31.0,23.0,23.0,13.0,26.0,
,18.0,6.0,5.0,7.0,20.0,14.0,19.0,16.0,30.0,31.0,13.0,13.0,192.0
,18.0,6.0,5.0,7.0,20.0,14.0,19.0,16.0,30.0,31.0,13.0,13.0,
,18.0,6.0,5.0,7.0,20.0,14.0,19.0,16.0,30.0,31.0,13.0,13.0,
,18.0,6.0,5.0,7.0,20.0,14.0,19.0,16.0,30.0,31.0,13.0,13.0,
,18.0,6.0,5.0,7.0,20.0,14.0,19.0,16.0,30.0,31.0,13.0,13.0,
,18.0,6.0,5.0,7.0,20.0,14.0,19.0,16.0,30.0,31.0,13.0,13.0,
,18.0,6.0,5.0,7.0,20.0,14.0,19.0,16.0,30.0,31.0,13.0,13.0,
,18.0,6.0,5.0,7.0,20.0,14.0,19.0,16.0,30.0,31.0,13.0,13.0,
,18.0,6.0,5.0,7.0,20.0,14.0,19.0,16.0,30.0,31.0,13.0,13.0,
,18.0,6.0,5.0,7.0,20.0,14.0,19.0,16.0,30.0,31.0,13.0,13.0,
,18.0,6.0,5.0,7.0,20.0,14.0,19.0,16.0,30.0,31.0,13.0,13.0,
,18.0,6.0,5.0,7.0,20.0,14.0,19.0,16.0,30.0,31.0,13.0,13.0,
,8.0,5.0,4.0,9.0,7.0,11.0,22.0,29.0,30.0,31.0,15.0,28.0,199.0
,8.0,5.0,4.0,9.0,7.0,11.0,22.0,29.0,30.0,31.0,15.0,28.0,
,8.0,5.0,4.0,9.0,7.0,11.0,22.0,29.0,30.0,31.0,15.0,28.0,
,8.0,5.0,4.0,9.0,7.0,11.0,22.0,29.0,30.0,31.0,15.0,28.0,
,8.0,5.0,4.0,9.0,7.0,11.0,22.0,29.0,30.0,31.0,15.0,28.0,
,8.0,5.0,4.0,9.0,7.0,11.0,22.0,29.0,30.0,31.0,15.0,28.0,
,8.0,5.0,4.0,9.0,7.0,11.0,22.0,29.0,30.0,31.0,15.0,28.0,
,8.0,5.0,4.0,9.0,7.0,11.0,22.0,29.0,30.0,31.0,15.0,28.0,
,8.0,5.0,4.0,9.0,7.0,11.0,22.0,29.0,30.0,31.0,15.0,28.0,
,8.0,5.0,4.0,9.0,7.0,11.0,22.0,29.0,30.0,31.0,15.0,28.0,
,8.0,5.0,4.0,9.0,7.0,11.0,22.0,29.0,30.0,31.0,15.0,28.0,
,8.0,5.0,4.0,9.0,7.0,11.0,22.0,29.0,30.0,31.0,15.0,28.0,
,14.0,10.0,7.0,14.0,7.0,18.0,20.0,21.0,30.0,31.0,30.0,15.0,217.0
,14.0,10.0,7.0,14.0,7.0,18.0,20.0,21.0,30.0,31.0,30.0,15.0,
,14.0,10.0,7.0,14.0,7.0,18.0,20.0,21.0,30.0,31.0,30.0,15.0,
,14.0,10.0,7.0,14.0,7.0,18.0,20.0,21.0,30.0,31.0,30.0,15.0,
,14.0,10.0,7.0,14.0,7.0,18.0,20.0,21.0,30.0,31.0,30.0,15.0,
,14.0,10.0,7.0,14.0,7.0,18.0,20.0,21.0,30.0,31.0,30.0,15.0,
,14.0,10.0,7.0,14.0,7.0,18.0,20.0,21.0,30.0,31.0,30.0,15.0,
,14.0,10.0,7.0,14.0,7.0,18.0,20.0,21.0,30.0,31.0,30.0,15.0,
,14.0,10.0,7.0,14.0,7.0,18.0,20.0,21.0,30.0,31.0,30.0,15.0,
,14.0,10.0,7.0,14.0,7.0,18.0,20.0,21.0,30.0,31.0,30.0,15.0,
,14.0,10.0,7.0,14.0,7.0,18.0,20.0,21.0,30.0,31.0,30.0,15.0,
,14.0,10.0,7.0,14.0,7.0,18.0,20.0,21.0,30.0,31.0,30.0,15.0,
,21.0,5.0,10.0,2.0,16.0,12.0,23.0,31.0,30.0,21.0,9.0,24.0,204.0
,21.0,5.0,10.0,2.0,16.0,12.0,23.0,31.0,30.0,21.0,9.0,24.0,
,21.0,5.0,10.0,2.0,16.0,12.0,23.0,31.0,30.0,21.0,9.0,24.0,
,21.0,5.0,10.0,2.0,16.0,12.0,23.0,31.0,30.0,21.0,9.0,24.0,
,21.0,5.0,10.0,2.0,16.0,12.0,23.0,31.0,30.0,21.0,9.0,24.0,
,21.0,5.0,10.0,2.0,16.0,12.0,23.0,31.0,30.0,21.0,9.0,24.0,
,21.0,5.0,10.0,2.0,16.0,12.0,23.0,31.0,30.0,21.0,9.0,24.0,
,21.0,5.0,10.0,2.0,16.0,12.0,23.0,31.0,30.0,21.0,9.0,24.0,
,21.0,5.0,10.0,2.0,16.0,12.0,23.0,31.0,30.0,21.0,9.0,24.0,
,21.0,5.0,10.0,2.0,16.0,12.0,23.0,31.0,30.0,21.0,9.0,24.0,
,21.0,5.0,10.0,2.0,16.0,12.0,23.0,31.0,30.0,21.0,9.0,24.0,
,21.0,5.0,10.0,2.0,16.0,12.0,23.0,31.0,30.0,21.0,9.0,24.0,
,18.0,3.0,5.0,10.0,24.0,20.0,31.0,31.0,30.0,31.0,23.0,9.0,235.0
,18.0,3.0,5.0,10.0,24.0,20.0,31.0,31.0,30.0,31.0,23.0,9.0,
,18.0,3.0,5.0,10.0,24.0,20.0,31.0,31.0,30.0,31.0,23.0,9.0,
,18.0,3.0,5.0,10.0,24.0,20.0,31.0,31.0,30.0,31.0,23.0,9.0,
,18.0,3.0,5.0,10.0,24.0,20.0,31.0,31.0,30.0,31.0,23.0,9.0,
,18.0,3.0,5.0,10.0,24.0,20.0,31.0,31.0,30.0,31.0,23.0,9.0,
,18.0,3.0,5.0,10.0,24.0,20.0,31.0,31.0,30.0,31.0,23.0,9.0,
,18.0,3.0,5.0,10.0,24.0,20.0,31.0,31.0,30.0,31.0,23.0,9.0,
,18.0,3.0,5.0,10.0,24.0,20.0,31.0,31.0,30.0,31.0,23.0,9.0,
,18.0,3.0,5.0,10.0,24.0,20.0,31.0,31.0,30.0,31.0,23.0,9.0,
,18.0,3.0,5.0,10.0,24.0,20.0,31.0,31.0,30.0,31.0,23.0,9.0,
,18.0,3.0,5.0,10.0,24.0,20.0,31.0,31.0,30.0,31.0,23.0,9.0,
,5.0,6.0,4.0,4.0,9.0,19.0,15.0,23.0,29.0,31.0,30.0,9.0,184.0
,5.0,6.0,4.0,4.0,9.0,19.0,15.0,23.0,29.0,31.0,30.0,9.0,
,5.0,6.0,4.0,4.0,9.0,19.0,15.0,23.0,29.0,31.0,30.0,9.0,
,5.0,6.0,4.0,4.0,9.0,19.0,15.0,23.0,29.0,31.0,30.0,9.0,
,5.0,6.0,4.0,4.0,9.0,19.0,15.0,23.0,29.0,31.0,30.0,9.0,
,5.0,6.0,4.0,4.0,9.0,19.0,15.0,23.0,29.0,31.0,30.0,9.0,
,5.0,6.0,4.0,4.0,9.0,19.0,15.0,23.0,29.0,31.0,30.0,9.0,
,5.0,6.0,4.0,4.0,9.0,19.0,15.0,23.0,29.0,31.0,30.0,9.0,
,5.0,6.0,4.0,4.0,9.0,19.0,15.0,23.0,29.0,31.0,30.0,9.0,
,5.0,6.0,4.0,4.0,9.0,19.0,15.0,23.0,29.0,31.0,30.0,9.0,
,5.0,6.0,4.0,4.0,9.0,19.0,15.0,23.0,29.0,31.0,30.0,9.0,
,5.0,6.0,4.0,4.0,9.0,19.0,15.0,23.0,29.0,31.0,30.0,9.0,
,13.0,5.0,8.0,3.0,9.0,30.0,22.0,31.0,30.0,19.0,12.0,6.0,188.0
,13.0,5.0,8.0,3.0,9.0,30.0,22.0,31.0,30.0,19.0,12.0,6.0,
,13.0,5.0,8.0,3.0,9.0,30.0,22.0,31.0,30.0,19.0,12.0,6.0,
,13.0,5.0,8.0,3.0,9.0,30.0,22.0,31.0,30.0,19.0,12.0,6.0,
,13.0,5.0,8.0,3.0,9.0,30.0,22.0,31.0,30.0,19.0,12.0,6.0,
,13.0,5.0,8.0,3.0,9.0,30.0,22.0,31.0,30.0,19.0,12.0,6.0,
,13.0,5.0,8.0,3.0,9.0,30.0,22.0,31.0,30.0,19.0,12.0,6.0,
,13.0,5.0,8.0,3.0,9.0,30.0,22.0,31.0,30.0,19.0,12.0,6.0,
,13.0,5.0,8.0,3.0,9.0,30.0,22.0,31.0,30.0,19.0,12.0,6.0,
,13.0,5.0,8.0,3.0,9.0,30.0,22.0,31.0,30.0,19.0,12.0,6.0,
,13.0,5.0,8.0,3.0,9.0,30.0,22.0,31.0,30.0,19.0,12.0,6.0,
,13.0,5.0,8.0,3.0,9.0,30.0,22.0,31.0,30.0,19.0,12.0,6.0,
,7.0,8.0,14.0,12.0,9.0,21.0,18.0,31.0,30.0,21.0,15.0,11.0,197.0
,7.0,8.0,14.0,12.0,9.0,21.0,18.0,31.0,30.0,21.0,15.0,11.0,
,7.0,8.0,14.0,12.0,9.0,21.0,18.0,31.0,30.0,21.0,15.0,11.0,
,7.0,8.0,14.0,12.0,9.0,21.0,18.0,31.0,30.0,21.0,15.0,11.0,
,7.0,8.0,14.0,12.0,9.0,21.0,18.0,31.0,30.0,21.0,15.0,11.0,
,7.0,8.0,14.0,12.0,9.0,21.0,18.0,31.0,30.0,21.0,15.0,11.0,
,7.0,8.0,14.0,12.0,9.0,21.0,18.0,31.0,30.0,21.0,15.0,11.0,
,7.0,8.0,14.0,12.0,9.0,21.0,18.0,31.0,30.0,21.0,15.0,11.0,
,7.0,8.0,14.0,12.0,9.0,21.0,18.0,31.0,30.0,21.0,15.0,11.0,
,7.0,8.0,14.0,12.0,9.0,21.0,18.0,31.0,30.0,21.0,15.0,11.0,
,7.0,8.0,14.0,12.0,9.0,21.0,18.0,31.0,30.0,21.0,15.0,11.0,
,7.0,8.0,14.0,12.0,9.0,21.0,18.0,31.0,30.0,21.0,15.0,11.0,
,11.0,9.0,6.0,5.0,10.0,11.0,21.0,22.0,30.0,16.0,7.0,12.0,160.0
,11.0,9.0,6.0,5.0,10.0,11.0,21.0,22.0,30.0,16.0,7.0,12.0,
,11.0,9.0,6.0,5.0,10.0,11.0,21.0,22.0,30.0,16.0,7.0,12.0,
,11.0,9.0,6.0,5.0,10.0,11.0,21.0,22.0,30.0,16.0,7.0,12.0,
,11.0,9.0,6.0,5.0,10.0,11.0,21.0,22.0,30.0,16.0,7.0,12.0,
,11.0,9.0,6.0,5.0,10.0,11.0,21.0,22.0,30.0,16.0,7.0,12.0,
,11.0,9.0,6.0,5.0,10.0,11.0,21.0,22.0,30.0,16.0,7.0,12.0,
,11.0,9.0,6.0,5.0,10.0,11.0,21.0,22.0,30.0,16.0,7.0,12.0,
,11.0,9.0,6.0,5.0,10.0,11.0,21.0,22.0,30.0,16.0,7.0,12.0,
,11.0,9.0,6.0,5.0,10.0,11.0,21.0,22.0,30.0,16.0,7.0,12.0,
,11.0,9.0,6.0,5.0,10.0,11.0,21.0,22.0,30.0,16.0,7.0,12.0,
,11.0,9.0,6.0,5.0,10.0,11.0,21.0,22.0,30.0,16.0,7.0,12.0,
,8.0,8.0,4.0,8.0,24.0,15.0,31.0,31.0,30.0,18.0,29.0,16.0,222.0
,8.0,8.0,4.0,8.0,24.0,15.0,31.0,31.0,30.0,18.0,29.0,16.0,
,8.0,8.0,4.0,8.0,24.0,15.0,31.0,31.0,30.0,18.0,29.0,16.0,
,8.0,8.0,4.0,8.0,24.0,15.0,31.0,31.0,30.0,18.0,29.0,16.0,
,8.0,8.0,4.0,8.0,24.0,15.0,31.0,31.0,30.0,18.0,29.0,16.0,
,8.0,8.0,4.0,8.0,24.0,15.0,31.0,31.0,30.0,18.0,29.0,16.0,
,8.0,8.0,4.0,8.0,24.0,15.0,31.0,31.0,30.0,18.0,29.0,16.0,
,8.0,8.0,4.0,8.0,24.0,15.0,31.0,31.0,30.0,18.0,29.0,16.0,
,8.0,8.0,4.0,8.0,24.0,15.0,31.0,31.0,30.0,18.0,29.0,16.0,
,8.0,8.0,4.0,8.0,24.0,15.0,31.0,31.0,30.0,18.0,29.0,16.0,
,8.0,8.0,4.0,8.0,24.0,15.0,31.0,31.0,30.0,18.0,29.0,16.0,
,8.0,8.0,4.0,8.0,24.0,15.0,31.0,31.0,30.0,18.0,29.0,16.0,
,12.0,6.0,9.0,6.0,14.0,11.0,12.0,31.0,30.0,16.0,13.0,14.0,174.0
,12.0,6.0,9.0,6.0,14.0,11.0,12.0,31.0,30.0,16.0,13.0,14.0,
,12.0,6.0,9.0,6.0,14.0,11.0,12.0,31.0,30.0,16.0,13.0,14.0,
,12.0,6.0,9.0,6.0,14.0,11.0,12.0,31.0,30.0,16.0,13.0,14.0,
,12.0,6.0,9.0,6.0,14.0,11.0,12.0,31.0,30.0,16.0,13.0,14.0,
,12.0,6.0,9.0,6.0,14.0,11.0,12.0,31.0,30.0,16.0,13.0,14.0,
,12.0,6.0,9.0,6.0,14.0,11.0,12.0,31.0,30.0,16.0,13.0,14.0,
,12.0,6.0,9.0,6.0,14.0,11.0,12.0,31.0,30.0,16.0,13.0,14.0,
,12.0,6.0,9.0,6.0,14.0,11.0,12.0,31.0,30.0,16.0,13.0,14.0,
,12.0,6.0,9.0,6.0,14.0,11.0,12.0,31.0,30.0,16.0,13.0,14.0,
,12.0,6.0,9.0,6.0,14.0,11.0,12.0,31.0,30.0,16.0,13.0,14.0,
,12.0,6.0,9.0,6.0,14.0,11.0,12.0,31.0,30.0,16.0,13.0,14.0,
,7.0,7.0,4.0,7.0,12.0,16.0,12.0,31.0,18.0,13.0,11.0,10.0,148.0
,7.0,7.0,4.0,7.0,12.0,16.0,12.0,31.0,18.0,13.0,11.0,10.0,
,7.0,7.0,4.0,7.0,12.0,16.0,12.0,31.0,18.0,13.0,11.0,10.0,
,7.0,7.0,4.0,7.0,12.0,16.0,12.0,31.0,18.0,13.0,11.0,10.0,
,7.0,7.0,4.0,7.0,12.0,16.0,12.0,31.0,18.0,13.0,11.0,10.0,
,7.0,7.0,4.0,7.0,12.0,16.0,12.0,31.0,18.0,13.0,11.0,10.0,
,7.0,7.0,4.0,7.0,12.0,16.0,12.0,31.0,18.0,13.0,11.0,10.0,
,7.0,7.0,4.0,7.0,12.0,16.0,12.0,31.0,18.0,13.0,11.0,10.0,
,7.0,7.0,4.0,7.0,12.0,16.0,12.0,31.0,18.0,13.0,11.0,10.0,
,7.0,7.0,4.0,7.0,12.0,16.0,12.0,31.0,18.0,13.0,11.0,10.0,
,7.0,7.0,4.0,7.0,12.0,16.0,12.0,31.0,18.0,13.0,11.0,10.0,
,7.0,7.0,4.0,7.0,12.0,16.0,12.0,31.0,18.0,13.0,11.0,10.0,
,14.0,5.0,5.0,7.0,10.0,22.0,23.0,31.0,30.0,30.0,30.0,18.0,225.0
,14.0,5.0,5.0,7.0,10.0,22.0,23.0,31.0,30.0,30.0,30.0,18.0,
,14.0,5.0,5.0,7.0,10.0,22.0,23.0,31.0,30.0,30.0,30.0,18.0,
,14.0,5.0,5.0,7.0,10.0,22.0,23.0,31.0,30.0,30.0,30.0,18.0,
,14.0,5.0,5.0,7.0,10.0,22.0,23.0,31.0,30.0,30.0,30.0,18.0,
,14.0,5.0,5.0,7.0,10.0,22.0,23.0,31.0,30.0,30.0,30.0,18.0,
,14.0,5.0,5.0,7.0,10.0,22.0,23.0,31.0,30.0,30.0,30.0,18.0,
,14.0,5.0,5.0,7.0,10.0,22.0,23.0,31.0,30.0,30.0,30.0,18.0,
,14.0,5.0,5.0,7.0,10.0,22.0,23.0,31.0,30.0,30.0,30.0,18.0,
,14.0,5.0,5.0,7.0,10.0,22.0,23.0,31.0,30.0,30.0,30.0,18.0,
,14.0,5.0,5.0,7.0,10.0,22.0,23.0,31.0,30.0,30.0,30.0,18.0,
,14.0,5.0,5.0,7.0,10.0,22.0,23.0,31.0,30.0,30.0,30.0,18.0,
,5.0,8.0,9.0,13.0,12.0,24.0,31.0,31.0,22.0,31.0,30.0,13.0,229.0
,5.0,8.0,9.0,13.0,12.0,24.0,31.0,31.0,22.0,31.0,30.0,13.0,
,5.0,8.0,9.0,13.0,12.0,24.0,31.0,31.0,22.0,31.0,30.0,13.0,
,5.0,8.0,9.0,13.0,12.0,24.0,31.0,31.0,22.0,31.0,30.0,13.0,
,5.0,8.0,9.0,13.0,12.0,24.0,31.0,31.0,22.0,31.0,30.0,13.0,
,5.0,8.0,9.0,13.0,12.0,24.0,31.0,31.0,22.0,31.0,30.0,13.0,
,5.0,8.0,9.0,13.0,12.0,24.0,31.0,31.0,22.0,31.0,30.0,13.0,
,5.0,8.0,9.0,13.0,12.0,24.0,31.0,31.0,22.0,31.0,30.0,13.0,
,5.0,8.0,9.0,13.0,12.0,24.0,31.0,31.0,22.0,31.0,30.0,13.0,
,5.0,8.0,9.0,13.0,12.0,24.0,31.0,31.0,22.0,31.0,30.0,13.0,
,5.0,8.0,9.0,13.0,12.0,24.0,31.0,31.0,22.0,31.0,30.0,13.0,
,5.0,8.0,9.0,13.0,12.0,24.0,31.0,31.0,22.0,31.0,30.0,13.0,
,10.0,5.0,14.0,14.0,23.0,15.0,30.0,31.0,30.0,20.0,13.0,14.0,219.0
,10.0,5.0,14.0,14.0,23.0,15.0,30.0,31.0,30.0,20.0,13.0,14.0,
,10.0,5.0,14.0,14.0,23.0,15.0,30.0,31.0,30.0,20.0,13.0,14.0,
,10.0,5.0,14.0,14.0,23.0,15.0,30.0,31.0,30.0,20.0,13.0,14.0,
,10.0,5.0,14.0,14.0,23.0,15.0,30.0,31.0,30.0,20.0,13.0,14.0,
,10.0,5.0,14.0,14.0,23.0,15.0,30.0,31.0,30.0,20.0,13.0,14.0,
,10.0,5.0,14.0,14.0,23.0,15.0,30.0,31.0,30.0,20.0,13.0,14.0,
,10.0,5.0,14.0,14.0,23.0,15.0,30.0,31.0,30.0,20.0,13.0,14.0,
,10.0,5.0,14.0,14.0,23.0,15.0,30.0,31.0,30.0,20.0,13.0,14.0,
,10.0,5.0,14.0,14.0,23.0,15.0,30.0,31.0,30.0,20.0,13.0,14.0,
,10.0,5.0,14.0,14.0,23.0,15.0,30.0,31.0,30.0,20.0,13.0,14.0,
,10.0,5.0,14.0,14.0,23.0,15.0,30.0,31.0,30.0,20.0,13.0,14.0,
,6.0,6.0,17.0,8.0,31.0,30.0,31.0,31.0,30.0,25.0,23.0,11.0,249.0
,6.0,6.0,17.0,8.0,31.0,30.0,31.0,31.0,30.0,25.0,23.0,11.0,
,6.0,6.0,17.0,8.0,31.0,30.0,31.0,31.0,30.0,25.0,23.0,11.0,
,6.0,6.0,17.0,8.0,31.0,30.0,31.0,31.0,30.0,25.0,23.0,11.0,
,6.0,6.0,17.0,8.0,31.0,30.0,31.0,31.0,30.0,25.0,23.0,11.0,
,6.0,6.0,17.0,8.0,31.0,30.0,31.0,31.0,30.0,25.0,23.0,11.0,
,6.0,6.0,17.0,8.0,31.0,30.0,31.0,31.0,30.0,25.0,23.0,11.0,
,6.0,6.0,17.0,8.0,31.0,30.0,31.0,31.0,30.0,25.0,23.0,11.0,
,6.0,6.0,17.0,8.0,31.0,30.0,31.0,31.0,30.0,25.0,23.0,11.0,
,6.0,6.0,17.0,8.0,31.0,30.0,31.0,31.0,30.0,25.0,23.0,11.0,
,6.0,6.0,17.0,8.0,31.0,30.0,31.0,31.0,30.0,25.0,23.0,11.0,
,6.0,6.0,17.0,8.0,31.0,30.0,31.0,31.0,30.0,25.0,23.0,11.0,
,13.0,14.0,8.0,14.0,14.0,17.0,31.0,31.0,30.0,19.0,21.0,18.0,230.0
,13.0,14.0,8.0,14.0,14.0,17.0,31.0,31.0,30.0,19.0,21.0,18.0,
,13.0,14.0,8.0,14.0,14.0,17.0,31.0,31.0,30.0,19.0,21.0,18.0,
,13.0,14.0,8.0,14.0,14.0,17.0,31.0,31.0,30.0,19.0,21.0,18.0,
,13.0,14.0,8.0,14.0,14.0,17.0,31.0,31.0,30.0,19.0,21.0,18.0,
,13.0,14.0,8.0,14.0,14.0,17.0,31.0,31.0,30.0,19.0,21.0,18.0,
,13.0,14.0,8.0,14.0,14.0,17.0,31.0,31.0,30.0,19.0,21.0,18.0,
,13.0,14.0,8.0,14.0,14.0,17.0,31.0,31.0,30.0,19.0,21.0,18.0,
,13.0,14.0,8.0,14.0,14.0,17.0,31.0,31.0,30.0,19.0,21.0,18.0,
,13.0,14.0,8.0,14.0,14.0,17.0,31.0,31.0,30.0,19.0,21.0,18.0,
,13.0,14.0,8.0,14.0,14.0,17.0,31.0,31.0,30.0,19.0,21.0,18.0,
,13.0,14.0,8.0,14.0,14.0,17.0,31.0,31.0,30.0,19.0,21.0,18.0,
