year,jan,feb,mar,apr,may,jun,jul,aug,sep,oct,nov,dec,annual
,0.0,0.0,0.0,0.0,0.0,0.0,0.0,0.0,0.0,0.0,0.0,0.0,0.0
,0.0,0.0,0.0,0.0,0.0,0.0,0.0,0.0,0.0,0.0,0.0,0.0,
,0.0,0.0,0.0,0.0,0.0,0.0,0.0,0.0,0.0,0.0,0.0,0.0,
,0.0,0.0,0.0,0.0,0.0,0.0,0.0,0.0,0.0,0.0,0.0,0.0,
,0.0,0.0,0.0,0.0,0.0,0.0,0.0,0.0,0.0,0.0,0.0,0.0,
,0.0,0.0,0.0,0.0,0.0,0.0,0.0,0.0,0.0,0.0,0.0,0.0,
,0.0,0.0,0.0,0.0,0.0,0.0,0.0,0.0,0.0,0.0,0.0,0.0,
,0.0,0.0,0.0,0.0,0.0,0.0,0.0,0.0,0.0,0.0,0.0,0.0,
,0.0,0.0,0.0,0.0,0.0,0.0,0.0,0.0,0.0,0.0,0.0,0.0,
,0.0,0.0,0.0,0.0,0.0,0.0,0.0,0.0,0.0,0.0,0.0,0.0,
,0.0,0.0,0.0,0.0,0.0,0.0,0.0,0.0,0.0,0.0,0.0,0.0,
,0.0,0.0,0.0,0.0,0.0,0.0,0.0,0.0,0.0,0.0,0.0,0.0,
,0.0,0.0,0.0,0.0,0.0,0.0,0.0,0.0,0.0,0.0,0.0,0.0,0.0
,0.0,0.0,0.0,0.0,0.0,0.0,0.0,0.0,0.0,0.0,0.0,0.0,
,0.0,0.0,0.0,0.0,0.0,0.0,0.0,0.0,0.0,0.0,0.0,0.0,
,0.0,0.0,0.0,0.0,0.0,0.0,0.0,0.0,0.0,0.0,0.0,0.0,
,0.0,0.0,0.0,0.0,0.0,0.0,0.0,0.0,0.0,0.0,0.0,0.0,
,0.0,0.0,0.0,0.0,0.0,0.0,0.0,0.0,0.0,0.0,0.0,0.0,
,0.0,0.0,0.0,0.0,0.0,0.0,0.0,0.0,0.0,0.0,0.0,0.0,
,0.0,0.0,0.0,0.0,0.0,0.0,0.0,0.0,0.0,0.0,0.0,0.0,
,0.0,0.0,0.0,0.0,0.0,0.0,0.0,0.0,0.0,0.0,0.0,0.0,
,0.0,0.0,0.0,0.0,0.0,0.0,0.0,0.0,0.0,0.0,0.0,0.0,
,0.0,0.0,0.0,0.0,0.0,0.0,0.0,0.0,0.0,0.0,0.0,0.0,
,0.0,0.0,0.0,0.0,0.0,0.0,0.0,0.0,0.0,0.0,0.0,0.0,
,0.0,0.0,0.0,0.0,0.0,0.0,0.0,0.0,0.0,0.0,0.0,0.0,0.0
,0.0,0.0,0.0,0.0,0.0,0.0,0.0,0.0,0.0,0.0,0.0,0.0,
,0.0,0.0,0.0,0.0,0.0,0.0,0.0,0.0,0.0,0.0,0.0,0.0,
,0.0,0.0,0.0,0.0,0.0,0.0,0.0,0.0,0.0,0.0,0.0,0.0,
,0.0,0.0,0.0,0.0,0.0,0.0,0.0,0.0,0.0,0.0,0.0,0.0,
,0.0,0.0,0.0,0.0,0.0,0.0,0.0,0.0,0.0,0.0,0.0,0.0,
,0.0,0.0,0.0,0.0,0.0,0.0,0.0,0.0,0.0,0.0,0.0,0.0,
,0.0,0.0,0.0,0.0,0.0,0.0,0.0,0.0,0.0,0.0,0.0,0.0,
,0.0,0.0,0.0,0.0,0.0,0.0,0.0,0.0,0.0,0.0,0.0,0.0,
,0.0,0.0,0.0,0.0,0.0,0.0,0.0,0.0,0.0,0.0,0.0,0.0,
,0.0,0.0,0.0,0.0,0.0,0.0,0.0,0.0,0.0,0.0,0.0,0.0,
,0.0,0.0,0.0,0.0,0.0,0.0,0.0,0.0,0.0,0.0,0.0,0.0,
,0.0,0.0,0.0,0.0,0.0,0.0,0.0,0.0,0.0,0.0,0.0,0.0,0.0
,0.0,0.0,0.0,0.0,0.0,0.0,0.0,0.0,0.0,0.0,0.0,0.0,
,0.0,0.0,0.0,0.0,0.0,0.0,0.0,0.0,0.0,0.0,0.0,0.0,
,0.0,0.0,0.0,0.0,0.0,0.0,0.0,0.0,0.0,0.0,0.0,0.0,
,0.0,0.0,0.0,0.0,0.0,0.0,0.0,0.0,0.0,0.0,0.0,0.0,
,0.0,0.0,0.0,0.0,0.0,0.0,0.0,0.0,0.0,0.0,0.0,0.0,
,0.0,0.0,0.0,0.0,0.0,0.0,0.0,0.0,0.0,0.0,0.0,0.0,
,0.0,0.0,0.0,0.0,0.0,0.0,0.0,0.0,0.0,0.0,0.0,0.0,
,0.0,0.0,0.0,0.0,0.0,0.0,0.0,0.0,0.0,0.0,0.0,0.0,
,0.0,0.0,0.0,0.0,0.0,0.0,0.0,0.0,0.0,0.0,0.0,0.0,
,0.0,0.0,0.0,0.0,0.0,0.0,0.0,0.0,0.0,0.0,0.0,0.0,
,0.0,0.0,0.0,0.0,0.0,0.0,0.0,0.0,0.0,0.0,0.0,0.0,
,0.0,0.0,0.0,0.0,0.0,0.0,0.0,0.0,0.0,0.0,0.0,0.0,0.0
,0.0,0.0,0.0,0.0,0.0,0.0,0.0,0.0,0.0,0.0,0.0,0.0,
,0.0,0.0,0.0,0.0,0.0,0.0,0.0,0.0,0.0,0.0,0.0,0.0,
,0.0,0.0,0.0,0.0,0.0,0.0,0.0,0.0,0.0,0.0,0.0,0.0,
,0.0,0.0,0.0,0.0,0.0,0.0,0.0,0.0,0.0,0.0,0.0,0.0,
,0.0,0.0,0.0,0.0,0.0,0.0,0.0,0.0,0.0,0.0,0.0,0.0,
,0.0,0.0,0.0,0.0,0.0,0.0,0.0,0.0,0.0,0.0,0.0,0.0,
,0.0,0.0,0.0,0.0,0.0,0.0,0.0,0.0,0.0,0.0,0.0,0.0,
,0.0,0.0,0.0,0.0,0.0,0.0,0.0,0.0,0.0,0.0,0.0,0.0,
,0.0,0.0,0.0,0.0,0.0,0.0,0.0,0.0,0.0,0.0,0.0,0.0,
,0.0,0.0,0.0,0.0,0.0,0.0,0.0,0.0,0.0,0.0,0.0,0.0,
,0.0,0.0,0.0,0.0,0.0,0.0,0.0,0.0,0.0,0.0,0.0,0.0,
,0.0,0.0,0.0,0.0,0.0,0.0,0.0,0.0,0.0,0.0,0.0,0.0,0.0
,0.0,0.0,0.0,0.0,0.0,0.0,0.0,0.0,0.0,0.0,0.0,0.0,
,0.0,0.0,0.0,0.0,0.0,0.0,0.0,0.0,0.0,0.0,0.0,0.0,
,0.0,0.0,0.0,0.0,0.0,0.0,0.0,0.0,0.0,0.0,0.0,0.0,
,0.0,0.0,0.0,0.0,0.0,0.0,0.0,0.0,0.0,0.0,0.0,0.0,
,0.0,0.0,0.0,0.0,0.0,0.0,0.0,0.0,0.0,0.0,0.0,0.0,
,0.0,0.0,0.0,0.0,0.0,0.0,0.0,0.0,0.0,0.0,0.0,0.0,
,0.0,0.0,0.0,0.0,0.0,0.0,0.0,0.0,0.0,0.0,0.0,0.0,
,0.0,0.0,0.0,0.0,0.0,0.0,0.0,0.0,0.0,0.0,0.0,0.0,
,0.0,0.0,0.0,0.0,0.0,0.0,0.0,0.0,0.0,0.0,0.0,0.0,
,0.0,0.0,0.0,0.0,0.0,0.0,0.0,0.0,0.0,0.0,0.0,0.0,
,0.0,0.0,0.0,0.0,0.0,0.0,0.0,0.0,0.0,0.0,0.0,0.0,
,0.0,0.0,0.0,0.0,0.0,0.0,0.0,0.0,0.0,0.0,0.0,0.0,0.0
,0.0,0.0,0.0,0.0,0.0,0.0,0.0,0.0,0.0,0.0,0.0,0.0,
,0.0,0.0,0.0,0.0,0.0,0.0,0.0,0.0,0.0,0.0,0.0,0.0,
,0.0,0.0,0.0,0.0,0.0,0.0,0.0,0.0,0.0,0.0,0.0,0.0,
,0.0,0.0,0.0,0.0,0.0,0.0,0.0,0.0,0.0,0.0,0.0,0.0,
,0.0,0.0,0.0,0.0,0.0,0.0,0.0,0.0,0.0,0.0,0.0,0.0,
,0.0,0.0,0.0,0.0,0.0,0.0,0.0,0.0,0.0,0.0,0.0,0.0,
,0.0,0.0,0.0,0.0,0.0,0.0,0.0,0.0,0.0,0.0,0.0,0.0,
,0.0,0.0,0.0,0.0,0.0,0.0,0.0,0.0,0.0,0.0,0.0,0.0,
,0.0,0.0,0.0,0.0,0.0,0.0,0.0,0.0,0.0,0.0,0.0,0.0,
,0.0,0.0,0.0,0.0,0.0,0.0,0.0,0.0,0.0,0.0,0.0,0.0,
,0.0,0.0,0.0,0.0,0.0,0.0,0.0,0.0,0.0,0.0,0.0,0.0,
,0.0,0.0,0.0,0.0,0.0,0.0,0.0,0.0,0.0,0.0,0.0,0.0,0.0
,0.0,0.0,0.0,0.0,0.0,0.0,0.0,0.0,0.0,0.0,0.0,0.0,
,0.0,0.0,0.0,0.0,0.0,0.0,0.0,0.0,0.0,0.0,0.0,0.0,
,0.0,0.0,0.0,0.0,0.0,0.0,0.0,0.0,0.0,0.0,0.0,0.0,
,0.0,0.0,0.0,0.0,0.0,0.0,0.0,0.0,0.0,0.0,0.0,0.0,
,0.0,0.0,0.0,0.0,0.0,0.0,0.0,0.0,0.0,0.0,0.0,0.0,
,0.0,0.0,0.0,0.0,0.0,0.0,0.0,0.0,0.0,0.0,0.0,0.0,
,0.0,0.0,0.0,0.0,0.0,0.0,0.0,0.0,0.0,0.0,0.0,0.0,
,0.0,0.0,0.0,0.0,0.0,0.0,0.0,0.0,0.0,0.0,0.0,0.0,
,0.0,0.0,0.0,0.0,0.0,0.0,0.0,0.0,0.0,0.0,0.0,0.0,
,0.0,0.0,0.0,0.0,0.0,0.0,0.0,0.0,0.0,0.0,0.0,0.0,
,0.0,0.0,0.0,0.0,0.0,0.0,0.0,0.0,0.0,0.0,0.0,0.0,
,0.0,0.0,0.0,0.0,0.0,0.0,0.0,0.0,0.0,0.0,0.0,0.0,0.0
,0.0,0.0,0.0,0.0,0.0,0.0,0.0,0.0,0.0,0.0,0.0,0.0,
,0.0,0.0,0.0,0.0,0.0,0.0,0.0,0.0,0.0,0.0,0.0,0.0,
,0.0,0.0,0.0,0.0,0.0,0.0,0.0,0.0,0.0,0.0,0.0,0.0,
,0.0,0.0,0.0,0.0,0.0,0.0,0.0,0.0,0.0,0.0,0.0,0.0,
,0.0,0.0,0.0,0.0,0.0,0.0,0.0,0.0,0.0,0.0,0.0,0.0,
,0.0,0.0,0.0,0.0,0.0,0.0,0.0,0.0,0.0,0.0,0.0,0.0,
,0.0,0.0,0.0,0.0,0.0,0.0,0.0,0.0,0.0,0.0,0.0,0.0,
,0.0,0.0,0.0,0.0,0.0,0.0,0.0,0.0,0.0,0.0,0.0,0.0,
,0.0,0.0,0.0,0.0,0.0,0.0,0.0,0.0,0.0,0.0,0.0,0.0,
,0.0,0.0,0.0,0.0,0.0,0.0,0.0,0.0,0.0,0.0,0.0,0.0,
,0.0,0.0,0.0,0.0,0.0,0.0,0.0,0.0,0.0,0.0,0.0,0.0,
,0.0,0.0,0.0,0.0,0.0,0.0,0.0,0.0,0.0,0.0,0.0,0.0,0.0
,0.0,0.0,0.0,0.0,0.0,0.0,0.0,0.0,0.0,0.0,0.0,0.0,
,0.0,0.0,0.0,0.0,0.0,0.0,0.0,0.0,0.0,0.0,0.0,0.0,
,0.0,0.0,0.0,0.0,0.0,0.0,0.0,0.0,0.0,0.0,0.0,0.0,
,0.0,0.0,0.0,0.0,0.0,0.0,0.0,0.0,0.0,0.0,0.0,0.0,
,0.0,0.0,0.0,0.0,0.0,0.0,0.0,0.0,0.0,0.0,0.0,0.0,
,0.0,0.0,0.0,0.0,0.0,0.0,0.0,0.0,0.0,0.0,0.0,0.0,
,0.0,0.0,0.0,0.0,0.0,0.0,0.0,0.0,0.0,0.0,0.0,0.0,
,0.0,0.0,0.0,0.0,0.0,0.0,0.0,0.0,0.0,0.0,0.0,0.0,
,0.0,0.0,0.0,0.0,0.0,0.0,0.0,0.0,0.0,0.0,0.0,0.0,
,0.0,0.0,0.0,0.0,0.0,0.0,0.0,0.0,0.0,0.0,0.0,0.0,
,0.0,0.0,0.0,0.0,0.0,0.0,0.0,0.0,0.0,0.0,0.0,0.0,
,0.0,0.0,0.0,0.0,0.0,0.0,0.0,0.0,0.0,0.0,0.0,0.0,0.0
,0.0,0.0,0.0,0.0,0.0,0.0,0.0,0.0,0.0,0.0,0.0,0.0,
,0.0,0.0,0.0,0.0,0.0,0.0,0.0,0.0,0.0,0.0,0.0,0.0,
,0.0,0.0,0.0,0.0,0.0,0.0,0.0,0.0,0.0,0.0,0.0,0.0,
,0.0,0.0,0.0,0.0,0.0,0.0,0.0,0.0,0.0,0.0,0.0,0.0,
,0.0,0.0,0.0,0.0,0.0,0.0,0.0,0.0,0.0,0.0,0.0,0.0,
,0.0,0.0,0.0,0.0,0.0,0.0,0.0,0.0,0.0,0.0,0.0,0.0,
,0.0,0.0,0.0,0.0,0.0,0.0,0.0,0.0,0.0,0.0,0.0,0.0,
,0.0,0.0,0.0,0.0,0.0,0.0,0.0,0.0,0.0,0.0,0.0,0.0,
,0.0,0.0,0.0,0.0,0.0,0.0,0.0,0.0,0.0,0.0,0.0,0.0,
,0.0,0.0,0.0,0.0,0.0,0.0,0.0,0.0,0.0,0.0,0.0,0.0,
,0.0,0.0,0.0,0.0,0.0,0.0,0.0,0.0,0.0,0.0,0.0,0.0,
,0.0,0.0,0.0,0.0,0.0,0.0,0.0,0.0,0.0,0.0,0.0,0.0,0.0
,0.0,0.0,0.0,0.0,0.0,0.0,0.0,0.0,0.0,0.0,0.0,0.0,
,0.0,0.0,0.0,0.0,0.0,0.0,0.0,0.0,0.0,0.0,0.0,0.0,
,0.0,0.0,0.0,0.0,0.0,0.0,0.0,0.0,0.0,0.0,0.0,0.0,
,0.0,0.0,0.0,0.0,0.0,0.0,0.0,0.0,0.0,0.0,0.0,0.0,
,0.0,0.0,0.0,0.0,0.0,0.0,0.0,0.0,0.0,0.0,0.0,0.0,
,0.0,0.0,0.0,0.0,0.0,0.0,0.0,0.0,0.0,0.0,0.0,0.0,
,0.0,0.0,0.0,0.0,0.0,0.0,0.0,0.0,0.0,0.0,0.0,0.0,
,0.0,0.0,0.0,0.0,0.0,0.0,0.0,0.0,0.0,0.0,0.0,0.0,
,0.0,0.0,0.0,0.0,0.0,0.0,0.0,0.0,0.0,0.0,0.0,0.0,
,0.0,0.0,0.0,0.0,0.0,0.0,0.0,0.0,0.0,0.0,0.0,0.0,
,0.0,0.0,0.0,0.0,0.0,0.0,0.0,0.0,0.0,0.0,0.0,0.0,
,2.0,2.0,5.0,3.0,1.0,3.0,2.0,1.0,1.0,1.0,1.0,2.0,24.0
,2.0,2.0,5.0,3.0,1.0,3.0,2.0,1.0,1.0,1.0,1.0,2.0,
,2.0,2.0,5.0,3.0,1.0,3.0,2.0,1.0,1.0,1.0,1.0,2.0,
,2.0,2.0,5.0,3.0,1.0,3.0,2.0,1.0,1.0,1.0,1.0,2.0,
,2.0,2.0,5.0,3.0,1.0,3.0,2.0,1.0,1.0,1.0,1.0,2.0,
,2.0,2.0,5.0,3.0,1.0,3.0,2.0,1.0,1.0,1.0,1.0,2.0,
,2.0,2.0,5.0,3.0,1.0,3.0,2.0,1.0,1.0,1.0,1.0,2.0,
,2.0,2.0,5.0,3.0,1.0,3.0,2.0,1.0,1.0,1.0,1.0,2.0,
,2.0,2.0,5.0,3.0,1.0,3.0,2.0,1.0,1.0,1.0,1.0,2.0,
,2.0,2.0,5.0,3.0,1.0,3.0,2.0,1.0,1.0,1.0,1.0,2.0,
,2.0,2.0,5.0,3.0,1.0,3.0,2.0,1.0,1.0,1.0,1.0,2.0,
,2.0,2.0,5.0,3.0,1.0,3.0,2.0,1.0,1.0,1.0,1.0,2.0,
,5.0,5.0,9.0,6.0,2.0,0.0,2.0,0.0,1.0,2.0,2.0,1.0,35.0
,5.0,5.0,9.0,6.0,2.0,0.0,2.0,0.0,1.0,2.0,2.0,1.0,
,5.0,5.0,9.0,6.0,2.0,0.0,2.0,0.0,1.0,2.0,2.0,1.0,
,5.0,5.0,9.0,6.0,2.0,0.0,2.0,0.0,1.0,2.0,2.0,1.0,
,5.0,5.0,9.0,6.0,2.0,0.0,2.0,0.0,1.0,2.0,2.0,1.0,
,5.0,5.0,9.0,6.0,2.0,0.0,2.0,0.0,1.0,2.0,2.0,1.0,
,5.0,5.0,9.0,6.0,2.0,0.0,2.0,0.0,1.0,2.0,2.0,1.0,
,5.0,5.0,9.0,6.0,2.0,0.0,2.0,0.0,1.0,2.0,2.0,1.0,
,5.0,5.0,9.0,6.0,2.0,0.0,2.0,0.0,1.0,2.0,2.0,1.0,
,5.0,5.0,9.0,6.0,2.0,0.0,2.0,0.0,1.0,2.0,2.0,1.0,
,5.0,5.0,9.0,6.0,2.0,0.0,2.0,0.0,1.0,2.0,2.0,1.0,
,5.0,5.0,9.0,6.0,2.0,0.0,2.0,0.0,1.0,2.0,2.0,1.0,
,9.0,3.0,5.0,3.0,1.0,2.0,3.0,0.0,1.0,1.0,1.0,3.0,32.0
,9.0,3.0,5.0,3.0,1.0,2.0,3.0,0.0,1.0,1.0,1.0,3.0,
,9.0,3.0,5.0,3.0,1.0,2.0,3.0,0.0,1.0,1.0,1.0,3.0,
,9.0,3.0,5.0,3.0,1.0,2.0,3.0,0.0,1.0,1.0,1.0,3.0,
,9.0,3.0,5.0,3.0,1.0,2.0,3.0,0.0,1.0,1.0,1.0,3.0,
,9.0,3.0,5.0,3.0,1.0,2.0,3.0,0.0,1.0,1.0,1.0,3.0,
,9.0,3.0,5.0,3.0,1.0,2.0,3.0,0.0,1.0,1.0,1.0,3.0,
,9.0,3.0,5.0,3.0,1.0,2.0,3.0,0.0,1.0,1.0,1.0,3.0,
,9.0,3.0,5.0,3.0,1.0,2.0,3.0,0.0,1.0,1.0,1.0,3.0,
,9.0,3.0,5.0,3.0,1.0,2.0,3.0,0.0,1.0,1.0,1.0,3.0,
,9.0,3.0,5.0,3.0,1.0,2.0,3.0,0.0,1.0,1.0,1.0,3.0,
,9.0,3.0,5.0,3.0,1.0,2.0,3.0,0.0,1.0,1.0,1.0,3.0,
,2.0,3.0,4.0,5.0,1.0,0.0,1.0,1.0,2.0,3.0,4.0,2.0,28.0
,2.0,3.0,4.0,5.0,1.0,0.0,1.0,1.0,2.0,3.0,4.0,2.0,
,2.0,3.0,4.0,5.0,1.0,0.0,1.0,1.0,2.0,3.0,4.0,2.0,
,2.0,3.0,4.0,5.0,1.0,0.0,1.0,1.0,2.0,3.0,4.0,2.0,
,2.0,3.0,4.0,5.0,1.0,0.0,1.0,1.0,2.0,3.0,4.0,2.0,
,2.0,3.0,4.0,5.0,1.0,0.0,1.0,1.0,2.0,3.0,4.0,2.0,
,2.0,3.0,4.0,5.0,1.0,0.0,1.0,1.0,2.0,3.0,4.0,2.0,
,2.0,3.0,4.0,5.0,1.0,0.0,1.0,1.0,2.0,3.0,4.0,2.0,
,2.0,3.0,4.0,5.0,1.0,0.0,1.0,1.0,2.0,3.0,4.0,2.0,
,2.0,3.0,4.0,5.0,1.0,0.0,1.0,1.0,2.0,3.0,4.0,2.0,
,2.0,3.0,4.0,5.0,1.0,0.0,1.0,1.0,2.0,3.0,4.0,2.0,
,2.0,3.0,4.0,5.0,1.0,0.0,1.0,1.0,2.0,3.0,4.0,2.0,
,6.0,3.0,4.0,6.0,4.0,2.0,1.0,0.0,2.0,2.0,2.0,3.0,35.0
,6.0,3.0,4.0,6.0,4.0,2.0,1.0,0.0,2.0,2.0,2.0,3.0,
,6.0,3.0,4.0,6.0,4.0,2.0,1.0,0.0,2.0,2.0,2.0,3.0,
,6.0,3.0,4.0,6.0,4.0,2.0,1.0,0.0,2.0,2.0,2.0,3.0,
,6.0,3.0,4.0,6.0,4.0,2.0,1.0,0.0,2.0,2.0,2.0,3.0,
,6.0,3.0,4.0,6.0,4.0,2.0,1.0,0.0,2.0,2.0,2.0,3.0,
,6.0,3.0,4.0,6.0,4.0,2.0,1.0,0.0,2.0,2.0,2.0,3.0,
,6.0,3.0,4.0,6.0,4.0,2.0,1.0,0.0,2.0,2.0,2.0,3.0,
,6.0,3.0,4.0,6.0,4.0,2.0,1.0,0.0,2.0,2.0,2.0,3.0,
,6.0,3.0,4.0,6.0,4.0,2.0,1.0,0.0,2.0,2.0,2.0,3.0,
,6.0,3.0,4.0,6.0,4.0,2.0,1.0,0.0,2.0,2.0,2.0,3.0,
,6.0,3.0,4.0,6.0,4.0,2.0,1.0,0.0,2.0,2.0,2.0,3.0,
,4.0,7.0,8.0,4.0,4.0,2.0,2.0,0.0,2.0,1.0,2.0,1.0,37.0
,4.0,7.0,8.0,4.0,4.0,2.0,2.0,0.0,2.0,1.0,2.0,1.0,
,4.0,7.0,8.0,4.0,4.0,2.0,2.0,0.0,2.0,1.0,2.0,1.0,
,4.0,7.0,8.0,4.0,4.0,2.0,2.0,0.0,2.0,1.0,2.0,1.0,
,4.0,7.0,8.0,4.0,4.0,2.0,2.0,0.0,2.0,1.0,2.0,1.0,
,4.0,7.0,8.0,4.0,4.0,2.0,2.0,0.0,2.0,1.0,2.0,1.0,
,4.0,7.0,8.0,4.0,4.0,2.0,2.0,0.0,2.0,1.0,2.0,1.0,
,4.0,7.0,8.0,4.0,4.0,2.0,2.0,0.0,2.0,1.0,2.0,1.0,
,4.0,7.0,8.0,4.0,4.0,2.0,2.0,0.0,2.0,1.0,2.0,1.0,
,4.0,7.0,8.0,4.0,4.0,2.0,2.0,0.0,2.0,1.0,2.0,1.0,
,4.0,7.0,8.0,4.0,4.0,2.0,2.0,0.0,2.0,1.0,2.0,1.0,
,4.0,7.0,8.0,4.0,4.0,2.0,2.0,0.0,2.0,1.0,2.0,1.0,
,3.0,5.0,7.0,1.0,2.0,0.0,1.0,1.0,1.0,1.0,3.0,2.0,27.0
,3.0,5.0,7.0,1.0,2.0,0.0,1.0,1.0,1.0,1.0,3.0,2.0,
,3.0,5.0,7.0,1.0,2.0,0.0,1.0,1.0,1.0,1.0,3.0,2.0,
,3.0,5.0,7.0,1.0,2.0,0.0,1.0,1.0,1.0,1.0,3.0,2.0,
,3.0,5.0,7.0,1.0,2.0,0.0,1.0,1.0,1.0,1.0,3.0,2.0,
,3.0,5.0,7.0,1.0,2.0,0.0,1.0,1.0,1.0,1.0,3.0,2.0,
,3.0,5.0,7.0,1.0,2.0,0.0,1.0,1.0,1.0,1.0,3.0,2.0,
,3.0,5.0,7.0,1.0,2.0,0.0,1.0,1.0,1.0,1.0,3.0,2.0,
,3.0,5.0,7.0,1.0,2.0,0.0,1.0,1.0,1.0,1.0,3.0,2.0,
,3.0,5.0,7.0,1.0,2.0,0.0,1.0,1.0,1.0,1.0,3.0,2.0,
,3.0,5.0,7.0,1.0,2.0,0.0,1.0,1.0,1.0,1.0,3.0,2.0,
,3.0,5.0,7.0,1.0,2.0,0.0,1.0,1.0,1.0,1.0,3.0,2.0,
,3.0,8.0,3.0,1.0,2.0,1.0,1.0,0.0,2.0,1.0,3.0,3.0,28.0
,3.0,8.0,3.0,1.0,2.0,1.0,1.0,0.0,2.0,1.0,3.0,3.0,
,3.0,8.0,3.0,1.0,2.0,1.0,1.0,0.0,2.0,1.0,3.0,3.0,
,3.0,8.0,3.0,1.0,2.0,1.0,1.0,0.0,2.0,1.0,3.0,3.0,
,3.0,8.0,3.0,1.0,2.0,1.0,1.0,0.0,2.0,1.0,3.0,3.0,
,3.0,8.0,3.0,1.0,2.0,1.0,1.0,0.0,2.0,1.0,3.0,3.0,
,3.0,8.0,3.0,1.0,2.0,1.0,1.0,0.0,2.0,1.0,3.0,3.0,
,3.0,8.0,3.0,1.0,2.0,1.0,1.0,0.0,2.0,1.0,3.0,3.0,
,3.0,8.0,3.0,1.0,2.0,1.0,1.0,0.0,2.0,1.0,3.0,3.0,
,3.0,8.0,3.0,1.0,2.0,1.0,1.0,0.0,2.0,1.0,3.0,3.0,
,3.0,8.0,3.0,1.0,2.0,1.0,1.0,0.0,2.0,1.0,3.0,3.0,
,3.0,8.0,3.0,1.0,2.0,1.0,1.0,0.0,2.0,1.0,3.0,3.0,
,3.0,3.0,15.0,3.0,1.0,1.0,0.0,1.0,0.0,1.0,0.0,2.0,30.0
,3.0,3.0,15.0,3.0,1.0,1.0,0.0,1.0,0.0,1.0,0.0,2.0,
,3.0,3.0,15.0,3.0,1.0,1.0,0.0,1.0,0.0,1.0,0.0,2.0,
,3.0,3.0,15.0,3.0,1.0,1.0,0.0,1.0,0.0,1.0,0.0,2.0,
,3.0,3.0,15.0,3.0,1.0,1.0,0.0,1.0,0.0,1.0,0.0,2.0,
,3.0,3.0,15.0,3.0,1.0,1.0,0.0,1.0,0.0,1.0,0.0,2.0,
,3.0,3.0,15.0,3.0,1.0,1.0,0.0,1.0,0.0,1.0,0.0,2.0,
,3.0,3.0,15.0,3.0,1.0,1.0,0.0,1.0,0.0,1.0,0.0,2.0,
,3.0,3.0,15.0,3.0,1.0,1.0,0.0,1.0,0.0,1.0,0.0,2.0,
,3.0,3.0,15.0,3.0,1.0,1.0,0.0,1.0,0.0,1.0,0.0,2.0,
,3.0,3.0,15.0,3.0,1.0,1.0,0.0,1.0,0.0,1.0,0.0,2.0,
,3.0,3.0,15.0,3.0,1.0,1.0,0.0,1.0,0.0,1.0,0.0,2.0,
,2.0,5.0,5.0,4.0,1.0,1.0,0.0,0.0,0.0,1.0,3.0,3.0,25.0
,2.0,5.0,5.0,4.0,1.0,1.0,0.0,0.0,0.0,1.0,3.0,3.0,
,2.0,5.0,5.0,4.0,1.0,1.0,0.0,0.0,0.0,1.0,3.0,3.0,
,2.0,5.0,5.0,4.0,1.0,1.0,0.0,0.0,0.0,1.0,3.0,3.0,
,2.0,5.0,5.0,4.0,1.0,1.0,0.0,0.0,0.0,1.0,3.0,3.0,
,2.0,5.0,5.0,4.0,1.0,1.0,0.0,0.0,0.0,1.0,3.0,3.0,
,2.0,5.0,5.0,4.0,1.0,1.0,0.0,0.0,0.0,1.0,3.0,3.0,
,2.0,5.0,5.0,4.0,1.0,1.0,0.0,0.0,0.0,1.0,3.0,3.0,
,2.0,5.0,5.0,4.0,1.0,1.0,0.0,0.0,0.0,1.0,3.0,3.0,
,2.0,5.0,5.0,4.0,1.0,1.0,0.0,0.0,0.0,1.0,3.0,3.0,
,2.0,5.0,5.0,4.0,1.0,1.0,0.0,0.0,0.0,1.0,3.0,3.0,
,2.0,5.0,5.0,4.0,1.0,1.0,0.0,0.0,0.0,1.0,3.0,3.0,
,2.0,4.0,5.0,3.0,2.0,1.0,1.0,0.0,0.0,0.0,0.0,1.0,19.0
,2.0,4.0,5.0,3.0,2.0,1.0,1.0,0.0,0.0,0.0,0.0,1.0,
,2.0,4.0,5.0,3.0,2.0,1.0,1.0,0.0,0.0,0.0,0.0,1.0,
,2.0,4.0,5.0,3.0,2.0,1.0,1.0,0.0,0.0,0.0,0.0,1.0,
,2.0,4.0,5.0,3.0,2.0,1.0,1.0,0.0,0.0,0.0,0.0,1.0,
,2.0,4.0,5.0,3.0,2.0,1.0,1.0,0.0,0.0,0.0,0.0,1.0,
,2.0,4.0,5.0,3.0,2.0,1.0,1.0,0.0,0.0,0.0,0.0,1.0,
,2.0,4.0,5.0,3.0,2.0,1.0,1.0,0.0,0.0,0.0,0.0,1.0,
,2.0,4.0,5.0,3.0,2.0,1.0,1.0,0.0,0.0,0.0,0.0,1.0,
,2.0,4.0,5.0,3.0,2.0,1.0,1.0,0.0,0.0,0.0,0.0,1.0,
,2.0,4.0,5.0,3.0,2.0,1.0,1.0,0.0,0.0,0.0,0.0,1.0,
,2.0,4.0,5.0,3.0,2.0,1.0,1.0,0.0,0.0,0.0,0.0,1.0,
,2.0,2.0,4.0,13.0,3.0,1.0,0.0,0.0,1.0,1.0,2.0,1.0,30.0
,2.0,2.0,4.0,13.0,3.0,1.0,0.0,0.0,1.0,1.0,2.0,1.0,
,2.0,2.0,4.0,13.0,3.0,1.0,0.0,0.0,1.0,1.0,2.0,1.0,
,2.0,2.0,4.0,13.0,3.0,1.0,0.0,0.0,1.0,1.0,2.0,1.0,
,2.0,2.0,4.0,13.0,3.0,1.0,0.0,0.0,1.0,1.0,2.0,1.0,
,2.0,2.0,4.0,13.0,3.0,1.0,0.0,0.0,1.0,1.0,2.0,1.0,
,2.0,2.0,4.0,13.0,3.0,1.0,0.0,0.0,1.0,1.0,2.0,1.0,
,2.0,2.0,4.0,13.0,3.0,1.0,0.0,0.0,1.0,1.0,2.0,1.0,
,2.0,2.0,4.0,13.0,3.0,1.0,0.0,0.0,1.0,1.0,2.0,1.0,
,2.0,2.0,4.0,13.0,3.0,1.0,0.0,0.0,1.0,1.0,2.0,1.0,
,2.0,2.0,4.0,13.0,3.0,1.0,0.0,0.0,1.0,1.0,2.0,1.0,
,2.0,2.0,4.0,13.0,3.0,1.0,0.0,0.0,1.0,1.0,2.0,1.0,
,5.0,6.0,6.0,13.0,2.0,3.0,1.0,1.0,1.0,1.0,1.0,5.0,45.0
,5.0,6.0,6.0,13.0,2.0,3.0,1.0,1.0,1.0,1.0,1.0,5.0,
,5.0,6.0,6.0,13.0,2.0,3.0,1.0,1.0,1.0,1.0,1.0,5.0,
,5.0,6.0,6.0,13.0,2.0,3.0,1.0,1.0,1.0,1.0,1.0,5.0,
,5.0,6.0,6.0,13.0,2.0,3.0,1.0,1.0,1.0,1.0,1.0,5.0,
,5.0,6.0,6.0,13.0,2.0,3.0,1.0,1.0,1.0,1.0,1.0,5.0,
,5.0,6.0,6.0,13.0,2.0,3.0,1.0,1.0,1.0,1.0,1.0,5.0,
,5.0,6.0,6.0,13.0,2.0,3.0,1.0,1.0,1.0,1.0,1.0,5.0,
,5.0,6.0,6.0,13.0,2.0,3.0,1.0,1.0,1.0,1.0,1.0,5.0,
,5.0,6.0,6.0,13.0,2.0,3.0,1.0,1.0,1.0,1.0,1.0,5.0,
,5.0,6.0,6.0,13.0,2.0,3.0,1.0,1.0,1.0,1.0,1.0,5.0,
,5.0,6.0,6.0,13.0,2.0,3.0,1.0,1.0,1.0,1.0,1.0,5.0,
,2.0,6.0,4.0,4.0,2.0,2.0,0.0,2.0,1.0,1.0,5.0,1.0,30.0
,2.0,6.0,4.0,4.0,2.0,2.0,0.0,2.0,1.0,1.0,5.0,1.0,
,2.0,6.0,4.0,4.0,2.0,2.0,0.0,2.0,1.0,1.0,5.0,1.0,
,2.0,6.0,4.0,4.0,2.0,2.0,0.0,2.0,1.0,1.0,5.0,1.0,
,2.0,6.0,4.0,4.0,2.0,2.0,0.0,2.0,1.0,1.0,5.0,1.0,
,2.0,6.0,4.0,4.0,2.0,2.0,0.0,2.0,1.0,1.0,5.0,1.0,
,2.0,6.0,4.0,4.0,2.0,2.0,0.0,2.0,1.0,1.0,5.0,1.0,
,2.0,6.0,4.0,4.0,2.0,2.0,0.0,2.0,1.0,1.0,5.0,1.0,
,2.0,6.0,4.0,4.0,2.0,2.0,0.0,2.0,1.0,1.0,5.0,1.0,
,2.0,6.0,4.0,4.0,2.0,2.0,0.0,2.0,1.0,1.0,5.0,1.0,
,2.0,6.0,4.0,4.0,2.0,2.0,0.0,2.0,1.0,1.0,5.0,1.0,
,2.0,6.0,4.0,4.0,2.0,2.0,0.0,2.0,1.0,1.0,5.0,1.0,
,0.0,4.0,6.0,4.0,2.0,1.0,2.0,0.0,2.0,1.0,1.0,1.0,24.0
,0.0,4.0,6.0,4.0,2.0,1.0,2.0,0.0,2.0,1.0,1.0,1.0,
,0.0,4.0,6.0,4.0,2.0,1.0,2.0,0.0,2.0,1.0,1.0,1.0,
,0.0,4.0,6.0,4.0,2.0,1.0,2.0,0.0,2.0,1.0,1.0,1.0,
,0.0,4.0,6.0,4.0,2.0,1.0,2.0,0.0,2.0,1.0,1.0,1.0,
,0.0,4.0,6.0,4.0,2.0,1.0,2.0,0.0,2.0,1.0,1.0,1.0,
,0.0,4.0,6.0,4.0,2.0,1.0,2.0,0.0,2.0,1.0,1.0,1.0,
,0.0,4.0,6.0,4.0,2.0,1.0,2.0,0.0,2.0,1.0,1.0,1.0,
,0.0,4.0,6.0,4.0,2.0,1.0,2.0,0.0,2.0,1.0,1.0,1.0,
,0.0,4.0,6.0,4.0,2.0,1.0,2.0,0.0,2.0,1.0,1.0,1.0,
,0.0,4.0,6.0,4.0,2.0,1.0,2.0,0.0,2.0,1.0,1.0,1.0,
,0.0,4.0,6.0,4.0,2.0,1.0,2.0,0.0,2.0,1.0,1.0,1.0,
,4.0,3.0,4.0,3.0,2.0,1.0,1.0,0.0,1.0,3.0,1.0,2.0,25.0
,4.0,3.0,4.0,3.0,2.0,1.0,1.0,0.0,1.0,3.0,1.0,2.0,
,4.0,3.0,4.0,3.0,2.0,1.0,1.0,0.0,1.0,3.0,1.0,2.0,
,4.0,3.0,4.0,3.0,2.0,1.0,1.0,0.0,1.0,3.0,1.0,2.0,
,4.0,3.0,4.0,3.0,2.0,1.0,1.0,0.0,1.0,3.0,1.0,2.0,
,4.0,3.0,4.0,3.0,2.0,1.0,1.0,0.0,1.0,3.0,1.0,2.0,
,4.0,3.0,4.0,3.0,2.0,1.0,1.0,0.0,1.0,3.0,1.0,2.0,
,4.0,3.0,4.0,3.0,2.0,1.0,1.0,0.0,1.0,3.0,1.0,2.0,
,4.0,3.0,4.0,3.0,2.0,1.0,1.0,0.0,1.0,3.0,1.0,2.0,
,4.0,3.0,4.0,3.0,2.0,1.0,1.0,0.0,1.0,3.0,1.0,2.0,
,4.0,3.0,4.0,3.0,2.0,1.0,1.0,0.0,1.0,3.0,1.0,2.0,
,4.0,3.0,4.0,3.0,2.0,1.0,1.0,0.0,1.0,3.0,1.0,2.0,
,4.0,4.0,9.0,12.0,3.0,1.0,1.0,1.0,0.0,4.0,1.0,11.0,51.0
,4.0,4.0,9.0,12.0,3.0,1.0,1.0,1.0,0.0,4.0,1.0,11.0,
,4.0,4.0,9.0,12.0,3.0,1.0,1.0,1.0,0.0,4.0,1.0,11.0,
,4.0,4.0,9.0,12.0,3.0,1.0,1.0,1.0,0.0,4.0,1.0,11.0,
,4.0,4.0,9.0,12.0,3.0,1.0,1.0,1.0,0.0,4.0,1.0,11.0,
,4.0,4.0,9.0,12.0,3.0,1.0,1.0,1.0,0.0,4.0,1.0,11.0,
,4.0,4.0,9.0,12.0,3.0,1.0,1.0,1.0,0.0,4.0,1.0,11.0,
,4.0,4.0,9.0,12.0,3.0,1.0,1.0,1.0,0.0,4.0,1.0,11.0,
,4.0,4.0,9.0,12.0,3.0,1.0,1.0,1.0,0.0,4.0,1.0,11.0,
,4.0,4.0,9.0,12.0,3.0,1.0,1.0,1.0,0.0,4.0,1.0,11.0,
,4.0,4.0,9.0,12.0,3.0,1.0,1.0,1.0,0.0,4.0,1.0,11.0,
,4.0,4.0,9.0,12.0,3.0,1.0,1.0,1.0,0.0,4.0,1.0,11.0,
,3.0,3.0,3.0,3.0,2.0,1.0,1.0,2.0,2.0,1.0,1.0,1.0,23.0
,3.0,3.0,3.0,3.0,2.0,1.0,1.0,2.0,2.0,1.0,1.0,1.0,
,3.0,3.0,3.0,3.0,2.0,1.0,1.0,2.0,2.0,1.0,1.0,1.0,
,3.0,3.0,3.0,3.0,2.0,1.0,1.0,2.0,2.0,1.0,1.0,1.0,
,3.0,3.0,3.0,3.0,2.0,1.0,1.0,2.0,2.0,1.0,1.0,1.0,
,3.0,3.0,3.0,3.0,2.0,1.0,1.0,2.0,2.0,1.0,1.0,1.0,
,3.0,3.0,3.0,3.0,2.0,1.0,1.0,2.0,2.0,1.0,1.0,1.0,
,3.0,3.0,3.0,3.0,2.0,1.0,1.0,2.0,2.0,1.0,1.0,1.0,
,3.0,3.0,3.0,3.0,2.0,1.0,1.0,2.0,2.0,1.0,1.0,1.0,
,3.0,3.0,3.0,3.0,2.0,1.0,1.0,2.0,2.0,1.0,1.0,1.0,
,3.0,3.0,3.0,3.0,2.0,1.0,1.0,2.0,2.0,1.0,1.0,1.0,
,3.0,3.0,3.0,3.0,2.0,1.0,1.0,2.0,2.0,1.0,1.0,1.0,
,5.0,7.0,6.0,2.0,1.0,1.0,0.0,1.0,0.0,0.0,2.0,0.0,25.0
,5.0,7.0,6.0,2.0,1.0,1.0,0.0,1.0,0.0,0.0,2.0,0.0,
,5.0,7.0,6.0,2.0,1.0,1.0,0.0,1.0,0.0,0.0,2.0,0.0,
,5.0,7.0,6.0,2.0,1.0,1.0,0.0,1.0,0.0,0.0,2.0,0.0,
,5.0,7.0,6.0,2.0,1.0,1.0,0.0,1.0,0.0,0.0,2.0,0.0,
,5.0,7.0,6.0,2.0,1.0,1.0,0.0,1.0,0.0,0.0,2.0,0.0,
,5.0,7.0,6.0,2.0,1.0,1.0,0.0,1.0,0.0,0.0,2.0,0.0,
,5.0,7.0,6.0,2.0,1.0,1.0,0.0,1.0,0.0,0.0,2.0,0.0,
,5.0,7.0,6.0,2.0,1.0,1.0,0.0,1.0,0.0,0.0,2.0,0.0,
,5.0,7.0,6.0,2.0,1.0,1.0,0.0,1.0,0.0,0.0,2.0,0.0,
,5.0,7.0,6.0,2.0,1.0,1.0,0.0,1.0,0.0,0.0,2.0,0.0,
,5.0,7.0,6.0,2.0,1.0,1.0,0.0,1.0,0.0,0.0,2.0,0.0,
,4.0,7.0,4.0,6.0,1.0,1.0,2.0,0.0,3.0,0.0,1.0,1.0,30.0
,4.0,7.0,4.0,6.0,1.0,1.0,2.0,0.0,3.0,0.0,1.0,1.0,
,4.0,7.0,4.0,6.0,1.0,1.0,2.0,0.0,3.0,0.0,1.0,1.0,
,4.0,7.0,4.0,6.0,1.0,1.0,2.0,0.0,3.0,0.0,1.0,1.0,
,4.0,7.0,4.0,6.0,1.0,1.0,2.0,0.0,3.0,0.0,1.0,1.0,
,4.0,7.0,4.0,6.0,1.0,1.0,2.0,0.0,3.0,0.0,1.0,1.0,
,4.0,7.0,4.0,6.0,1.0,1.0,2.0,0.0,3.0,0.0,1.0,1.0,
,4.0,7.0,4.0,6.0,1.0,1.0,2.0,0.0,3.0,0.0,1.0,1.0,
,4.0,7.0,4.0,6.0,1.0,1.0,2.0,0.0,3.0,0.0,1.0,1.0,
,4.0,7.0,4.0,6.0,1.0,1.0,2.0,0.0,3.0,0.0,1.0,1.0,
,4.0,7.0,4.0,6.0,1.0,1.0,2.0,0.0,3.0,0.0,1.0,1.0,
,4.0,7.0,4.0,6.0,1.0,1.0,2.0,0.0,3.0,0.0,1.0,1.0,
,2.0,2.0,4.0,2.0,2.0,0.0,1.0,1.0,1.0,1.0,2.0,1.0,19.0
,2.0,2.0,4.0,2.0,2.0,0.0,1.0,1.0,1.0,1.0,2.0,1.0,
,2.0,2.0,4.0,2.0,2.0,0.0,1.0,1.0,1.0,1.0,2.0,1.0,
,2.0,2.0,4.0,2.0,2.0,0.0,1.0,1.0,1.0,1.0,2.0,1.0,
,2.0,2.0,4.0,2.0,2.0,0.0,1.0,1.0,1.0,1.0,2.0,1.0,
,2.0,2.0,4.0,2.0,2.0,0.0,1.0,1.0,1.0,1.0,2.0,1.0,
,2.0,2.0,4.0,2.0,2.0,0.0,1.0,1.0,1.0,1.0,2.0,1.0,
,2.0,2.0,4.0,2.0,2.0,0.0,1.0,1.0,1.0,1.0,2.0,1.0,
,2.0,2.0,4.0,2.0,2.0,0.0,1.0,1.0,1.0,1.0,2.0,1.0,
,2.0,2.0,4.0,2.0,2.0,0.0,1.0,1.0,1.0,1.0,2.0,1.0,
,2.0,2.0,4.0,2.0,2.0,0.0,1.0,1.0,1.0,1.0,2.0,1.0,
,2.0,2.0,4.0,2.0,2.0,0.0,1.0,1.0,1.0,1.0,2.0,1.0,
,9.0,5.0,8.0,4.0,2.0,0.0,1.0,0.0,1.0,1.0,0.0,0.0,31.0
,9.0,5.0,8.0,4.0,2.0,0.0,1.0,0.0,1.0,1.0,0.0,0.0,
,9.0,5.0,8.0,4.0,2.0,0.0,1.0,0.0,1.0,1.0,0.0,0.0,
,9.0,5.0,8.0,4.0,2.0,0.0,1.0,0.0,1.0,1.0,0.0,0.0,
,9.0,5.0,8.0,4.0,2.0,0.0,1.0,0.0,1.0,1.0,0.0,0.0,
,9.0,5.0,8.0,4.0,2.0,0.0,1.0,0.0,1.0,1.0,0.0,0.0,
,9.0,5.0,8.0,4.0,2.0,0.0,1.0,0.0,1.0,1.0,0.0,0.0,
,9.0,5.0,8.0,4.0,2.0,0.0,1.0,0.0,1.0,1.0,0.0,0.0,
,9.0,5.0,8.0,4.0,2.0,0.0,1.0,0.0,1.0,1.0,0.0,0.0,
,9.0,5.0,8.0,4.0,2.0,0.0,1.0,0.0,1.0,1.0,0.0,0.0,
,9.0,5.0,8.0,4.0,2.0,0.0,1.0,0.0,1.0,1.0,0.0,0.0,
,9.0,5.0,8.0,4.0,2.0,0.0,1.0,0.0,1.0,1.0,0.0,0.0,
,3.0,3.0,6.0,4.0,6.0,1.0,2.0,1.0,0.0,2.0,4.0,1.0,33.0
,3.0,3.0,6.0,4.0,6.0,1.0,2.0,1.0,0.0,2.0,4.0,1.0,
,3.0,3.0,6.0,4.0,6.0,1.0,2.0,1.0,0.0,2.0,4.0,1.0,
,3.0,3.0,6.0,4.0,6.0,1.0,2.0,1.0,0.0,2.0,4.0,1.0,
,3.0,3.0,6.0,4.0,6.0,1.0,2.0,1.0,0.0,2.0,4.0,1.0,
,3.0,3.0,6.0,4.0,6.0,1.0,2.0,1.0,0.0,2.0,4.0,1.0,
,3.0,3.0,6.0,4.0,6.0,1.0,2.0,1.0,0.0,2.0,4.0,1.0,
,3.0,3.0,6.0,4.0,6.0,1.0,2.0,1.0,0.0,2.0,4.0,1.0,
,3.0,3.0,6.0,4.0,6.0,1.0,2.0,1.0,0.0,2.0,4.0,1.0,
,3.0,3.0,6.0,4.0,6.0,1.0,2.0,1.0,0.0,2.0,4.0,1.0,
,3.0,3.0,6.0,4.0,6.0,1.0,2.0,1.0,0.0,2.0,4.0,1.0,
,3.0,3.0,6.0,4.0,6.0,1.0,2.0,1.0,0.0,2.0,4.0,1.0,
,5.0,6.0,4.0,4.0,4.0,1.0,1.0,1.0,1.0,1.0,2.0,2.0,32.0
,5.0,6.0,4.0,4.0,4.0,1.0,1.0,1.0,1.0,1.0,2.0,2.0,
,5.0,6.0,4.0,4.0,4.0,1.0,1.0,1.0,1.0,1.0,2.0,2.0,
,5.0,6.0,4.0,4.0,4.0,1.0,1.0,1.0,1.0,1.0,2.0,2.0,
,5.0,6.0,4.0,4.0,4.0,1.0,1.0,1.0,1.0,1.0,2.0,2.0,
,5.0,6.0,4.0,4.0,4.0,1.0,1.0,1.0,1.0,1.0,2.0,2.0,
,5.0,6.0,4.0,4.0,4.0,1.0,1.0,1.0,1.0,1.0,2.0,2.0,
,5.0,6.0,4.0,4.0,4.0,1.0,1.0,1.0,1.0,1.0,2.0,2.0,
,5.0,6.0,4.0,4.0,4.0,1.0,1.0,1.0,1.0,1.0,2.0,2.0,
,5.0,6.0,4.0,4.0,4.0,1.0,1.0,1.0,1.0,1.0,2.0,2.0,
,5.0,6.0,4.0,4.0,4.0,1.0,1.0,1.0,1.0,1.0,2.0,2.0,
,5.0,6.0,4.0,4.0,4.0,1.0,1.0,1.0,1.0,1.0,2.0,2.0,
,3.0,4.0,10.0,2.0,2.0,1.0,3.0,0.0,0.0,2.0,1.0,5.0,33.0
,3.0,4.0,10.0,2.0,2.0,1.0,3.0,0.0,0.0,2.0,1.0,5.0,
,3.0,4.0,10.0,2.0,2.0,1.0,3.0,0.0,0.0,2.0,1.0,5.0,
,3.0,4.0,10.0,2.0,2.0,1.0,3.0,0.0,0.0,2.0,1.0,5.0,
,3.0,4.0,10.0,2.0,2.0,1.0,3.0,0.0,0.0,2.0,1.0,5.0,
,3.0,4.0,10.0,2.0,2.0,1.0,3.0,0.0,0.0,2.0,1.0,5.0,
,3.0,4.0,10.0,2.0,2.0,1.0,3.0,0.0,0.0,2.0,1.0,5.0,
,3.0,4.0,10.0,2.0,2.0,1.0,3.0,0.0,0.0,2.0,1.0,5.0,
,3.0,4.0,10.0,2.0,2.0,1.0,3.0,0.0,0.0,2.0,1.0,5.0,
,3.0,4.0,10.0,2.0,2.0,1.0,3.0,0.0,0.0,2.0,1.0,5.0,
,3.0,4.0,10.0,2.0,2.0,1.0,3.0,0.0,0.0,2.0,1.0,5.0,
,3.0,4.0,10.0,2.0,2.0,1.0,3.0,0.0,0.0,2.0,1.0,5.0,
,3.0,2.0,3.0,3.0,0.0,0.0,0.0,1.0,0.0,1.0,1.0,2.0,16.0
,3.0,2.0,3.0,3.0,0.0,0.0,0.0,1.0,0.0,1.0,1.0,2.0,
,3.0,2.0,3.0,3.0,0.0,0.0,0.0,1.0,0.0,1.0,1.0,2.0,
,3.0,2.0,3.0,3.0,0.0,0.0,0.0,1.0,0.0,1.0,1.0,2.0,
,3.0,2.0,3.0,3.0,0.0,0.0,0.0,1.0,0.0,1.0,1.0,2.0,
,3.0,2.0,3.0,3.0,0.0,0.0,0.0,1.0,0.0,1.0,1.0,2.0,
,3.0,2.0,3.0,3.0,0.0,0.0,0.0,1.0,0.0,1.0,1.0,2.0,
,3.0,2.0,3.0,3.0,0.0,0.0,0.0,1.0,0.0,1.0,1.0,2.0,
,3.0,2.0,3.0,3.0,0.0,0.0,0.0,1.0,0.0,1.0,1.0,2.0,
,3.0,2.0,3.0,3.0,0.0,0.0,0.0,1.0,0.0,1.0,1.0,2.0,
,3.0,2.0,3.0,3.0,0.0,0.0,0.0,1.0,0.0,1.0,1.0,2.0,
,3.0,2.0,3.0,3.0,0.0,0.0,0.0,1.0,0.0,1.0,1.0,2.0,
,5.0,4.0,4.0,4.0,3.0,1.0,1.0,0.0,0.0,1.0,2.0,3.0,28.0
,5.0,4.0,4.0,4.0,3.0,1.0,1.0,0.0,0.0,1.0,2.0,3.0,
,5.0,4.0,4.0,4.0,3.0,1.0,1.0,0.0,0.0,1.0,2.0,3.0,
,5.0,4.0,4.0,4.0,3.0,1.0,1.0,0.0,0.0,1.0,2.0,3.0,
,5.0,4.0,4.0,4.0,3.0,1.0,1.0,0.0,0.0,1.0,2.0,3.0,
,5.0,4.0,4.0,4.0,3.0,1.0,1.0,0.0,0.0,1.0,2.0,3.0,
,5.0,4.0,4.0,4.0,3.0,1.0,1.0,0.0,0.0,1.0,2.0,3.0,
,5.0,4.0,4.0,4.0,3.0,1.0,1.0,0.0,0.0,1.0,2.0,3.0,
,5.0,4.0,4.0,4.0,3.0,1.0,1.0,0.0,0.0,1.0,2.0,3.0,
,5.0,4.0,4.0,4.0,3.0,1.0,1.0,0.0,0.0,1.0,2.0,3.0,
,5.0,4.0,4.0,4.0,3.0,1.0,1.0,0.0,0.0,1.0,2.0,3.0,
,5.0,4.0,4.0,4.0,3.0,1.0,1.0,0.0,0.0,1.0,2.0,3.0,
,7.0,6.0,3.0,6.0,2.0,1.0,1.0,2.0,2.0,1.0,2.0,6.0,39.0
,7.0,6.0,3.0,6.0,2.0,1.0,1.0,2.0,2.0,1.0,2.0,6.0,
,7.0,6.0,3.0,6.0,2.0,1.0,1.0,2.0,2.0,1.0,2.0,6.0,
,7.0,6.0,3.0,6.0,2.0,1.0,1.0,2.0,2.0,1.0,2.0,6.0,
,7.0,6.0,3.0,6.0,2.0,1.0,1.0,2.0,2.0,1.0,2.0,6.0,
,7.0,6.0,3.0,6.0,2.0,1.0,1.0,2.0,2.0,1.0,2.0,6.0,
,7.0,6.0,3.0,6.0,2.0,1.0,1.0,2.0,2.0,1.0,2.0,6.0,
,7.0,6.0,3.0,6.0,2.0,1.0,1.0,2.0,2.0,1.0,2.0,6.0,
,7.0,6.0,3.0,6.0,2.0,1.0,1.0,2.0,2.0,1.0,2.0,6.0,
,7.0,6.0,3.0,6.0,2.0,1.0,1.0,2.0,2.0,1.0,2.0,6.0,
,7.0,6.0,3.0,6.0,2.0,1.0,1.0,2.0,2.0,1.0,2.0,6.0,
,7.0,6.0,3.0,6.0,2.0,1.0,1.0,2.0,2.0,1.0,2.0,6.0,
,4.0,3.0,8.0,2.0,2.0,2.0,2.0,0.0,0.0,4.0,0.0,4.0,31.0
,4.0,3.0,8.0,2.0,2.0,2.0,2.0,0.0,0.0,4.0,0.0,4.0,
,4.0,3.0,8.0,2.0,2.0,2.0,2.0,0.0,0.0,4.0,0.0,4.0,
,4.0,3.0,8.0,2.0,2.0,2.0,2.0,0.0,0.0,4.0,0.0,4.0,
,4.0,3.0,8.0,2.0,2.0,2.0,2.0,0.0,0.0,4.0,0.0,4.0,
,4.0,3.0,8.0,2.0,2.0,2.0,2.0,0.0,0.0,4.0,0.0,4.0,
,4.0,3.0,8.0,2.0,2.0,2.0,2.0,0.0,0.0,4.0,0.0,4.0,
,4.0,3.0,8.0,2.0,2.0,2.0,2.0,0.0,0.0,4.0,0.0,4.0,
,4.0,3.0,8.0,2.0,2.0,2.0,2.0,0.0,0.0,4.0,0.0,4.0,
,4.0,3.0,8.0,2.0,2.0,2.0,2.0,0.0,0.0,4.0,0.0,4.0,
,4.0,3.0,8.0,2.0,2.0,2.0,2.0,0.0,0.0,4.0,0.0,4.0,
,4.0,3.0,8.0,2.0,2.0,2.0,2.0,0.0,0.0,4.0,0.0,4.0,
,4.0,2.0,2.0,2.0,1.0,0.0,1.0,0.0,1.0,1.0,3.0,2.0,19.0
,4.0,2.0,2.0,2.0,1.0,0.0,1.0,0.0,1.0,1.0,3.0,2.0,
,4.0,2.0,2.0,2.0,1.0,0.0,1.0,0.0,1.0,1.0,3.0,2.0,
,4.0,2.0,2.0,2.0,1.0,0.0,1.0,0.0,1.0,1.0,3.0,2.0,
,4.0,2.0,2.0,2.0,1.0,0.0,1.0,0.0,1.0,1.0,3.0,2.0,
,4.0,2.0,2.0,2.0,1.0,0.0,1.0,0.0,1.0,1.0,3.0,2.0,
,4.0,2.0,2.0,2.0,1.0,0.0,1.0,0.0,1.0,1.0,3.0,2.0,
,4.0,2.0,2.0,2.0,1.0,0.0,1.0,0.0,1.0,1.0,3.0,2.0,
,4.0,2.0,2.0,2.0,1.0,0.0,1.0,0.0,1.0,1.0,3.0,2.0,
,4.0,2.0,2.0,2.0,1.0,0.0,1.0,0.0,1.0,1.0,3.0,2.0,
,4.0,2.0,2.0,2.0,1.0,0.0,1.0,0.0,1.0,1.0,3.0,2.0,
,4.0,2.0,2.0,2.0,1.0,0.0,1.0,0.0,1.0,1.0,3.0,2.0,
,3.0,6.0,4.0,2.0,3.0,1.0,1.0,1.0,0.0,0.0,2.0,4.0,27.0
,3.0,6.0,4.0,2.0,3.0,1.0,1.0,1.0,0.0,0.0,2.0,4.0,
,3.0,6.0,4.0,2.0,3.0,1.0,1.0,1.0,0.0,0.0,2.0,4.0,
,3.0,6.0,4.0,2.0,3.0,1.0,1.0,1.0,0.0,0.0,2.0,4.0,
,3.0,6.0,4.0,2.0,3.0,1.0,1.0,1.0,0.0,0.0,2.0,4.0,
,3.0,6.0,4.0,2.0,3.0,1.0,1.0,1.0,0.0,0.0,2.0,4.0,
,3.0,6.0,4.0,2.0,3.0,1.0,1.0,1.0,0.0,0.0,2.0,4.0,
,3.0,6.0,4.0,2.0,3.0,1.0,1.0,1.0,0.0,0.0,2.0,4.0,
,3.0,6.0,4.0,2.0,3.0,1.0,1.0,1.0,0.0,0.0,2.0,4.0,
,3.0,6.0,4.0,2.0,3.0,1.0,1.0,1.0,0.0,0.0,2.0,4.0,
,3.0,6.0,4.0,2.0,3.0,1.0,1.0,1.0,0.0,0.0,2.0,4.0,
,3.0,6.0,4.0,2.0,3.0,1.0,1.0,1.0,0.0,0.0,2.0,4.0,
,15.0,6.0,3.0,3.0,6.0,1.0,1.0,2.0,0.0,0.0,3.0,2.0,42.0
,15.0,6.0,3.0,3.0,6.0,1.0,1.0,2.0,0.0,0.0,3.0,2.0,
,15.0,6.0,3.0,3.0,6.0,1.0,1.0,2.0,0.0,0.0,3.0,2.0,
,15.0,6.0,3.0,3.0,6.0,1.0,1.0,2.0,0.0,0.0,3.0,2.0,
,15.0,6.0,3.0,3.0,6.0,1.0,1.0,2.0,0.0,0.0,3.0,2.0,
,15.0,6.0,3.0,3.0,6.0,1.0,1.0,2.0,0.0,0.0,3.0,2.0,
,15.0,6.0,3.0,3.0,6.0,1.0,1.0,2.0,0.0,0.0,3.0,2.0,
,15.0,6.0,3.0,3.0,6.0,1.0,1.0,2.0,0.0,0.0,3.0,2.0,
,15.0,6.0,3.0,3.0,6.0,1.0,1.0,2.0,0.0,0.0,3.0,2.0,
,15.0,6.0,3.0,3.0,6.0,1.0,1.0,2.0,0.0,0.0,3.0,2.0,
,15.0,6.0,3.0,3.0,6.0,1.0,1.0,2.0,0.0,0.0,3.0,2.0,
,15.0,6.0,3.0,3.0,6.0,1.0,1.0,2.0,0.0,0.0,3.0,2.0,
,2.0,5.0,6.0,1.0,2.0,1.0,1.0,1.0,0.0,0.0,0.0,3.0,22.0
,2.0,5.0,6.0,1.0,2.0,1.0,1.0,1.0,0.0,0.0,0.0,3.0,
,2.0,5.0,6.0,1.0,2.0,1.0,1.0,1.0,0.0,0.0,0.0,3.0,
,2.0,5.0,6.0,1.0,2.0,1.0,1.0,1.0,0.0,0.0,0.0,3.0,
,2.0,5.0,6.0,1.0,2.0,1.0,1.0,1.0,0.0,0.0,0.0,3.0,
,2.0,5.0,6.0,1.0,2.0,1.0,1.0,1.0,0.0,0.0,0.0,3.0,
,2.0,5.0,6.0,1.0,2.0,1.0,1.0,1.0,0.0,0.0,0.0,3.0,
,2.0,5.0,6.0,1.0,2.0,1.0,1.0,1.0,0.0,0.0,0.0,3.0,
,2.0,5.0,6.0,1.0,2.0,1.0,1.0,1.0,0.0,0.0,0.0,3.0,
,2.0,5.0,6.0,1.0,2.0,1.0,1.0,1.0,0.0,0.0,0.0,3.0,
,2.0,5.0,6.0,1.0,2.0,1.0,1.0,1.0,0.0,0.0,0.0,3.0,
,2.0,5.0,6.0,1.0,2.0,1.0,1.0,1.0,0.0,0.0,0.0,3.0,
,1.0,4.0,4.0,5.0,3.0,2.0,1.0,0.0,0.0,2.0,2.0,2.0,26.0
,1.0,4.0,4.0,5.0,3.0,2.0,1.0,0.0,0.0,2.0,2.0,2.0,
,1.0,4.0,4.0,5.0,3.0,2.0,1.0,0.0,0.0,2.0,2.0,2.0,
,1.0,4.0,4.0,5.0,3.0,2.0,1.0,0.0,0.0,2.0,2.0,2.0,
,1.0,4.0,4.0,5.0,3.0,2.0,1.0,0.0,0.0,2.0,2.0,2.0,
,1.0,4.0,4.0,5.0,3.0,2.0,1.0,0.0,0.0,2.0,2.0,2.0,
,1.0,4.0,4.0,5.0,3.0,2.0,1.0,0.0,0.0,2.0,2.0,2.0,
,1.0,4.0,4.0,5.0,3.0,2.0,1.0,0.0,0.0,2.0,2.0,2.0,
,1.0,4.0,4.0,5.0,3.0,2.0,1.0,0.0,0.0,2.0,2.0,2.0,
,1.0,4.0,4.0,5.0,3.0,2.0,1.0,0.0,0.0,2.0,2.0,2.0,
,1.0,4.0,4.0,5.0,3.0,2.0,1.0,0.0,0.0,2.0,2.0,2.0,
,1.0,4.0,4.0,5.0,3.0,2.0,1.0,0.0,0.0,2.0,2.0,2.0,
,3.0,6.0,4.0,2.0,2.0,1.0,0.0,0.0,0.0,0.0,3.0,2.0,23.0
,3.0,6.0,4.0,2.0,2.0,1.0,0.0,0.0,0.0,0.0,3.0,2.0,
,3.0,6.0,4.0,2.0,2.0,1.0,0.0,0.0,0.0,0.0,3.0,2.0,
,3.0,6.0,4.0,2.0,2.0,1.0,0.0,0.0,0.0,0.0,3.0,2.0,
,3.0,6.0,4.0,2.0,2.0,1.0,0.0,0.0,0.0,0.0,3.0,2.0,
,3.0,6.0,4.0,2.0,2.0,1.0,0.0,0.0,0.0,0.0,3.0,2.0,
,3.0,6.0,4.0,2.0,2.0,1.0,0.0,0.0,0.0,0.0,3.0,2.0,
,3.0,6.0,4.0,2.0,2.0,1.0,0.0,0.0,0.0,0.0,3.0,2.0,
,3.0,6.0,4.0,2.0,2.0,1.0,0.0,0.0,0.0,0.0,3.0,2.0,
,3.0,6.0,4.0,2.0,2.0,1.0,0.0,0.0,0.0,0.0,3.0,2.0,
,3.0,6.0,4.0,2.0,2.0,1.0,0.0,0.0,0.0,0.0,3.0,2.0,
,3.0,6.0,4.0,2.0,2.0,1.0,0.0,0.0,0.0,0.0,3.0,2.0,
,7.0,3.0,11.0,3.0,1.0,1.0,1.0,1.0,1.0,0.0,0.0,3.0,32.0
,7.0,3.0,11.0,3.0,1.0,1.0,1.0,1.0,1.0,0.0,0.0,3.0,
,7.0,3.0,11.0,3.0,1.0,1.0,1.0,1.0,1.0,0.0,0.0,3.0,
,7.0,3.0,11.0,3.0,1.0,1.0,1.0,1.0,1.0,0.0,0.0,3.0,
,7.0,3.0,11.0,3.0,1.0,1.0,1.0,1.0,1.0,0.0,0.0,3.0,
,7.0,3.0,11.0,3.0,1.0,1.0,1.0,1.0,1.0,0.0,0.0,3.0,
,7.0,3.0,11.0,3.0,1.0,1.0,1.0,1.0,1.0,0.0,0.0,3.0,
,7.0,3.0,11.0,3.0,1.0,1.0,1.0,1.0,1.0,0.0,0.0,3.0,
,7.0,3.0,11.0,3.0,1.0,1.0,1.0,1.0,1.0,0.0,0.0,3.0,
,7.0,3.0,11.0,3.0,1.0,1.0,1.0,1.0,1.0,0.0,0.0,3.0,
,7.0,3.0,11.0,3.0,1.0,1.0,1.0,1.0,1.0,0.0,0.0,3.0,
,7.0,3.0,11.0,3.0,1.0,1.0,1.0,1.0,1.0,0.0,0.0,3.0,
,3.0,3.0,4.0,6.0,2.0,0.0,1.0,0.0,0.0,1.0,1.0,3.0,24.0
,3.0,3.0,4.0,6.0,2.0,0.0,1.0,0.0,0.0,1.0,1.0,3.0,
,3.0,3.0,4.0,6.0,2.0,0.0,1.0,0.0,0.0,1.0,1.0,3.0,
,3.0,3.0,4.0,6.0,2.0,0.0,1.0,0.0,0.0,1.0,1.0,3.0,
,3.0,3.0,4.0,6.0,2.0,0.0,1.0,0.0,0.0,1.0,1.0,3.0,
,3.0,3.0,4.0,6.0,2.0,0.0,1.0,0.0,0.0,1.0,1.0,3.0,
,3.0,3.0,4.0,6.0,2.0,0.0,1.0,0.0,0.0,1.0,1.0,3.0,
,3.0,3.0,4.0,6.0,2.0,0.0,1.0,0.0,0.0,1.0,1.0,3.0,
,3.0,3.0,4.0,6.0,2.0,0.0,1.0,0.0,0.0,1.0,1.0,3.0,
,3.0,3.0,4.0,6.0,2.0,0.0,1.0,0.0,0.0,1.0,1.0,3.0,
,3.0,3.0,4.0,6.0,2.0,0.0,1.0,0.0,0.0,1.0,1.0,3.0,
,3.0,3.0,4.0,6.0,2.0,0.0,1.0,0.0,0.0,1.0,1.0,3.0,
,4.0,2.0,2.0,3.0,1.0,1.0,1.0,0.0,0.0,2.0,1.0,6.0,23.0
,4.0,2.0,2.0,3.0,1.0,1.0,1.0,0.0,0.0,2.0,1.0,6.0,
,4.0,2.0,2.0,3.0,1.0,1.0,1.0,0.0,0.0,2.0,1.0,6.0,
,4.0,2.0,2.0,3.0,1.0,1.0,1.0,0.0,0.0,2.0,1.0,6.0,
,4.0,2.0,2.0,3.0,1.0,1.0,1.0,0.0,0.0,2.0,1.0,6.0,
,4.0,2.0,2.0,3.0,1.0,1.0,1.0,0.0,0.0,2.0,1.0,6.0,
,4.0,2.0,2.0,3.0,1.0,1.0,1.0,0.0,0.0,2.0,1.0,6.0,
,4.0,2.0,2.0,3.0,1.0,1.0,1.0,0.0,0.0,2.0,1.0,6.0,
,4.0,2.0,2.0,3.0,1.0,1.0,1.0,0.0,0.0,2.0,1.0,6.0,
,4.0,2.0,2.0,3.0,1.0,1.0,1.0,0.0,0.0,2.0,1.0,6.0,
,4.0,2.0,2.0,3.0,1.0,1.0,1.0,0.0,0.0,2.0,1.0,6.0,
,4.0,2.0,2.0,3.0,1.0,1.0,1.0,0.0,0.0,2.0,1.0,6.0,
,4.0,3.0,3.0,3.0,5.0,1.0,1.0,1.0,0.0,4.0,4.0,3.0,32.0
,4.0,3.0,3.0,3.0,5.0,1.0,1.0,1.0,0.0,4.0,4.0,3.0,
,4.0,3.0,3.0,3.0,5.0,1.0,1.0,1.0,0.0,4.0,4.0,3.0,
,4.0,3.0,3.0,3.0,5.0,1.0,1.0,1.0,0.0,4.0,4.0,3.0,
,4.0,3.0,3.0,3.0,5.0,1.0,1.0,1.0,0.0,4.0,4.0,3.0,
,4.0,3.0,3.0,3.0,5.0,1.0,1.0,1.0,0.0,4.0,4.0,3.0,
,4.0,3.0,3.0,3.0,5.0,1.0,1.0,1.0,0.0,4.0,4.0,3.0,
,4.0,3.0,3.0,3.0,5.0,1.0,1.0,1.0,0.0,4.0,4.0,3.0,
,4.0,3.0,3.0,3.0,5.0,1.0,1.0,1.0,0.0,4.0,4.0,3.0,
,4.0,3.0,3.0,3.0,5.0,1.0,1.0,1.0,0.0,4.0,4.0,3.0,
,4.0,3.0,3.0,3.0,5.0,1.0,1.0,1.0,0.0,4.0,4.0,3.0,
,4.0,3.0,3.0,3.0,5.0,1.0,1.0,1.0,0.0,4.0,4.0,3.0,
,2.0,2.0,2.0,2.0,1.0,1.0,0.0,0.0,0.0,1.0,1.0,3.0,15.0
,2.0,2.0,2.0,2.0,1.0,1.0,0.0,0.0,0.0,1.0,1.0,3.0,
,2.0,2.0,2.0,2.0,1.0,1.0,0.0,0.0,0.0,1.0,1.0,3.0,
,2.0,2.0,2.0,2.0,1.0,1.0,0.0,0.0,0.0,1.0,1.0,3.0,
,2.0,2.0,2.0,2.0,1.0,1.0,0.0,0.0,0.0,1.0,1.0,3.0,
,2.0,2.0,2.0,2.0,1.0,1.0,0.0,0.0,0.0,1.0,1.0,3.0,
,2.0,2.0,2.0,2.0,1.0,1.0,0.0,0.0,0.0,1.0,1.0,3.0,
,2.0,2.0,2.0,2.0,1.0,1.0,0.0,0.0,0.0,1.0,1.0,3.0,
,2.0,2.0,2.0,2.0,1.0,1.0,0.0,0.0,0.0,1.0,1.0,3.0,
,2.0,2.0,2.0,2.0,1.0,1.0,0.0,0.0,0.0,1.0,1.0,3.0,
,2.0,2.0,2.0,2.0,1.0,1.0,0.0,0.0,0.0,1.0,1.0,3.0,
,2.0,2.0,2.0,2.0,1.0,1.0,0.0,0.0,0.0,1.0,1.0,3.0,
,3.0,6.0,12.0,3.0,2.0,2.0,2.0,0.0,0.0,1.0,2.0,3.0,36.0
,3.0,6.0,12.0,3.0,2.0,2.0,2.0,0.0,0.0,1.0,2.0,3.0,
,3.0,6.0,12.0,3.0,2.0,2.0,2.0,0.0,0.0,1.0,2.0,3.0,
,3.0,6.0,12.0,3.0,2.0,2.0,2.0,0.0,0.0,1.0,2.0,3.0,
,3.0,6.0,12.0,3.0,2.0,2.0,2.0,0.0,0.0,1.0,2.0,3.0,
,3.0,6.0,12.0,3.0,2.0,2.0,2.0,0.0,0.0,1.0,2.0,3.0,
,3.0,6.0,12.0,3.0,2.0,2.0,2.0,0.0,0.0,1.0,2.0,3.0,
,3.0,6.0,12.0,3.0,2.0,2.0,2.0,0.0,0.0,1.0,2.0,3.0,
,3.0,6.0,12.0,3.0,2.0,2.0,2.0,0.0,0.0,1.0,2.0,3.0,
,3.0,6.0,12.0,3.0,2.0,2.0,2.0,0.0,0.0,1.0,2.0,3.0,
,3.0,6.0,12.0,3.0,2.0,2.0,2.0,0.0,0.0,1.0,2.0,3.0,
,3.0,6.0,12.0,3.0,2.0,2.0,2.0,0.0,0.0,1.0,2.0,3.0,
,2.0,5.0,5.0,3.0,2.0,1.0,1.0,0.0,1.0,2.0,4.0,1.0,27.0
,2.0,5.0,5.0,3.0,2.0,1.0,1.0,0.0,1.0,2.0,4.0,1.0,
,2.0,5.0,5.0,3.0,2.0,1.0,1.0,0.0,1.0,2.0,4.0,1.0,
,2.0,5.0,5.0,3.0,2.0,1.0,1.0,0.0,1.0,2.0,4.0,1.0,
,2.0,5.0,5.0,3.0,2.0,1.0,1.0,0.0,1.0,2.0,4.0,1.0,
,2.0,5.0,5.0,3.0,2.0,1.0,1.0,0.0,1.0,2.0,4.0,1.0,
,2.0,5.0,5.0,3.0,2.0,1.0,1.0,0.0,1.0,2.0,4.0,1.0,
,2.0,5.0,5.0,3.0,2.0,1.0,1.0,0.0,1.0,2.0,4.0,1.0,
,2.0,5.0,5.0,3.0,2.0,1.0,1.0,0.0,1.0,2.0,4.0,1.0,
,2.0,5.0,5.0,3.0,2.0,1.0,1.0,0.0,1.0,2.0,4.0,1.0,
,2.0,5.0,5.0,3.0,2.0,1.0,1.0,0.0,1.0,2.0,4.0,1.0,
,2.0,5.0,5.0,3.0,2.0,1.0,1.0,0.0,1.0,2.0,4.0,1.0,
,4.0,3.0,4.0,4.0,6.0,1.0,1.0,0.0,0.0,1.0,0.0,1.0,25.0
,4.0,3.0,4.0,4.0,6.0,1.0,1.0,0.0,0.0,1.0,0.0,1.0,
,4.0,3.0,4.0,4.0,6.0,1.0,1.0,0.0,0.0,1.0,0.0,1.0,
,4.0,3.0,4.0,4.0,6.0,1.0,1.0,0.0,0.0,1.0,0.0,1.0,
,4.0,3.0,4.0,4.0,6.0,1.0,1.0,0.0,0.0,1.0,0.0,1.0,
,4.0,3.0,4.0,4.0,6.0,1.0,1.0,0.0,0.0,1.0,0.0,1.0,
,4.0,3.0,4.0,4.0,6.0,1.0,1.0,0.0,0.0,1.0,0.0,1.0,
,4.0,3.0,4.0,4.0,6.0,1.0,1.0,0.0,0.0,1.0,0.0,1.0,
,4.0,3.0,4.0,4.0,6.0,1.0,1.0,0.0,0.0,1.0,0.0,1.0,
,4.0,3.0,4.0,4.0,6.0,1.0,1.0,0.0,0.0,1.0,0.0,1.0,
,4.0,3.0,4.0,4.0,6.0,1.0,1.0,0.0,0.0,1.0,0.0,1.0,
,4.0,3.0,4.0,4.0,6.0,1.0,1.0,0.0,0.0,1.0,0.0,1.0,
,4.0,2.0,6.0,3.0,1.0,1.0,0.0,0.0,1.0,0.0,0.0,2.0,20.0
,4.0,2.0,6.0,3.0,1.0,1.0,0.0,0.0,1.0,0.0,0.0,2.0,
,4.0,2.0,6.0,3.0,1.0,1.0,0.0,0.0,1.0,0.0,0.0,2.0,
,4.0,2.0,6.0,3.0,1.0,1.0,0.0,0.0,1.0,0.0,0.0,2.0,
,4.0,2.0,6.0,3.0,1.0,1.0,0.0,0.0,1.0,0.0,0.0,2.0,
,4.0,2.0,6.0,3.0,1.0,1.0,0.0,0.0,1.0,0.0,0.0,2.0,
,4.0,2.0,6.0,3.0,1.0,1.0,0.0,0.0,1.0,0.0,0.0,2.0,
,4.0,2.0,6.0,3.0,1.0,1.0,0.0,0.0,1.0,0.0,0.0,2.0,
,4.0,2.0,6.0,3.0,1.0,1.0,0.0,0.0,1.0,0.0,0.0,2.0,
,4.0,2.0,6.0,3.0,1.0,1.0,0.0,0.0,1.0,0.0,0.0,2.0,
,4.0,2.0,6.0,3.0,1.0,1.0,0.0,0.0,1.0,0.0,0.0,2.0,
,4.0,2.0,6.0,3.0,1.0,1.0,0.0,0.0,1.0,0.0,0.0,2.0,
,4.0,3.0,4.0,5.0,2.0,1.0,1.0,0.0,0.0,1.0,2.0,2.0,25.0
,4.0,3.0,4.0,5.0,2.0,1.0,1.0,0.0,0.0,1.0,2.0,2.0,
,4.0,3.0,4.0,5.0,2.0,1.0,1.0,0.0,0.0,1.0,2.0,2.0,
,4.0,3.0,4.0,5.0,2.0,1.0,1.0,0.0,0.0,1.0,2.0,2.0,
,4.0,3.0,4.0,5.0,2.0,1.0,1.0,0.0,0.0,1.0,2.0,2.0,
,4.0,3.0,4.0,5.0,2.0,1.0,1.0,0.0,0.0,1.0,2.0,2.0,
,4.0,3.0,4.0,5.0,2.0,1.0,1.0,0.0,0.0,1.0,2.0,2.0,
,4.0,3.0,4.0,5.0,2.0,1.0,1.0,0.0,0.0,1.0,2.0,2.0,
,4.0,3.0,4.0,5.0,2.0,1.0,1.0,0.0,0.0,1.0,2.0,2.0,
,4.0,3.0,4.0,5.0,2.0,1.0,1.0,0.0,0.0,1.0,2.0,2.0,
,4.0,3.0,4.0,5.0,2.0,1.0,1.0,0.0,0.0,1.0,2.0,2.0,
,4.0,3.0,4.0,5.0,2.0,1.0,1.0,0.0,0.0,1.0,2.0,2.0,
,4.0,4.0,3.0,3.0,0.0,0.0,0.0,0.0,0.0,1.0,4.0,1.0,20.0
,4.0,4.0,3.0,3.0,0.0,0.0,0.0,0.0,0.0,1.0,4.0,1.0,
,4.0,4.0,3.0,3.0,0.0,0.0,0.0,0.0,0.0,1.0,4.0,1.0,
,4.0,4.0,3.0,3.0,0.0,0.0,0.0,0.0,0.0,1.0,4.0,1.0,
,4.0,4.0,3.0,3.0,0.0,0.0,0.0,0.0,0.0,1.0,4.0,1.0,
,4.0,4.0,3.0,3.0,0.0,0.0,0.0,0.0,0.0,1.0,4.0,1.0,
,4.0,4.0,3.0,3.0,0.0,0.0,0.0,0.0,0.0,1.0,4.0,1.0,
,4.0,4.0,3.0,3.0,0.0,0.0,0.0,0.0,0.0,1.0,4.0,1.0,
,4.0,4.0,3.0,3.0,0.0,0.0,0.0,0.0,0.0,1.0,4.0,1.0,
,4.0,4.0,3.0,3.0,0.0,0.0,0.0,0.0,0.0,1.0,4.0,1.0,
,4.0,4.0,3.0,3.0,0.0,0.0,0.0,0.0,0.0,1.0,4.0,1.0,
,4.0,4.0,3.0,3.0,0.0,0.0,0.0,0.0,0.0,1.0,4.0,1.0,
,4.0,2.0,2.0,2.0,2.0,2.0,0.0,0.0,0.0,1.0,2.0,2.0,19.0
,4.0,2.0,2.0,2.0,2.0,2.0,0.0,0.0,0.0,1.0,2.0,2.0,
,4.0,2.0,2.0,2.0,2.0,2.0,0.0,0.0,0.0,1.0,2.0,2.0,
,4.0,2.0,2.0,2.0,2.0,2.0,0.0,0.0,0.0,1.0,2.0,2.0,
,4.0,2.0,2.0,2.0,2.0,2.0,0.0,0.0,0.0,1.0,2.0,2.0,
,4.0,2.0,2.0,2.0,2.0,2.0,0.0,0.0,0.0,1.0,2.0,2.0,
,4.0,2.0,2.0,2.0,2.0,2.0,0.0,0.0,0.0,1.0,2.0,2.0,
,4.0,2.0,2.0,2.0,2.0,2.0,0.0,0.0,0.0,1.0,2.0,2.0,
,4.0,2.0,2.0,2.0,2.0,2.0,0.0,0.0,0.0,1.0,2.0,2.0,
,4.0,2.0,2.0,2.0,2.0,2.0,0.0,0.0,0.0,1.0,2.0,2.0,
,4.0,2.0,2.0,2.0,2.0,2.0,0.0,0.0,0.0,1.0,2.0,2.0,
,4.0,2.0,2.0,2.0,2.0,2.0,0.0,0.0,0.0,1.0,2.0,2.0,
