year,jan,feb,mar,apr,may,jun,jul,aug,sep,oct,nov,dec,annual
,0.0,0.0,0.0,0.0,0.0,0.0,0.0,0.0,0.0,0.0,0.0,0.0,0.0
,0.0,0.0,0.0,0.0,0.0,0.0,0.0,0.0,0.0,0.0,0.0,0.0,
,0.0,0.0,0.0,0.0,0.0,0.0,0.0,0.0,0.0,0.0,0.0,0.0,
,0.0,0.0,0.0,0.0,0.0,0.0,0.0,0.0,0.0,0.0,0.0,0.0,
,0.0,0.0,0.0,0.0,0.0,0.0,0.0,0.0,0.0,0.0,0.0,0.0,
,0.0,0.0,0.0,0.0,0.0,0.0,0.0,0.0,0.0,0.0,0.0,0.0,
,0.0,0.0,0.0,0.0,0.0,0.0,0.0,0.0,0.0,0.0,0.0,0.0,
,0.0,0.0,0.0,0.0,0.0,0.0,0.0,0.0,0.0,0.0,0.0,0.0,
,0.0,0.0,0.0,0.0,0.0,0.0,0.0,0.0,0.0,0.0,0.0,0.0,
,0.0,0.0,0.0,0.0,0.0,0.0,0.0,0.0,0.0,0.0,0.0,0.0,
,0.0,0.0,0.0,0.0,0.0,0.0,0.0,0.0,0.0,0.0,0.0,0.0,
,0.0,0.0,0.0,0.0,0.0,0.0,0.0,0.0,0.0,0.0,0.0,0.0,
,0.0,0.0,0.0,0.0,0.0,0.0,0.0,0.0,0.0,0.0,0.0,0.0,0.0
,0.0,0.0,0.0,0.0,0.0,0.0,0.0,0.0,0.0,0.0,0.0,0.0,
,0.0,0.0,0.0,0.0,0.0,0.0,0.0,0.0,0.0,0.0,0.0,0.0,
,0.0,0.0,0.0,0.0,0.0,0.0,0.0,0.0,0.0,0.0,0.0,0.0,
,0.0,0.0,0.0,0.0,0.0,0.0,0.0,0.0,0.0,0.0,0.0,0.0,
,0.0,0.0,0.0,0.0,0.0,0.0,0.0,0.0,0.0,0.0,0.0,0.0,
,0.0,0.0,0.0,0.0,0.0,0.0,0.0,0.0,0.0,0.0,0.0,0.0,
,0.0,0.0,0.0,0.0,0.0,0.0,0.0,0.0,0.0,0.0,0.0,0.0,
,0.0,0.0,0.0,0.0,0.0,0.0,0.0,0.0,0.0,0.0,0.0,0.0,
,0.0,0.0,0.0,0.0,0.0,0.0,0.0,0.0,0.0,0.0,0.0,0.0,
,0.0,0.0,0.0,0.0,0.0,0.0,0.0,0.0,0.0,0.0,0.0,0.0,
,0.0,0.0,0.0,0.0,0.0,0.0,0.0,0.0,0.0,0.0,0.0,0.0,
,0.0,0.0,0.0,0.0,0.0,0.0,0.0,0.0,0.0,0.0,0.0,0.0,0.0
,0.0,0.0,0.0,0.0,0.0,0.0,0.0,0.0,0.0,0.0,0.0,0.0,
,0.0,0.0,0.0,0.0,0.0,0.0,0.0,0.0,0.0,0.0,0.0,0.0,
,0.0,0.0,0.0,0.0,0.0,0.0,0.0,0.0,0.0,0.0,0.0,0.0,
,0.0,0.0,0.0,0.0,0.0,0.0,0.0,0.0,0.0,0.0,0.0,0.0,
,0.0,0.0,0.0,0.0,0.0,0.0,0.0,0.0,0.0,0.0,0.0,0.0,
,0.0,0.0,0.0,0.0,0.0,0.0,0.0,0.0,0.0,0.0,0.0,0.0,
,0.0,0.0,0.0,0.0,0.0,0.0,0.0,0.0,0.0,0.0,0.0,0.0,
,0.0,0.0,0.0,0.0,0.0,0.0,0.0,0.0,0.0,0.0,0.0,0.0,
,0.0,0.0,0.0,0.0,0.0,0.0,0.0,0.0,0.0,0.0,0.0,0.0,
,0.0,0.0,0.0,0.0,0.0,0.0,0.0,0.0,0.0,0.0,0.0,0.0,
,0.0,0.0,0.0,0.0,0.0,0.0,0.0,0.0,0.0,0.0,0.0,0.0,
,0.0,0.0,0.0,0.0,0.0,0.0,0.0,0.0,0.0,0.0,0.0,0.0,0.0
,0.0,0.0,0.0,0.0,0.0,0.0,0.0,0.0,0.0,0.0,0.0,0.0,
,0.0,0.0,0.0,0.0,0.0,0.0,0.0,0.0,0.0,0.0,0.0,0.0,
,0.0,0.0,0.0,0.0,0.0,0.0,0.0,0.0,0.0,0.0,0.0,0.0,
,0.0,0.0,0.0,0.0,0.0,0.0,0.0,0.0,0.0,0.0,0.0,0.0,
,0.0,0.0,0.0,0.0,0.0,0.0,0.0,0.0,0.0,0.0,0.0,0.0,
,0.0,0.0,0.0,0.0,0.0,0.0,0.0,0.0,0.0,0.0,0.0,0.0,
,0.0,0.0,0.0,0.0,0.0,0.0,0.0,0.0,0.0,0.0,0.0,0.0,
,0.0,0.0,0.0,0.0,0.0,0.0,0.0,0.0,0.0,0.0,0.0,0.0,
,0.0,0.0,0.0,0.0,0.0,0.0,0.0,0.0,0.0,0.0,0.0,0.0,
,0.0,0.0,0.0,0.0,0.0,0.0,0.0,0.0,0.0,0.0,0.0,0.0,
,0.0,0.0,0.0,0.0,0.0,0.0,0.0,0.0,0.0,0.0,0.0,0.0,
,0.0,0.0,0.0,0.0,0.0,0.0,0.0,0.0,0.0,0.0,0.0,0.0,0.0
,0.0,0.0,0.0,0.0,0.0,0.0,0.0,0.0,0.0,0.0,0.0,0.0,
,0.0,0.0,0.0,0.0,0.0,0.0,0.0,0.0,0.0,0.0,0.0,0.0,
,0.0,0.0,0.0,0.0,0.0,0.0,0.0,0.0,0.0,0.0,0.0,0.0,
,0.0,0.0,0.0,0.0,0.0,0.0,0.0,0.0,0.0,0.0,0.0,0.0,
,0.0,0.0,0.0,0.0,0.0,0.0,0.0,0.0,0.0,0.0,0.0,0.0,
,0.0,0.0,0.0,0.0,0.0,0.0,0.0,0.0,0.0,0.0,0.0,0.0,
,0.0,0.0,0.0,0.0,0.0,0.0,0.0,0.0,0.0,0.0,0.0,0.0,
,0.0,0.0,0.0,0.0,0.0,0.0,0.0,0.0,0.0,0.0,0.0,0.0,
,0.0,0.0,0.0,0.0,0.0,0.0,0.0,0.0,0.0,0.0,0.0,0.0,
,0.0,0.0,0.0,0.0,0.0,0.0,0.0,0.0,0.0,0.0,0.0,0.0,
,0.0,0.0,0.0,0.0,0.0,0.0,0.0,0.0,0.0,0.0,0.0,0.0,
,0.0,0.0,0.0,0.0,0.0,0.0,0.0,0.0,0.0,0.0,0.0,0.0,0.0
,0.0,0.0,0.0,0.0,0.0,0.0,0.0,0.0,0.0,0.0,0.0,0.0,
,0.0,0.0,0.0,0.0,0.0,0.0,0.0,0.0,0.0,0.0,0.0,0.0,
,0.0,0.0,0.0,0.0,0.0,0.0,0.0,0.0,0.0,0.0,0.0,0.0,
,0.0,0.0,0.0,0.0,0.0,0.0,0.0,0.0,0.0,0.0,0.0,0.0,
,0.0,0.0,0.0,0.0,0.0,0.0,0.0,0.0,0.0,0.0,0.0,0.0,
,0.0,0.0,0.0,0.0,0.0,0.0,0.0,0.0,0.0,0.0,0.0,0.0,
,0.0,0.0,0.0,0.0,0.0,0.0,0.0,0.0,0.0,0.0,0.0,0.0,
,0.0,0.0,0.0,0.0,0.0,0.0,0.0,0.0,0.0,0.0,0.0,0.0,
,0.0,0.0,0.0,0.0,0.0,0.0,0.0,0.0,0.0,0.0,0.0,0.0,
,0.0,0.0,0.0,0.0,0.0,0.0,0.0,0.0,0.0,0.0,0.0,0.0,
,0.0,0.0,0.0,0.0,0.0,0.0,0.0,0.0,0.0,0.0,0.0,0.0,
,0.0,0.0,0.0,0.0,0.0,0.0,0.0,0.0,0.0,0.0,0.0,0.0,0.0
,0.0,0.0,0.0,0.0,0.0,0.0,0.0,0.0,0.0,0.0,0.0,0.0,
,0.0,0.0,0.0,0.0,0.0,0.0,0.0,0.0,0.0,0.0,0.0,0.0,
,0.0,0.0,0.0,0.0,0.0,0.0,0.0,0.0,0.0,0.0,0.0,0.0,
,0.0,0.0,0.0,0.0,0.0,0.0,0.0,0.0,0.0,0.0,0.0,0.0,
,0.0,0.0,0.0,0.0,0.0,0.0,0.0,0.0,0.0,0.0,0.0,0.0,
,0.0,0.0,0.0,0.0,0.0,0.0,0.0,0.0,0.0,0.0,0.0,0.0,
,0.0,0.0,0.0,0.0,0.0,0.0,0.0,0.0,0.0,0.0,0.0,0.0,
,0.0,0.0,0.0,0.0,0.0,0.0,0.0,0.0,0.0,0.0,0.0,0.0,
,0.0,0.0,0.0,0.0,0.0,0.0,0.0,0.0,0.0,0.0,0.0,0.0,
,0.0,0.0,0.0,0.0,0.0,0.0,0.0,0.0,0.0,0.0,0.0,0.0,
,0.0,0.0,0.0,0.0,0.0,0.0,0.0,0.0,0.0,0.0,0.0,0.0,
,0.0,0.0,0.0,0.0,0.0,0.0,0.0,0.0,0.0,0.0,0.0,0.0,0.0
,0.0,0.0,0.0,0.0,0.0,0.0,0.0,0.0,0.0,0.0,0.0,0.0,
,0.0,0.0,0.0,0.0,0.0,0.0,0.0,0.0,0.0,0.0,0.0,0.0,
,0.0,0.0,0.0,0.0,0.0,0.0,0.0,0.0,0.0,0.0,0.0,0.0,
,0.0,0.0,0.0,0.0,0.0,0.0,0.0,0.0,0.0,0.0,0.0,0.0,
,0.0,0.0,0.0,0.0,0.0,0.0,0.0,0.0,0.0,0.0,0.0,0.0,
,0.0,0.0,0.0,0.0,0.0,0.0,0.0,0.0,0.0,0.0,0.0,0.0,
,0.0,0.0,0.0,0.0,0.0,0.0,0.0,0.0,0.0,0.0,0.0,0.0,
,0.0,0.0,0.0,0.0,0.0,0.0,0.0,0.0,0.0,0.0,0.0,0.0,
,0.0,0.0,0.0,0.0,0.0,0.0,0.0,0.0,0.0,0.0,0.0,0.0,
,0.0,0.0,0.0,0.0,0.0,0.0,0.0,0.0,0.0,0.0,0.0,0.0,
,0.0,0.0,0.0,0.0,0.0,0.0,0.0,0.0,0.0,0.0,0.0,0.0,
,0.0,0.0,0.0,0.0,0.0,0.0,0.0,0.0,0.0,0.0,0.0,0.0,0.0
,0.0,0.0,0.0,0.0,0.0,0.0,0.0,0.0,0.0,0.0,0.0,0.0,
,0.0,0.0,0.0,0.0,0.0,0.0,0.0,0.0,0.0,0.0,0.0,0.0,
,0.0,0.0,0.0,0.0,0.0,0.0,0.0,0.0,0.0,0.0,0.0,0.0,
,0.0,0.0,0.0,0.0,0.0,0.0,0.0,0.0,0.0,0.0,0.0,0.0,
,0.0,0.0,0.0,0.0,0.0,0.0,0.0,0.0,0.0,0.0,0.0,0.0,
,0.0,0.0,0.0,0.0,0.0,0.0,0.0,0.0,0.0,0.0,0.0,0.0,
,0.0,0.0,0.0,0.0,0.0,0.0,0.0,0.0,0.0,0.0,0.0,0.0,
,0.0,0.0,0.0,0.0,0.0,0.0,0.0,0.0,0.0,0.0,0.0,0.0,
,0.0,0.0,0.0,0.0,0.0,0.0,0.0,0.0,0.0,0.0,0.0,0.0,
,0.0,0.0,0.0,0.0,0.0,0.0,0.0,0.0,0.0,0.0,0.0,0.0,
,0.0,0.0,0.0,0.0,0.0,0.0,0.0,0.0,0.0,0.0,0.0,0.0,
,0.0,0.0,0.0,0.0,0.0,0.0,0.0,0.0,0.0,0.0,0.0,0.0,0.0
,0.0,0.0,0.0,0.0,0.0,0.0,0.0,0.0,0.0,0.0,0.0,0.0,
,0.0,0.0,0.0,0.0,0.0,0.0,0.0,0.0,0.0,0.0,0.0,0.0,
,0.0,0.0,0.0,0.0,0.0,0.0,0.0,0.0,0.0,0.0,0.0,0.0,
,0.0,0.0,0.0,0.0,0.0,0.0,0.0,0.0,0.0,0.0,0.0,0.0,
,0.0,0.0,0.0,0.0,0.0,0.0,0.0,0.0,0.0,0.0,0.0,0.0,
,0.0,0.0,0.0,0.0,0.0,0.0,0.0,0.0,0.0,0.0,0.0,0.0,
,0.0,0.0,0.0,0.0,0.0,0.0,0.0,0.0,0.0,0.0,0.0,0.0,
,0.0,0.0,0.0,0.0,0.0,0.0,0.0,0.0,0.0,0.0,0.0,0.0,
,0.0,0.0,0.0,0.0,0.0,0.0,0.0,0.0,0.0,0.0,0.0,0.0,
,0.0,0.0,0.0,0.0,0.0,0.0,0.0,0.0,0.0,0.0,0.0,0.0,
,0.0,0.0,0.0,0.0,0.0,0.0,0.0,0.0,0.0,0.0,0.0,0.0,
,0.0,0.0,0.0,0.0,0.0,0.0,0.0,0.0,0.0,0.0,0.0,0.0,0.0
,0.0,0.0,0.0,0.0,0.0,0.0,0.0,0.0,0.0,0.0,0.0,0.0,
,0.0,0.0,0.0,0.0,0.0,0.0,0.0,0.0,0.0,0.0,0.0,0.0,
,0.0,0.0,0.0,0.0,0.0,0.0,0.0,0.0,0.0,0.0,0.0,0.0,
,0.0,0.0,0.0,0.0,0.0,0.0,0.0,0.0,0.0,0.0,0.0,0.0,
,0.0,0.0,0.0,0.0,0.0,0.0,0.0,0.0,0.0,0.0,0.0,0.0,
,0.0,0.0,0.0,0.0,0.0,0.0,0.0,0.0,0.0,0.0,0.0,0.0,
,0.0,0.0,0.0,0.0,0.0,0.0,0.0,0.0,0.0,0.0,0.0,0.0,
,0.0,0.0,0.0,0.0,0.0,0.0,0.0,0.0,0.0,0.0,0.0,0.0,
,0.0,0.0,0.0,0.0,0.0,0.0,0.0,0.0,0.0,0.0,0.0,0.0,
,0.0,0.0,0.0,0.0,0.0,0.0,0.0,0.0,0.0,0.0,0.0,0.0,
,0.0,0.0,0.0,0.0,0.0,0.0,0.0,0.0,0.0,0.0,0.0,0.0,
,0.0,0.0,0.0,0.0,0.0,0.0,0.0,0.0,0.0,0.0,0.0,0.0,0.0
,0.0,0.0,0.0,0.0,0.0,0.0,0.0,0.0,0.0,0.0,0.0,0.0,
,0.0,0.0,0.0,0.0,0.0,0.0,0.0,0.0,0.0,0.0,0.0,0.0,
,0.0,0.0,0.0,0.0,0.0,0.0,0.0,0.0,0.0,0.0,0.0,0.0,
,0.0,0.0,0.0,0.0,0.0,0.0,0.0,0.0,0.0,0.0,0.0,0.0,
,0.0,0.0,0.0,0.0,0.0,0.0,0.0,0.0,0.0,0.0,0.0,0.0,
,0.0,0.0,0.0,0.0,0.0,0.0,0.0,0.0,0.0,0.0,0.0,0.0,
,0.0,0.0,0.0,0.0,0.0,0.0,0.0,0.0,0.0,0.0,0.0,0.0,
,0.0,0.0,0.0,0.0,0.0,0.0,0.0,0.0,0.0,0.0,0.0,0.0,
,0.0,0.0,0.0,0.0,0.0,0.0,0.0,0.0,0.0,0.0,0.0,0.0,
,0.0,0.0,0.0,0.0,0.0,0.0,0.0,0.0,0.0,0.0,0.0,0.0,
,0.0,0.0,0.0,0.0,0.0,0.0,0.0,0.0,0.0,0.0,0.0,0.0,
,0.0,0.0,4.0,3.0,3.0,5.0,3.0,3.0,3.0,0.0,1.0,1.0,26.0
,0.0,0.0,4.0,3.0,3.0,5.0,3.0,3.0,3.0,0.0,1.0,1.0,
,0.0,0.0,4.0,3.0,3.0,5.0,3.0,3.0,3.0,0.0,1.0,1.0,
,0.0,0.0,4.0,3.0,3.0,5.0,3.0,3.0,3.0,0.0,1.0,1.0,
,0.0,0.0,4.0,3.0,3.0,5.0,3.0,3.0,3.0,0.0,1.0,1.0,
,0.0,0.0,4.0,3.0,3.0,5.0,3.0,3.0,3.0,0.0,1.0,1.0,
,0.0,0.0,4.0,3.0,3.0,5.0,3.0,3.0,3.0,0.0,1.0,1.0,
,0.0,0.0,4.0,3.0,3.0,5.0,3.0,3.0,3.0,0.0,1.0,1.0,
,0.0,0.0,4.0,3.0,3.0,5.0,3.0,3.0,3.0,0.0,1.0,1.0,
,0.0,0.0,4.0,3.0,3.0,5.0,3.0,3.0,3.0,0.0,1.0,1.0,
,0.0,0.0,4.0,3.0,3.0,5.0,3.0,3.0,3.0,0.0,1.0,1.0,
,0.0,0.0,4.0,3.0,3.0,5.0,3.0,3.0,3.0,0.0,1.0,1.0,
,0.0,0.0,0.0,0.0,0.0,0.0,0.0,0.0,2.0,0.0,0.0,0.0,2.0
,0.0,0.0,0.0,0.0,0.0,0.0,0.0,0.0,2.0,0.0,0.0,0.0,
,0.0,0.0,0.0,0.0,0.0,0.0,0.0,0.0,2.0,0.0,0.0,0.0,
,0.0,0.0,0.0,0.0,0.0,0.0,0.0,0.0,2.0,0.0,0.0,0.0,
,0.0,0.0,0.0,0.0,0.0,0.0,0.0,0.0,2.0,0.0,0.0,0.0,
,0.0,0.0,0.0,0.0,0.0,0.0,0.0,0.0,2.0,0.0,0.0,0.0,
,0.0,0.0,0.0,0.0,0.0,0.0,0.0,0.0,2.0,0.0,0.0,0.0,
,0.0,0.0,0.0,0.0,0.0,0.0,0.0,0.0,2.0,0.0,0.0,0.0,
,0.0,0.0,0.0,0.0,0.0,0.0,0.0,0.0,2.0,0.0,0.0,0.0,
,0.0,0.0,0.0,0.0,0.0,0.0,0.0,0.0,2.0,0.0,0.0,0.0,
,0.0,0.0,0.0,0.0,0.0,0.0,0.0,0.0,2.0,0.0,0.0,0.0,
,0.0,0.0,0.0,0.0,0.0,0.0,0.0,0.0,2.0,0.0,0.0,0.0,
,0.0,0.0,0.0,1.0,0.0,1.0,0.0,1.0,0.0,1.0,0.0,0.0,4.0
,0.0,0.0,0.0,1.0,0.0,1.0,0.0,1.0,0.0,1.0,0.0,0.0,
,0.0,0.0,0.0,1.0,0.0,1.0,0.0,1.0,0.0,1.0,0.0,0.0,
,0.0,0.0,0.0,1.0,0.0,1.0,0.0,1.0,0.0,1.0,0.0,0.0,
,0.0,0.0,0.0,1.0,0.0,1.0,0.0,1.0,0.0,1.0,0.0,0.0,
,0.0,0.0,0.0,1.0,0.0,1.0,0.0,1.0,0.0,1.0,0.0,0.0,
,0.0,0.0,0.0,1.0,0.0,1.0,0.0,1.0,0.0,1.0,0.0,0.0,
,0.0,0.0,0.0,1.0,0.0,1.0,0.0,1.0,0.0,1.0,0.0,0.0,
,0.0,0.0,0.0,1.0,0.0,1.0,0.0,1.0,0.0,1.0,0.0,0.0,
,0.0,0.0,0.0,1.0,0.0,1.0,0.0,1.0,0.0,1.0,0.0,0.0,
,0.0,0.0,0.0,1.0,0.0,1.0,0.0,1.0,0.0,1.0,0.0,0.0,
,0.0,0.0,0.0,1.0,0.0,1.0,0.0,1.0,0.0,1.0,0.0,0.0,
,0.0,0.0,0.0,0.0,0.0,0.0,3.0,0.0,0.0,0.0,0.0,0.0,3.0
,0.0,0.0,0.0,0.0,0.0,0.0,3.0,0.0,0.0,0.0,0.0,0.0,
,0.0,0.0,0.0,0.0,0.0,0.0,3.0,0.0,0.0,0.0,0.0,0.0,
,0.0,0.0,0.0,0.0,0.0,0.0,3.0,0.0,0.0,0.0,0.0,0.0,
,0.0,0.0,0.0,0.0,0.0,0.0,3.0,0.0,0.0,0.0,0.0,0.0,
,0.0,0.0,0.0,0.0,0.0,0.0,3.0,0.0,0.0,0.0,0.0,0.0,
,0.0,0.0,0.0,0.0,0.0,0.0,3.0,0.0,0.0,0.0,0.0,0.0,
,0.0,0.0,0.0,0.0,0.0,0.0,3.0,0.0,0.0,0.0,0.0,0.0,
,0.0,0.0,0.0,0.0,0.0,0.0,3.0,0.0,0.0,0.0,0.0,0.0,
,0.0,0.0,0.0,0.0,0.0,0.0,3.0,0.0,0.0,0.0,0.0,0.0,
,0.0,0.0,0.0,0.0,0.0,0.0,3.0,0.0,0.0,0.0,0.0,0.0,
,0.0,0.0,0.0,0.0,0.0,0.0,3.0,0.0,0.0,0.0,0.0,0.0,
,0.0,0.0,0.0,0.0,0.0,0.0,0.0,0.0,1.0,0.0,0.0,0.0,1.0
,0.0,0.0,0.0,0.0,0.0,0.0,0.0,0.0,1.0,0.0,0.0,0.0,
,0.0,0.0,0.0,0.0,0.0,0.0,0.0,0.0,1.0,0.0,0.0,0.0,
,0.0,0.0,0.0,0.0,0.0,0.0,0.0,0.0,1.0,0.0,0.0,0.0,
,0.0,0.0,0.0,0.0,0.0,0.0,0.0,0.0,1.0,0.0,0.0,0.0,
,0.0,0.0,0.0,0.0,0.0,0.0,0.0,0.0,1.0,0.0,0.0,0.0,
,0.0,0.0,0.0,0.0,0.0,0.0,0.0,0.0,1.0,0.0,0.0,0.0,
,0.0,0.0,0.0,0.0,0.0,0.0,0.0,0.0,1.0,0.0,0.0,0.0,
,0.0,0.0,0.0,0.0,0.0,0.0,0.0,0.0,1.0,0.0,0.0,0.0,
,0.0,0.0,0.0,0.0,0.0,0.0,0.0,0.0,1.0,0.0,0.0,0.0,
,0.0,0.0,0.0,0.0,0.0,0.0,0.0,0.0,1.0,0.0,0.0,0.0,
,0.0,0.0,0.0,0.0,0.0,0.0,0.0,0.0,1.0,0.0,0.0,0.0,
,0.0,1.0,1.0,0.0,0.0,0.0,0.0,0.0,0.0,1.0,0.0,0.0,3.0
,0.0,1.0,1.0,0.0,0.0,0.0,0.0,0.0,0.0,1.0,0.0,0.0,
,0.0,1.0,1.0,0.0,0.0,0.0,0.0,0.0,0.0,1.0,0.0,0.0,
,0.0,1.0,1.0,0.0,0.0,0.0,0.0,0.0,0.0,1.0,0.0,0.0,
,0.0,1.0,1.0,0.0,0.0,0.0,0.0,0.0,0.0,1.0,0.0,0.0,
,0.0,1.0,1.0,0.0,0.0,0.0,0.0,0.0,0.0,1.0,0.0,0.0,
,0.0,1.0,1.0,0.0,0.0,0.0,0.0,0.0,0.0,1.0,0.0,0.0,
,0.0,1.0,1.0,0.0,0.0,0.0,0.0,0.0,0.0,1.0,0.0,0.0,
,0.0,1.0,1.0,0.0,0.0,0.0,0.0,0.0,0.0,1.0,0.0,0.0,
,0.0,1.0,1.0,0.0,0.0,0.0,0.0,0.0,0.0,1.0,0.0,0.0,
,0.0,1.0,1.0,0.0,0.0,0.0,0.0,0.0,0.0,1.0,0.0,0.0,
,0.0,1.0,1.0,0.0,0.0,0.0,0.0,0.0,0.0,1.0,0.0,0.0,
,0.0,0.0,1.0,1.0,0.0,0.0,1.0,2.0,5.0,1.0,1.0,0.0,12.0
,0.0,0.0,1.0,1.0,0.0,0.0,1.0,2.0,5.0,1.0,1.0,0.0,
,0.0,0.0,1.0,1.0,0.0,0.0,1.0,2.0,5.0,1.0,1.0,0.0,
,0.0,0.0,1.0,1.0,0.0,0.0,1.0,2.0,5.0,1.0,1.0,0.0,
,0.0,0.0,1.0,1.0,0.0,0.0,1.0,2.0,5.0,1.0,1.0,0.0,
,0.0,0.0,1.0,1.0,0.0,0.0,1.0,2.0,5.0,1.0,1.0,0.0,
,0.0,0.0,1.0,1.0,0.0,0.0,1.0,2.0,5.0,1.0,1.0,0.0,
,0.0,0.0,1.0,1.0,0.0,0.0,1.0,2.0,5.0,1.0,1.0,0.0,
,0.0,0.0,1.0,1.0,0.0,0.0,1.0,2.0,5.0,1.0,1.0,0.0,
,0.0,0.0,1.0,1.0,0.0,0.0,1.0,2.0,5.0,1.0,1.0,0.0,
,0.0,0.0,1.0,1.0,0.0,0.0,1.0,2.0,5.0,1.0,1.0,0.0,
,0.0,0.0,1.0,1.0,0.0,0.0,1.0,2.0,5.0,1.0,1.0,0.0,
,0.0,1.0,0.0,2.0,8.0,3.0,4.0,4.0,10.0,2.0,3.0,0.0,37.0
,0.0,1.0,0.0,2.0,8.0,3.0,4.0,4.0,10.0,2.0,3.0,0.0,
,0.0,1.0,0.0,2.0,8.0,3.0,4.0,4.0,10.0,2.0,3.0,0.0,
,0.0,1.0,0.0,2.0,8.0,3.0,4.0,4.0,10.0,2.0,3.0,0.0,
,0.0,1.0,0.0,2.0,8.0,3.0,4.0,4.0,10.0,2.0,3.0,0.0,
,0.0,1.0,0.0,2.0,8.0,3.0,4.0,4.0,10.0,2.0,3.0,0.0,
,0.0,1.0,0.0,2.0,8.0,3.0,4.0,4.0,10.0,2.0,3.0,0.0,
,0.0,1.0,0.0,2.0,8.0,3.0,4.0,4.0,10.0,2.0,3.0,0.0,
,0.0,1.0,0.0,2.0,8.0,3.0,4.0,4.0,10.0,2.0,3.0,0.0,
,0.0,1.0,0.0,2.0,8.0,3.0,4.0,4.0,10.0,2.0,3.0,0.0,
,0.0,1.0,0.0,2.0,8.0,3.0,4.0,4.0,10.0,2.0,3.0,0.0,
,0.0,1.0,0.0,2.0,8.0,3.0,4.0,4.0,10.0,2.0,3.0,0.0,
,2.0,1.0,4.0,0.0,1.0,1.0,0.0,2.0,0.0,3.0,8.0,8.0,30.0
,2.0,1.0,4.0,0.0,1.0,1.0,0.0,2.0,0.0,3.0,8.0,8.0,
,2.0,1.0,4.0,0.0,1.0,1.0,0.0,2.0,0.0,3.0,8.0,8.0,
,2.0,1.0,4.0,0.0,1.0,1.0,0.0,2.0,0.0,3.0,8.0,8.0,
,2.0,1.0,4.0,0.0,1.0,1.0,0.0,2.0,0.0,3.0,8.0,8.0,
,2.0,1.0,4.0,0.0,1.0,1.0,0.0,2.0,0.0,3.0,8.0,8.0,
,2.0,1.0,4.0,0.0,1.0,1.0,0.0,2.0,0.0,3.0,8.0,8.0,
,2.0,1.0,4.0,0.0,1.0,1.0,0.0,2.0,0.0,3.0,8.0,8.0,
,2.0,1.0,4.0,0.0,1.0,1.0,0.0,2.0,0.0,3.0,8.0,8.0,
,2.0,1.0,4.0,0.0,1.0,1.0,0.0,2.0,0.0,3.0,8.0,8.0,
,2.0,1.0,4.0,0.0,1.0,1.0,0.0,2.0,0.0,3.0,8.0,8.0,
,2.0,1.0,4.0,0.0,1.0,1.0,0.0,2.0,0.0,3.0,8.0,8.0,
,1.0,6.0,6.0,5.0,3.0,2.0,5.0,8.0,14.0,7.0,6.0,6.0,69.0
,1.0,6.0,6.0,5.0,3.0,2.0,5.0,8.0,14.0,7.0,6.0,6.0,
,1.0,6.0,6.0,5.0,3.0,2.0,5.0,8.0,14.0,7.0,6.0,6.0,
,1.0,6.0,6.0,5.0,3.0,2.0,5.0,8.0,14.0,7.0,6.0,6.0,
,1.0,6.0,6.0,5.0,3.0,2.0,5.0,8.0,14.0,7.0,6.0,6.0,
,1.0,6.0,6.0,5.0,3.0,2.0,5.0,8.0,14.0,7.0,6.0,6.0,
,1.0,6.0,6.0,5.0,3.0,2.0,5.0,8.0,14.0,7.0,6.0,6.0,
,1.0,6.0,6.0,5.0,3.0,2.0,5.0,8.0,14.0,7.0,6.0,6.0,
,1.0,6.0,6.0,5.0,3.0,2.0,5.0,8.0,14.0,7.0,6.0,6.0,
,1.0,6.0,6.0,5.0,3.0,2.0,5.0,8.0,14.0,7.0,6.0,6.0,
,1.0,6.0,6.0,5.0,3.0,2.0,5.0,8.0,14.0,7.0,6.0,6.0,
,1.0,6.0,6.0,5.0,3.0,2.0,5.0,8.0,14.0,7.0,6.0,6.0,
,5.0,1.0,3.0,1.0,6.0,4.0,4.0,7.0,7.0,8.0,3.0,9.0,58.0
,5.0,1.0,3.0,1.0,6.0,4.0,4.0,7.0,7.0,8.0,3.0,9.0,
,5.0,1.0,3.0,1.0,6.0,4.0,4.0,7.0,7.0,8.0,3.0,9.0,
,5.0,1.0,3.0,1.0,6.0,4.0,4.0,7.0,7.0,8.0,3.0,9.0,
,5.0,1.0,3.0,1.0,6.0,4.0,4.0,7.0,7.0,8.0,3.0,9.0,
,5.0,1.0,3.0,1.0,6.0,4.0,4.0,7.0,7.0,8.0,3.0,9.0,
,5.0,1.0,3.0,1.0,6.0,4.0,4.0,7.0,7.0,8.0,3.0,9.0,
,5.0,1.0,3.0,1.0,6.0,4.0,4.0,7.0,7.0,8.0,3.0,9.0,
,5.0,1.0,3.0,1.0,6.0,4.0,4.0,7.0,7.0,8.0,3.0,9.0,
,5.0,1.0,3.0,1.0,6.0,4.0,4.0,7.0,7.0,8.0,3.0,9.0,
,5.0,1.0,3.0,1.0,6.0,4.0,4.0,7.0,7.0,8.0,3.0,9.0,
,5.0,1.0,3.0,1.0,6.0,4.0,4.0,7.0,7.0,8.0,3.0,9.0,
,2.0,4.0,4.0,4.0,1.0,0.0,4.0,5.0,4.0,3.0,2.0,3.0,36.0
,2.0,4.0,4.0,4.0,1.0,0.0,4.0,5.0,4.0,3.0,2.0,3.0,
,2.0,4.0,4.0,4.0,1.0,0.0,4.0,5.0,4.0,3.0,2.0,3.0,
,2.0,4.0,4.0,4.0,1.0,0.0,4.0,5.0,4.0,3.0,2.0,3.0,
,2.0,4.0,4.0,4.0,1.0,0.0,4.0,5.0,4.0,3.0,2.0,3.0,
,2.0,4.0,4.0,4.0,1.0,0.0,4.0,5.0,4.0,3.0,2.0,3.0,
,2.0,4.0,4.0,4.0,1.0,0.0,4.0,5.0,4.0,3.0,2.0,3.0,
,2.0,4.0,4.0,4.0,1.0,0.0,4.0,5.0,4.0,3.0,2.0,3.0,
,2.0,4.0,4.0,4.0,1.0,0.0,4.0,5.0,4.0,3.0,2.0,3.0,
,2.0,4.0,4.0,4.0,1.0,0.0,4.0,5.0,4.0,3.0,2.0,3.0,
,2.0,4.0,4.0,4.0,1.0,0.0,4.0,5.0,4.0,3.0,2.0,3.0,
,2.0,4.0,4.0,4.0,1.0,0.0,4.0,5.0,4.0,3.0,2.0,3.0,
,3.0,1.0,3.0,2.0,0.0,0.0,0.0,2.0,0.0,1.0,3.0,0.0,15.0
,3.0,1.0,3.0,2.0,0.0,0.0,0.0,2.0,0.0,1.0,3.0,0.0,
,3.0,1.0,3.0,2.0,0.0,0.0,0.0,2.0,0.0,1.0,3.0,0.0,
,3.0,1.0,3.0,2.0,0.0,0.0,0.0,2.0,0.0,1.0,3.0,0.0,
,3.0,1.0,3.0,2.0,0.0,0.0,0.0,2.0,0.0,1.0,3.0,0.0,
,3.0,1.0,3.0,2.0,0.0,0.0,0.0,2.0,0.0,1.0,3.0,0.0,
,3.0,1.0,3.0,2.0,0.0,0.0,0.0,2.0,0.0,1.0,3.0,0.0,
,3.0,1.0,3.0,2.0,0.0,0.0,0.0,2.0,0.0,1.0,3.0,0.0,
,3.0,1.0,3.0,2.0,0.0,0.0,0.0,2.0,0.0,1.0,3.0,0.0,
,3.0,1.0,3.0,2.0,0.0,0.0,0.0,2.0,0.0,1.0,3.0,0.0,
,3.0,1.0,3.0,2.0,0.0,0.0,0.0,2.0,0.0,1.0,3.0,0.0,
,3.0,1.0,3.0,2.0,0.0,0.0,0.0,2.0,0.0,1.0,3.0,0.0,
,0.0,3.0,0.0,1.0,1.0,1.0,0.0,2.0,5.0,4.0,0.0,2.0,19.0
,0.0,3.0,0.0,1.0,1.0,1.0,0.0,2.0,5.0,4.0,0.0,2.0,
,0.0,3.0,0.0,1.0,1.0,1.0,0.0,2.0,5.0,4.0,0.0,2.0,
,0.0,3.0,0.0,1.0,1.0,1.0,0.0,2.0,5.0,4.0,0.0,2.0,
,0.0,3.0,0.0,1.0,1.0,1.0,0.0,2.0,5.0,4.0,0.0,2.0,
,0.0,3.0,0.0,1.0,1.0,1.0,0.0,2.0,5.0,4.0,0.0,2.0,
,0.0,3.0,0.0,1.0,1.0,1.0,0.0,2.0,5.0,4.0,0.0,2.0,
,0.0,3.0,0.0,1.0,1.0,1.0,0.0,2.0,5.0,4.0,0.0,2.0,
,0.0,3.0,0.0,1.0,1.0,1.0,0.0,2.0,5.0,4.0,0.0,2.0,
,0.0,3.0,0.0,1.0,1.0,1.0,0.0,2.0,5.0,4.0,0.0,2.0,
,0.0,3.0,0.0,1.0,1.0,1.0,0.0,2.0,5.0,4.0,0.0,2.0,
,0.0,3.0,0.0,1.0,1.0,1.0,0.0,2.0,5.0,4.0,0.0,2.0,
,0.0,2.0,1.0,1.0,2.0,5.0,5.0,7.0,4.0,6.0,4.0,8.0,45.0
,0.0,2.0,1.0,1.0,2.0,5.0,5.0,7.0,4.0,6.0,4.0,8.0,
,0.0,2.0,1.0,1.0,2.0,5.0,5.0,7.0,4.0,6.0,4.0,8.0,
,0.0,2.0,1.0,1.0,2.0,5.0,5.0,7.0,4.0,6.0,4.0,8.0,
,0.0,2.0,1.0,1.0,2.0,5.0,5.0,7.0,4.0,6.0,4.0,8.0,
,0.0,2.0,1.0,1.0,2.0,5.0,5.0,7.0,4.0,6.0,4.0,8.0,
,0.0,2.0,1.0,1.0,2.0,5.0,5.0,7.0,4.0,6.0,4.0,8.0,
,0.0,2.0,1.0,1.0,2.0,5.0,5.0,7.0,4.0,6.0,4.0,8.0,
,0.0,2.0,1.0,1.0,2.0,5.0,5.0,7.0,4.0,6.0,4.0,8.0,
,0.0,2.0,1.0,1.0,2.0,5.0,5.0,7.0,4.0,6.0,4.0,8.0,
,0.0,2.0,1.0,1.0,2.0,5.0,5.0,7.0,4.0,6.0,4.0,8.0,
,0.0,2.0,1.0,1.0,2.0,5.0,5.0,7.0,4.0,6.0,4.0,8.0,
,12.0,5.0,3.0,3.0,1.0,3.0,3.0,1.0,3.0,8.0,6.0,0.0,48.0
,12.0,5.0,3.0,3.0,1.0,3.0,3.0,1.0,3.0,8.0,6.0,0.0,
,12.0,5.0,3.0,3.0,1.0,3.0,3.0,1.0,3.0,8.0,6.0,0.0,
,12.0,5.0,3.0,3.0,1.0,3.0,3.0,1.0,3.0,8.0,6.0,0.0,
,12.0,5.0,3.0,3.0,1.0,3.0,3.0,1.0,3.0,8.0,6.0,0.0,
,12.0,5.0,3.0,3.0,1.0,3.0,3.0,1.0,3.0,8.0,6.0,0.0,
,12.0,5.0,3.0,3.0,1.0,3.0,3.0,1.0,3.0,8.0,6.0,0.0,
,12.0,5.0,3.0,3.0,1.0,3.0,3.0,1.0,3.0,8.0,6.0,0.0,
,12.0,5.0,3.0,3.0,1.0,3.0,3.0,1.0,3.0,8.0,6.0,0.0,
,12.0,5.0,3.0,3.0,1.0,3.0,3.0,1.0,3.0,8.0,6.0,0.0,
,12.0,5.0,3.0,3.0,1.0,3.0,3.0,1.0,3.0,8.0,6.0,0.0,
,12.0,5.0,3.0,3.0,1.0,3.0,3.0,1.0,3.0,8.0,6.0,0.0,
,0.0,1.0,1.0,0.0,1.0,2.0,2.0,2.0,3.0,1.0,2.0,2.0,17.0
,0.0,1.0,1.0,0.0,1.0,2.0,2.0,2.0,3.0,1.0,2.0,2.0,
,0.0,1.0,1.0,0.0,1.0,2.0,2.0,2.0,3.0,1.0,2.0,2.0,
,0.0,1.0,1.0,0.0,1.0,2.0,2.0,2.0,3.0,1.0,2.0,2.0,
,0.0,1.0,1.0,0.0,1.0,2.0,2.0,2.0,3.0,1.0,2.0,2.0,
,0.0,1.0,1.0,0.0,1.0,2.0,2.0,2.0,3.0,1.0,2.0,2.0,
,0.0,1.0,1.0,0.0,1.0,2.0,2.0,2.0,3.0,1.0,2.0,2.0,
,0.0,1.0,1.0,0.0,1.0,2.0,2.0,2.0,3.0,1.0,2.0,2.0,
,0.0,1.0,1.0,0.0,1.0,2.0,2.0,2.0,3.0,1.0,2.0,2.0,
,0.0,1.0,1.0,0.0,1.0,2.0,2.0,2.0,3.0,1.0,2.0,2.0,
,0.0,1.0,1.0,0.0,1.0,2.0,2.0,2.0,3.0,1.0,2.0,2.0,
,0.0,1.0,1.0,0.0,1.0,2.0,2.0,2.0,3.0,1.0,2.0,2.0,
,0.0,4.0,3.0,6.0,1.0,4.0,12.0,8.0,7.0,9.0,4.0,6.0,64.0
,0.0,4.0,3.0,6.0,1.0,4.0,12.0,8.0,7.0,9.0,4.0,6.0,
,0.0,4.0,3.0,6.0,1.0,4.0,12.0,8.0,7.0,9.0,4.0,6.0,
,0.0,4.0,3.0,6.0,1.0,4.0,12.0,8.0,7.0,9.0,4.0,6.0,
,0.0,4.0,3.0,6.0,1.0,4.0,12.0,8.0,7.0,9.0,4.0,6.0,
,0.0,4.0,3.0,6.0,1.0,4.0,12.0,8.0,7.0,9.0,4.0,6.0,
,0.0,4.0,3.0,6.0,1.0,4.0,12.0,8.0,7.0,9.0,4.0,6.0,
,0.0,4.0,3.0,6.0,1.0,4.0,12.0,8.0,7.0,9.0,4.0,6.0,
,0.0,4.0,3.0,6.0,1.0,4.0,12.0,8.0,7.0,9.0,4.0,6.0,
,0.0,4.0,3.0,6.0,1.0,4.0,12.0,8.0,7.0,9.0,4.0,6.0,
,0.0,4.0,3.0,6.0,1.0,4.0,12.0,8.0,7.0,9.0,4.0,6.0,
,0.0,4.0,3.0,6.0,1.0,4.0,12.0,8.0,7.0,9.0,4.0,6.0,
,7.0,9.0,5.0,6.0,9.0,8.0,6.0,1.0,3.0,3.0,3.0,5.0,65.0
,7.0,9.0,5.0,6.0,9.0,8.0,6.0,1.0,3.0,3.0,3.0,5.0,
,7.0,9.0,5.0,6.0,9.0,8.0,6.0,1.0,3.0,3.0,3.0,5.0,
,7.0,9.0,5.0,6.0,9.0,8.0,6.0,1.0,3.0,3.0,3.0,5.0,
,7.0,9.0,5.0,6.0,9.0,8.0,6.0,1.0,3.0,3.0,3.0,5.0,
,7.0,9.0,5.0,6.0,9.0,8.0,6.0,1.0,3.0,3.0,3.0,5.0,
,7.0,9.0,5.0,6.0,9.0,8.0,6.0,1.0,3.0,3.0,3.0,5.0,
,7.0,9.0,5.0,6.0,9.0,8.0,6.0,1.0,3.0,3.0,3.0,5.0,
,7.0,9.0,5.0,6.0,9.0,8.0,6.0,1.0,3.0,3.0,3.0,5.0,
,7.0,9.0,5.0,6.0,9.0,8.0,6.0,1.0,3.0,3.0,3.0,5.0,
,7.0,9.0,5.0,6.0,9.0,8.0,6.0,1.0,3.0,3.0,3.0,5.0,
,7.0,9.0,5.0,6.0,9.0,8.0,6.0,1.0,3.0,3.0,3.0,5.0,
,14.0,2.0,4.0,6.0,3.0,8.0,7.0,5.0,6.0,0.0,5.0,5.0,65.0
,14.0,2.0,4.0,6.0,3.0,8.0,7.0,5.0,6.0,0.0,5.0,5.0,
,14.0,2.0,4.0,6.0,3.0,8.0,7.0,5.0,6.0,0.0,5.0,5.0,
,14.0,2.0,4.0,6.0,3.0,8.0,7.0,5.0,6.0,0.0,5.0,5.0,
,14.0,2.0,4.0,6.0,3.0,8.0,7.0,5.0,6.0,0.0,5.0,5.0,
,14.0,2.0,4.0,6.0,3.0,8.0,7.0,5.0,6.0,0.0,5.0,5.0,
,14.0,2.0,4.0,6.0,3.0,8.0,7.0,5.0,6.0,0.0,5.0,5.0,
,14.0,2.0,4.0,6.0,3.0,8.0,7.0,5.0,6.0,0.0,5.0,5.0,
,14.0,2.0,4.0,6.0,3.0,8.0,7.0,5.0,6.0,0.0,5.0,5.0,
,14.0,2.0,4.0,6.0,3.0,8.0,7.0,5.0,6.0,0.0,5.0,5.0,
,14.0,2.0,4.0,6.0,3.0,8.0,7.0,5.0,6.0,0.0,5.0,5.0,
,14.0,2.0,4.0,6.0,3.0,8.0,7.0,5.0,6.0,0.0,5.0,5.0,
,4.0,14.0,9.0,8.0,12.0,11.0,8.0,9.0,11.0,13.0,9.0,5.0,113.0
,4.0,14.0,9.0,8.0,12.0,11.0,8.0,9.0,11.0,13.0,9.0,5.0,
,4.0,14.0,9.0,8.0,12.0,11.0,8.0,9.0,11.0,13.0,9.0,5.0,
,4.0,14.0,9.0,8.0,12.0,11.0,8.0,9.0,11.0,13.0,9.0,5.0,
,4.0,14.0,9.0,8.0,12.0,11.0,8.0,9.0,11.0,13.0,9.0,5.0,
,4.0,14.0,9.0,8.0,12.0,11.0,8.0,9.0,11.0,13.0,9.0,5.0,
,4.0,14.0,9.0,8.0,12.0,11.0,8.0,9.0,11.0,13.0,9.0,5.0,
,4.0,14.0,9.0,8.0,12.0,11.0,8.0,9.0,11.0,13.0,9.0,5.0,
,4.0,14.0,9.0,8.0,12.0,11.0,8.0,9.0,11.0,13.0,9.0,5.0,
,4.0,14.0,9.0,8.0,12.0,11.0,8.0,9.0,11.0,13.0,9.0,5.0,
,4.0,14.0,9.0,8.0,12.0,11.0,8.0,9.0,11.0,13.0,9.0,5.0,
,4.0,14.0,9.0,8.0,12.0,11.0,8.0,9.0,11.0,13.0,9.0,5.0,
,10.0,2.0,6.0,5.0,5.0,0.0,4.0,4.0,6.0,7.0,0.0,0.0,49.0
,10.0,2.0,6.0,5.0,5.0,0.0,4.0,4.0,6.0,7.0,0.0,0.0,
,10.0,2.0,6.0,5.0,5.0,0.0,4.0,4.0,6.0,7.0,0.0,0.0,
,10.0,2.0,6.0,5.0,5.0,0.0,4.0,4.0,6.0,7.0,0.0,0.0,
,10.0,2.0,6.0,5.0,5.0,0.0,4.0,4.0,6.0,7.0,0.0,0.0,
,10.0,2.0,6.0,5.0,5.0,0.0,4.0,4.0,6.0,7.0,0.0,0.0,
,10.0,2.0,6.0,5.0,5.0,0.0,4.0,4.0,6.0,7.0,0.0,0.0,
,10.0,2.0,6.0,5.0,5.0,0.0,4.0,4.0,6.0,7.0,0.0,0.0,
,10.0,2.0,6.0,5.0,5.0,0.0,4.0,4.0,6.0,7.0,0.0,0.0,
,10.0,2.0,6.0,5.0,5.0,0.0,4.0,4.0,6.0,7.0,0.0,0.0,
,10.0,2.0,6.0,5.0,5.0,0.0,4.0,4.0,6.0,7.0,0.0,0.0,
,10.0,2.0,6.0,5.0,5.0,0.0,4.0,4.0,6.0,7.0,0.0,0.0,
,6.0,6.0,7.0,9.0,5.0,4.0,8.0,4.0,2.0,4.0,6.0,4.0,65.0
,6.0,6.0,7.0,9.0,5.0,4.0,8.0,4.0,2.0,4.0,6.0,4.0,
,6.0,6.0,7.0,9.0,5.0,4.0,8.0,4.0,2.0,4.0,6.0,4.0,
,6.0,6.0,7.0,9.0,5.0,4.0,8.0,4.0,2.0,4.0,6.0,4.0,
,6.0,6.0,7.0,9.0,5.0,4.0,8.0,4.0,2.0,4.0,6.0,4.0,
,6.0,6.0,7.0,9.0,5.0,4.0,8.0,4.0,2.0,4.0,6.0,4.0,
,6.0,6.0,7.0,9.0,5.0,4.0,8.0,4.0,2.0,4.0,6.0,4.0,
,6.0,6.0,7.0,9.0,5.0,4.0,8.0,4.0,2.0,4.0,6.0,4.0,
,6.0,6.0,7.0,9.0,5.0,4.0,8.0,4.0,2.0,4.0,6.0,4.0,
,6.0,6.0,7.0,9.0,5.0,4.0,8.0,4.0,2.0,4.0,6.0,4.0,
,6.0,6.0,7.0,9.0,5.0,4.0,8.0,4.0,2.0,4.0,6.0,4.0,
,6.0,6.0,7.0,9.0,5.0,4.0,8.0,4.0,2.0,4.0,6.0,4.0,
,6.0,4.0,13.0,11.0,3.0,5.0,4.0,7.0,4.0,6.0,3.0,2.0,68.0
,6.0,4.0,13.0,11.0,3.0,5.0,4.0,7.0,4.0,6.0,3.0,2.0,
,6.0,4.0,13.0,11.0,3.0,5.0,4.0,7.0,4.0,6.0,3.0,2.0,
,6.0,4.0,13.0,11.0,3.0,5.0,4.0,7.0,4.0,6.0,3.0,2.0,
,6.0,4.0,13.0,11.0,3.0,5.0,4.0,7.0,4.0,6.0,3.0,2.0,
,6.0,4.0,13.0,11.0,3.0,5.0,4.0,7.0,4.0,6.0,3.0,2.0,
,6.0,4.0,13.0,11.0,3.0,5.0,4.0,7.0,4.0,6.0,3.0,2.0,
,6.0,4.0,13.0,11.0,3.0,5.0,4.0,7.0,4.0,6.0,3.0,2.0,
,6.0,4.0,13.0,11.0,3.0,5.0,4.0,7.0,4.0,6.0,3.0,2.0,
,6.0,4.0,13.0,11.0,3.0,5.0,4.0,7.0,4.0,6.0,3.0,2.0,
,6.0,4.0,13.0,11.0,3.0,5.0,4.0,7.0,4.0,6.0,3.0,2.0,
,6.0,4.0,13.0,11.0,3.0,5.0,4.0,7.0,4.0,6.0,3.0,2.0,
,4.0,1.0,7.0,5.0,4.0,0.0,2.0,7.0,4.0,7.0,5.0,8.0,54.0
,4.0,1.0,7.0,5.0,4.0,0.0,2.0,7.0,4.0,7.0,5.0,8.0,
,4.0,1.0,7.0,5.0,4.0,0.0,2.0,7.0,4.0,7.0,5.0,8.0,
,4.0,1.0,7.0,5.0,4.0,0.0,2.0,7.0,4.0,7.0,5.0,8.0,
,4.0,1.0,7.0,5.0,4.0,0.0,2.0,7.0,4.0,7.0,5.0,8.0,
,4.0,1.0,7.0,5.0,4.0,0.0,2.0,7.0,4.0,7.0,5.0,8.0,
,4.0,1.0,7.0,5.0,4.0,0.0,2.0,7.0,4.0,7.0,5.0,8.0,
,4.0,1.0,7.0,5.0,4.0,0.0,2.0,7.0,4.0,7.0,5.0,8.0,
,4.0,1.0,7.0,5.0,4.0,0.0,2.0,7.0,4.0,7.0,5.0,8.0,
,4.0,1.0,7.0,5.0,4.0,0.0,2.0,7.0,4.0,7.0,5.0,8.0,
,4.0,1.0,7.0,5.0,4.0,0.0,2.0,7.0,4.0,7.0,5.0,8.0,
,4.0,1.0,7.0,5.0,4.0,0.0,2.0,7.0,4.0,7.0,5.0,8.0,
,14.0,12.0,20.0,23.0,18.0,21.0,19.0,15.0,4.0,12.0,17.0,15.0,190.0
,14.0,12.0,20.0,23.0,18.0,21.0,19.0,15.0,4.0,12.0,17.0,15.0,
,14.0,12.0,20.0,23.0,18.0,21.0,19.0,15.0,4.0,12.0,17.0,15.0,
,14.0,12.0,20.0,23.0,18.0,21.0,19.0,15.0,4.0,12.0,17.0,15.0,
,14.0,12.0,20.0,23.0,18.0,21.0,19.0,15.0,4.0,12.0,17.0,15.0,
,14.0,12.0,20.0,23.0,18.0,21.0,19.0,15.0,4.0,12.0,17.0,15.0,
,14.0,12.0,20.0,23.0,18.0,21.0,19.0,15.0,4.0,12.0,17.0,15.0,
,14.0,12.0,20.0,23.0,18.0,21.0,19.0,15.0,4.0,12.0,17.0,15.0,
,14.0,12.0,20.0,23.0,18.0,21.0,19.0,15.0,4.0,12.0,17.0,15.0,
,14.0,12.0,20.0,23.0,18.0,21.0,19.0,15.0,4.0,12.0,17.0,15.0,
,14.0,12.0,20.0,23.0,18.0,21.0,19.0,15.0,4.0,12.0,17.0,15.0,
,14.0,12.0,20.0,23.0,18.0,21.0,19.0,15.0,4.0,12.0,17.0,15.0,
,8.0,11.0,4.0,3.0,2.0,1.0,5.0,7.0,11.0,4.0,3.0,6.0,65.0
,8.0,11.0,4.0,3.0,2.0,1.0,5.0,7.0,11.0,4.0,3.0,6.0,
,8.0,11.0,4.0,3.0,2.0,1.0,5.0,7.0,11.0,4.0,3.0,6.0,
,8.0,11.0,4.0,3.0,2.0,1.0,5.0,7.0,11.0,4.0,3.0,6.0,
,8.0,11.0,4.0,3.0,2.0,1.0,5.0,7.0,11.0,4.0,3.0,6.0,
,8.0,11.0,4.0,3.0,2.0,1.0,5.0,7.0,11.0,4.0,3.0,6.0,
,8.0,11.0,4.0,3.0,2.0,1.0,5.0,7.0,11.0,4.0,3.0,6.0,
,8.0,11.0,4.0,3.0,2.0,1.0,5.0,7.0,11.0,4.0,3.0,6.0,
,8.0,11.0,4.0,3.0,2.0,1.0,5.0,7.0,11.0,4.0,3.0,6.0,
,8.0,11.0,4.0,3.0,2.0,1.0,5.0,7.0,11.0,4.0,3.0,6.0,
,8.0,11.0,4.0,3.0,2.0,1.0,5.0,7.0,11.0,4.0,3.0,6.0,
,8.0,11.0,4.0,3.0,2.0,1.0,5.0,7.0,11.0,4.0,3.0,6.0,
,4.0,4.0,5.0,4.0,5.0,16.0,10.0,8.0,8.0,6.0,6.0,6.0,82.0
,4.0,4.0,5.0,4.0,5.0,16.0,10.0,8.0,8.0,6.0,6.0,6.0,
,4.0,4.0,5.0,4.0,5.0,16.0,10.0,8.0,8.0,6.0,6.0,6.0,
,4.0,4.0,5.0,4.0,5.0,16.0,10.0,8.0,8.0,6.0,6.0,6.0,
,4.0,4.0,5.0,4.0,5.0,16.0,10.0,8.0,8.0,6.0,6.0,6.0,
,4.0,4.0,5.0,4.0,5.0,16.0,10.0,8.0,8.0,6.0,6.0,6.0,
,4.0,4.0,5.0,4.0,5.0,16.0,10.0,8.0,8.0,6.0,6.0,6.0,
,4.0,4.0,5.0,4.0,5.0,16.0,10.0,8.0,8.0,6.0,6.0,6.0,
,4.0,4.0,5.0,4.0,5.0,16.0,10.0,8.0,8.0,6.0,6.0,6.0,
,4.0,4.0,5.0,4.0,5.0,16.0,10.0,8.0,8.0,6.0,6.0,6.0,
,4.0,4.0,5.0,4.0,5.0,16.0,10.0,8.0,8.0,6.0,6.0,6.0,
,4.0,4.0,5.0,4.0,5.0,16.0,10.0,8.0,8.0,6.0,6.0,6.0,
,7.0,11.0,4.0,6.0,9.0,6.0,10.0,8.0,8.0,7.0,14.0,7.0,97.0
,7.0,11.0,4.0,6.0,9.0,6.0,10.0,8.0,8.0,7.0,14.0,7.0,
,7.0,11.0,4.0,6.0,9.0,6.0,10.0,8.0,8.0,7.0,14.0,7.0,
,7.0,11.0,4.0,6.0,9.0,6.0,10.0,8.0,8.0,7.0,14.0,7.0,
,7.0,11.0,4.0,6.0,9.0,6.0,10.0,8.0,8.0,7.0,14.0,7.0,
,7.0,11.0,4.0,6.0,9.0,6.0,10.0,8.0,8.0,7.0,14.0,7.0,
,7.0,11.0,4.0,6.0,9.0,6.0,10.0,8.0,8.0,7.0,14.0,7.0,
,7.0,11.0,4.0,6.0,9.0,6.0,10.0,8.0,8.0,7.0,14.0,7.0,
,7.0,11.0,4.0,6.0,9.0,6.0,10.0,8.0,8.0,7.0,14.0,7.0,
,7.0,11.0,4.0,6.0,9.0,6.0,10.0,8.0,8.0,7.0,14.0,7.0,
,7.0,11.0,4.0,6.0,9.0,6.0,10.0,8.0,8.0,7.0,14.0,7.0,
,7.0,11.0,4.0,6.0,9.0,6.0,10.0,8.0,8.0,7.0,14.0,7.0,
,1.0,1.0,5.0,5.0,12.0,12.0,13.0,6.0,10.0,7.0,4.0,15.0,91.0
,1.0,1.0,5.0,5.0,12.0,12.0,13.0,6.0,10.0,7.0,4.0,15.0,
,1.0,1.0,5.0,5.0,12.0,12.0,13.0,6.0,10.0,7.0,4.0,15.0,
,1.0,1.0,5.0,5.0,12.0,12.0,13.0,6.0,10.0,7.0,4.0,15.0,
,1.0,1.0,5.0,5.0,12.0,12.0,13.0,6.0,10.0,7.0,4.0,15.0,
,1.0,1.0,5.0,5.0,12.0,12.0,13.0,6.0,10.0,7.0,4.0,15.0,
,1.0,1.0,5.0,5.0,12.0,12.0,13.0,6.0,10.0,7.0,4.0,15.0,
,1.0,1.0,5.0,5.0,12.0,12.0,13.0,6.0,10.0,7.0,4.0,15.0,
,1.0,1.0,5.0,5.0,12.0,12.0,13.0,6.0,10.0,7.0,4.0,15.0,
,1.0,1.0,5.0,5.0,12.0,12.0,13.0,6.0,10.0,7.0,4.0,15.0,
,1.0,1.0,5.0,5.0,12.0,12.0,13.0,6.0,10.0,7.0,4.0,15.0,
,1.0,1.0,5.0,5.0,12.0,12.0,13.0,6.0,10.0,7.0,4.0,15.0,
,7.0,4.0,6.0,6.0,5.0,13.0,10.0,18.0,7.0,7.0,18.0,10.0,111.0
,7.0,4.0,6.0,6.0,5.0,13.0,10.0,18.0,7.0,7.0,18.0,10.0,
,7.0,4.0,6.0,6.0,5.0,13.0,10.0,18.0,7.0,7.0,18.0,10.0,
,7.0,4.0,6.0,6.0,5.0,13.0,10.0,18.0,7.0,7.0,18.0,10.0,
,7.0,4.0,6.0,6.0,5.0,13.0,10.0,18.0,7.0,7.0,18.0,10.0,
,7.0,4.0,6.0,6.0,5.0,13.0,10.0,18.0,7.0,7.0,18.0,10.0,
,7.0,4.0,6.0,6.0,5.0,13.0,10.0,18.0,7.0,7.0,18.0,10.0,
,7.0,4.0,6.0,6.0,5.0,13.0,10.0,18.0,7.0,7.0,18.0,10.0,
,7.0,4.0,6.0,6.0,5.0,13.0,10.0,18.0,7.0,7.0,18.0,10.0,
,7.0,4.0,6.0,6.0,5.0,13.0,10.0,18.0,7.0,7.0,18.0,10.0,
,7.0,4.0,6.0,6.0,5.0,13.0,10.0,18.0,7.0,7.0,18.0,10.0,
,7.0,4.0,6.0,6.0,5.0,13.0,10.0,18.0,7.0,7.0,18.0,10.0,
,9.0,4.0,1.0,5.0,6.0,3.0,2.0,3.0,2.0,5.0,0.0,3.0,43.0
,9.0,4.0,1.0,5.0,6.0,3.0,2.0,3.0,2.0,5.0,0.0,3.0,
,9.0,4.0,1.0,5.0,6.0,3.0,2.0,3.0,2.0,5.0,0.0,3.0,
,9.0,4.0,1.0,5.0,6.0,3.0,2.0,3.0,2.0,5.0,0.0,3.0,
,9.0,4.0,1.0,5.0,6.0,3.0,2.0,3.0,2.0,5.0,0.0,3.0,
,9.0,4.0,1.0,5.0,6.0,3.0,2.0,3.0,2.0,5.0,0.0,3.0,
,9.0,4.0,1.0,5.0,6.0,3.0,2.0,3.0,2.0,5.0,0.0,3.0,
,9.0,4.0,1.0,5.0,6.0,3.0,2.0,3.0,2.0,5.0,0.0,3.0,
,9.0,4.0,1.0,5.0,6.0,3.0,2.0,3.0,2.0,5.0,0.0,3.0,
,9.0,4.0,1.0,5.0,6.0,3.0,2.0,3.0,2.0,5.0,0.0,3.0,
,9.0,4.0,1.0,5.0,6.0,3.0,2.0,3.0,2.0,5.0,0.0,3.0,
,9.0,4.0,1.0,5.0,6.0,3.0,2.0,3.0,2.0,5.0,0.0,3.0,
,13.0,13.0,12.0,11.0,7.0,7.0,2.0,4.0,1.0,1.0,5.0,0.0,76.0
,13.0,13.0,12.0,11.0,7.0,7.0,2.0,4.0,1.0,1.0,5.0,0.0,
,13.0,13.0,12.0,11.0,7.0,7.0,2.0,4.0,1.0,1.0,5.0,0.0,
,13.0,13.0,12.0,11.0,7.0,7.0,2.0,4.0,1.0,1.0,5.0,0.0,
,13.0,13.0,12.0,11.0,7.0,7.0,2.0,4.0,1.0,1.0,5.0,0.0,
,13.0,13.0,12.0,11.0,7.0,7.0,2.0,4.0,1.0,1.0,5.0,0.0,
,13.0,13.0,12.0,11.0,7.0,7.0,2.0,4.0,1.0,1.0,5.0,0.0,
,13.0,13.0,12.0,11.0,7.0,7.0,2.0,4.0,1.0,1.0,5.0,0.0,
,13.0,13.0,12.0,11.0,7.0,7.0,2.0,4.0,1.0,1.0,5.0,0.0,
,13.0,13.0,12.0,11.0,7.0,7.0,2.0,4.0,1.0,1.0,5.0,0.0,
,13.0,13.0,12.0,11.0,7.0,7.0,2.0,4.0,1.0,1.0,5.0,0.0,
,13.0,13.0,12.0,11.0,7.0,7.0,2.0,4.0,1.0,1.0,5.0,0.0,
,10.0,6.0,2.0,1.0,3.0,2.0,2.0,4.0,3.0,3.0,3.0,9.0,48.0
,10.0,6.0,2.0,1.0,3.0,2.0,2.0,4.0,3.0,3.0,3.0,9.0,
,10.0,6.0,2.0,1.0,3.0,2.0,2.0,4.0,3.0,3.0,3.0,9.0,
,10.0,6.0,2.0,1.0,3.0,2.0,2.0,4.0,3.0,3.0,3.0,9.0,
,10.0,6.0,2.0,1.0,3.0,2.0,2.0,4.0,3.0,3.0,3.0,9.0,
,10.0,6.0,2.0,1.0,3.0,2.0,2.0,4.0,3.0,3.0,3.0,9.0,
,10.0,6.0,2.0,1.0,3.0,2.0,2.0,4.0,3.0,3.0,3.0,9.0,
,10.0,6.0,2.0,1.0,3.0,2.0,2.0,4.0,3.0,3.0,3.0,9.0,
,10.0,6.0,2.0,1.0,3.0,2.0,2.0,4.0,3.0,3.0,3.0,9.0,
,10.0,6.0,2.0,1.0,3.0,2.0,2.0,4.0,3.0,3.0,3.0,9.0,
,10.0,6.0,2.0,1.0,3.0,2.0,2.0,4.0,3.0,3.0,3.0,9.0,
,10.0,6.0,2.0,1.0,3.0,2.0,2.0,4.0,3.0,3.0,3.0,9.0,
,7.0,5.0,1.0,3.0,1.0,2.0,5.0,2.0,1.0,4.0,2.0,4.0,37.0
,7.0,5.0,1.0,3.0,1.0,2.0,5.0,2.0,1.0,4.0,2.0,4.0,
,7.0,5.0,1.0,3.0,1.0,2.0,5.0,2.0,1.0,4.0,2.0,4.0,
,7.0,5.0,1.0,3.0,1.0,2.0,5.0,2.0,1.0,4.0,2.0,4.0,
,7.0,5.0,1.0,3.0,1.0,2.0,5.0,2.0,1.0,4.0,2.0,4.0,
,7.0,5.0,1.0,3.0,1.0,2.0,5.0,2.0,1.0,4.0,2.0,4.0,
,7.0,5.0,1.0,3.0,1.0,2.0,5.0,2.0,1.0,4.0,2.0,4.0,
,7.0,5.0,1.0,3.0,1.0,2.0,5.0,2.0,1.0,4.0,2.0,4.0,
,7.0,5.0,1.0,3.0,1.0,2.0,5.0,2.0,1.0,4.0,2.0,4.0,
,7.0,5.0,1.0,3.0,1.0,2.0,5.0,2.0,1.0,4.0,2.0,4.0,
,7.0,5.0,1.0,3.0,1.0,2.0,5.0,2.0,1.0,4.0,2.0,4.0,
,7.0,5.0,1.0,3.0,1.0,2.0,5.0,2.0,1.0,4.0,2.0,4.0,
,2.0,0.0,0.0,0.0,2.0,0.0,0.0,2.0,1.0,0.0,3.0,2.0,12.0
,2.0,0.0,0.0,0.0,2.0,0.0,0.0,2.0,1.0,0.0,3.0,2.0,
,2.0,0.0,0.0,0.0,2.0,0.0,0.0,2.0,1.0,0.0,3.0,2.0,
,2.0,0.0,0.0,0.0,2.0,0.0,0.0,2.0,1.0,0.0,3.0,2.0,
,2.0,0.0,0.0,0.0,2.0,0.0,0.0,2.0,1.0,0.0,3.0,2.0,
,2.0,0.0,0.0,0.0,2.0,0.0,0.0,2.0,1.0,0.0,3.0,2.0,
,2.0,0.0,0.0,0.0,2.0,0.0,0.0,2.0,1.0,0.0,3.0,2.0,
,2.0,0.0,0.0,0.0,2.0,0.0,0.0,2.0,1.0,0.0,3.0,2.0,
,2.0,0.0,0.0,0.0,2.0,0.0,0.0,2.0,1.0,0.0,3.0,2.0,
,2.0,0.0,0.0,0.0,2.0,0.0,0.0,2.0,1.0,0.0,3.0,2.0,
,2.0,0.0,0.0,0.0,2.0,0.0,0.0,2.0,1.0,0.0,3.0,2.0,
,2.0,0.0,0.0,0.0,2.0,0.0,0.0,2.0,1.0,0.0,3.0,2.0,
,3.0,2.0,3.0,1.0,4.0,0.0,0.0,4.0,1.0,3.0,0.0,1.0,22.0
,3.0,2.0,3.0,1.0,4.0,0.0,0.0,4.0,1.0,3.0,0.0,1.0,
,3.0,2.0,3.0,1.0,4.0,0.0,0.0,4.0,1.0,3.0,0.0,1.0,
,3.0,2.0,3.0,1.0,4.0,0.0,0.0,4.0,1.0,3.0,0.0,1.0,
,3.0,2.0,3.0,1.0,4.0,0.0,0.0,4.0,1.0,3.0,0.0,1.0,
,3.0,2.0,3.0,1.0,4.0,0.0,0.0,4.0,1.0,3.0,0.0,1.0,
,3.0,2.0,3.0,1.0,4.0,0.0,0.0,4.0,1.0,3.0,0.0,1.0,
,3.0,2.0,3.0,1.0,4.0,0.0,0.0,4.0,1.0,3.0,0.0,1.0,
,3.0,2.0,3.0,1.0,4.0,0.0,0.0,4.0,1.0,3.0,0.0,1.0,
,3.0,2.0,3.0,1.0,4.0,0.0,0.0,4.0,1.0,3.0,0.0,1.0,
,3.0,2.0,3.0,1.0,4.0,0.0,0.0,4.0,1.0,3.0,0.0,1.0,
,3.0,2.0,3.0,1.0,4.0,0.0,0.0,4.0,1.0,3.0,0.0,1.0,
,0.0,1.0,8.0,12.0,7.0,2.0,2.0,0.0,0.0,1.0,0.0,0.0,33.0
,0.0,1.0,8.0,12.0,7.0,2.0,2.0,0.0,0.0,1.0,0.0,0.0,
,0.0,1.0,8.0,12.0,7.0,2.0,2.0,0.0,0.0,1.0,0.0,0.0,
,0.0,1.0,8.0,12.0,7.0,2.0,2.0,0.0,0.0,1.0,0.0,0.0,
,0.0,1.0,8.0,12.0,7.0,2.0,2.0,0.0,0.0,1.0,0.0,0.0,
,0.0,1.0,8.0,12.0,7.0,2.0,2.0,0.0,0.0,1.0,0.0,0.0,
,0.0,1.0,8.0,12.0,7.0,2.0,2.0,0.0,0.0,1.0,0.0,0.0,
,0.0,1.0,8.0,12.0,7.0,2.0,2.0,0.0,0.0,1.0,0.0,0.0,
,0.0,1.0,8.0,12.0,7.0,2.0,2.0,0.0,0.0,1.0,0.0,0.0,
,0.0,1.0,8.0,12.0,7.0,2.0,2.0,0.0,0.0,1.0,0.0,0.0,
,0.0,1.0,8.0,12.0,7.0,2.0,2.0,0.0,0.0,1.0,0.0,0.0,
,0.0,1.0,8.0,12.0,7.0,2.0,2.0,0.0,0.0,1.0,0.0,0.0,
,0.0,1.0,1.0,0.0,2.0,1.0,0.0,1.0,0.0,0.0,0.0,0.0,6.0
,0.0,1.0,1.0,0.0,2.0,1.0,0.0,1.0,0.0,0.0,0.0,0.0,
,0.0,1.0,1.0,0.0,2.0,1.0,0.0,1.0,0.0,0.0,0.0,0.0,
,0.0,1.0,1.0,0.0,2.0,1.0,0.0,1.0,0.0,0.0,0.0,0.0,
,0.0,1.0,1.0,0.0,2.0,1.0,0.0,1.0,0.0,0.0,0.0,0.0,
,0.0,1.0,1.0,0.0,2.0,1.0,0.0,1.0,0.0,0.0,0.0,0.0,
,0.0,1.0,1.0,0.0,2.0,1.0,0.0,1.0,0.0,0.0,0.0,0.0,
,0.0,1.0,1.0,0.0,2.0,1.0,0.0,1.0,0.0,0.0,0.0,0.0,
,0.0,1.0,1.0,0.0,2.0,1.0,0.0,1.0,0.0,0.0,0.0,0.0,
,0.0,1.0,1.0,0.0,2.0,1.0,0.0,1.0,0.0,0.0,0.0,0.0,
,0.0,1.0,1.0,0.0,2.0,1.0,0.0,1.0,0.0,0.0,0.0,0.0,
,0.0,1.0,1.0,0.0,2.0,1.0,0.0,1.0,0.0,0.0,0.0,0.0,
,0.0,0.0,0.0,1.0,1.0,2.0,2.0,0.0,0.0,2.0,4.0,2.0,14.0
,0.0,0.0,0.0,1.0,1.0,2.0,2.0,0.0,0.0,2.0,4.0,2.0,
,0.0,0.0,0.0,1.0,1.0,2.0,2.0,0.0,0.0,2.0,4.0,2.0,
,0.0,0.0,0.0,1.0,1.0,2.0,2.0,0.0,0.0,2.0,4.0,2.0,
,0.0,0.0,0.0,1.0,1.0,2.0,2.0,0.0,0.0,2.0,4.0,2.0,
,0.0,0.0,0.0,1.0,1.0,2.0,2.0,0.0,0.0,2.0,4.0,2.0,
,0.0,0.0,0.0,1.0,1.0,2.0,2.0,0.0,0.0,2.0,4.0,2.0,
,0.0,0.0,0.0,1.0,1.0,2.0,2.0,0.0,0.0,2.0,4.0,2.0,
,0.0,0.0,0.0,1.0,1.0,2.0,2.0,0.0,0.0,2.0,4.0,2.0,
,0.0,0.0,0.0,1.0,1.0,2.0,2.0,0.0,0.0,2.0,4.0,2.0,
,0.0,0.0,0.0,1.0,1.0,2.0,2.0,0.0,0.0,2.0,4.0,2.0,
,0.0,0.0,0.0,1.0,1.0,2.0,2.0,0.0,0.0,2.0,4.0,2.0,
,4.0,3.0,7.0,0.0,2.0,0.0,3.0,0.0,2.0,1.0,0.0,0.0,22.0
,4.0,3.0,7.0,0.0,2.0,0.0,3.0,0.0,2.0,1.0,0.0,0.0,
,4.0,3.0,7.0,0.0,2.0,0.0,3.0,0.0,2.0,1.0,0.0,0.0,
,4.0,3.0,7.0,0.0,2.0,0.0,3.0,0.0,2.0,1.0,0.0,0.0,
,4.0,3.0,7.0,0.0,2.0,0.0,3.0,0.0,2.0,1.0,0.0,0.0,
,4.0,3.0,7.0,0.0,2.0,0.0,3.0,0.0,2.0,1.0,0.0,0.0,
,4.0,3.0,7.0,0.0,2.0,0.0,3.0,0.0,2.0,1.0,0.0,0.0,
,4.0,3.0,7.0,0.0,2.0,0.0,3.0,0.0,2.0,1.0,0.0,0.0,
,4.0,3.0,7.0,0.0,2.0,0.0,3.0,0.0,2.0,1.0,0.0,0.0,
,4.0,3.0,7.0,0.0,2.0,0.0,3.0,0.0,2.0,1.0,0.0,0.0,
,4.0,3.0,7.0,0.0,2.0,0.0,3.0,0.0,2.0,1.0,0.0,0.0,
,4.0,3.0,7.0,0.0,2.0,0.0,3.0,0.0,2.0,1.0,0.0,0.0,
,0.0,1.0,1.0,3.0,0.0,0.0,1.0,1.0,1.0,3.0,0.0,1.0,12.0
,0.0,1.0,1.0,3.0,0.0,0.0,1.0,1.0,1.0,3.0,0.0,1.0,
,0.0,1.0,1.0,3.0,0.0,0.0,1.0,1.0,1.0,3.0,0.0,1.0,
,0.0,1.0,1.0,3.0,0.0,0.0,1.0,1.0,1.0,3.0,0.0,1.0,
,0.0,1.0,1.0,3.0,0.0,0.0,1.0,1.0,1.0,3.0,0.0,1.0,
,0.0,1.0,1.0,3.0,0.0,0.0,1.0,1.0,1.0,3.0,0.0,1.0,
,0.0,1.0,1.0,3.0,0.0,0.0,1.0,1.0,1.0,3.0,0.0,1.0,
,0.0,1.0,1.0,3.0,0.0,0.0,1.0,1.0,1.0,3.0,0.0,1.0,
,0.0,1.0,1.0,3.0,0.0,0.0,1.0,1.0,1.0,3.0,0.0,1.0,
,0.0,1.0,1.0,3.0,0.0,0.0,1.0,1.0,1.0,3.0,0.0,1.0,
,0.0,1.0,1.0,3.0,0.0,0.0,1.0,1.0,1.0,3.0,0.0,1.0,
,0.0,1.0,1.0,3.0,0.0,0.0,1.0,1.0,1.0,3.0,0.0,1.0,
,2.0,1.0,1.0,0.0,5.0,4.0,4.0,0.0,4.0,2.0,2.0,6.0,31.0
,2.0,1.0,1.0,0.0,5.0,4.0,4.0,0.0,4.0,2.0,2.0,6.0,
,2.0,1.0,1.0,0.0,5.0,4.0,4.0,0.0,4.0,2.0,2.0,6.0,
,2.0,1.0,1.0,0.0,5.0,4.0,4.0,0.0,4.0,2.0,2.0,6.0,
,2.0,1.0,1.0,0.0,5.0,4.0,4.0,0.0,4.0,2.0,2.0,6.0,
,2.0,1.0,1.0,0.0,5.0,4.0,4.0,0.0,4.0,2.0,2.0,6.0,
,2.0,1.0,1.0,0.0,5.0,4.0,4.0,0.0,4.0,2.0,2.0,6.0,
,2.0,1.0,1.0,0.0,5.0,4.0,4.0,0.0,4.0,2.0,2.0,6.0,
,2.0,1.0,1.0,0.0,5.0,4.0,4.0,0.0,4.0,2.0,2.0,6.0,
,2.0,1.0,1.0,0.0,5.0,4.0,4.0,0.0,4.0,2.0,2.0,6.0,
,2.0,1.0,1.0,0.0,5.0,4.0,4.0,0.0,4.0,2.0,2.0,6.0,
,2.0,1.0,1.0,0.0,5.0,4.0,4.0,0.0,4.0,2.0,2.0,6.0,
,5.0,3.0,12.0,2.0,9.0,2.0,1.0,4.0,6.0,8.0,13.0,2.0,67.0
,5.0,3.0,12.0,2.0,9.0,2.0,1.0,4.0,6.0,8.0,13.0,2.0,
,5.0,3.0,12.0,2.0,9.0,2.0,1.0,4.0,6.0,8.0,13.0,2.0,
,5.0,3.0,12.0,2.0,9.0,2.0,1.0,4.0,6.0,8.0,13.0,2.0,
,5.0,3.0,12.0,2.0,9.0,2.0,1.0,4.0,6.0,8.0,13.0,2.0,
,5.0,3.0,12.0,2.0,9.0,2.0,1.0,4.0,6.0,8.0,13.0,2.0,
,5.0,3.0,12.0,2.0,9.0,2.0,1.0,4.0,6.0,8.0,13.0,2.0,
,5.0,3.0,12.0,2.0,9.0,2.0,1.0,4.0,6.0,8.0,13.0,2.0,
,5.0,3.0,12.0,2.0,9.0,2.0,1.0,4.0,6.0,8.0,13.0,2.0,
,5.0,3.0,12.0,2.0,9.0,2.0,1.0,4.0,6.0,8.0,13.0,2.0,
,5.0,3.0,12.0,2.0,9.0,2.0,1.0,4.0,6.0,8.0,13.0,2.0,
,5.0,3.0,12.0,2.0,9.0,2.0,1.0,4.0,6.0,8.0,13.0,2.0,
,3.0,3.0,1.0,1.0,3.0,2.0,2.0,3.0,0.0,2.0,1.0,0.0,21.0
,3.0,3.0,1.0,1.0,3.0,2.0,2.0,3.0,0.0,2.0,1.0,0.0,
,3.0,3.0,1.0,1.0,3.0,2.0,2.0,3.0,0.0,2.0,1.0,0.0,
,3.0,3.0,1.0,1.0,3.0,2.0,2.0,3.0,0.0,2.0,1.0,0.0,
,3.0,3.0,1.0,1.0,3.0,2.0,2.0,3.0,0.0,2.0,1.0,0.0,
,3.0,3.0,1.0,1.0,3.0,2.0,2.0,3.0,0.0,2.0,1.0,0.0,
,3.0,3.0,1.0,1.0,3.0,2.0,2.0,3.0,0.0,2.0,1.0,0.0,
,3.0,3.0,1.0,1.0,3.0,2.0,2.0,3.0,0.0,2.0,1.0,0.0,
,3.0,3.0,1.0,1.0,3.0,2.0,2.0,3.0,0.0,2.0,1.0,0.0,
,3.0,3.0,1.0,1.0,3.0,2.0,2.0,3.0,0.0,2.0,1.0,0.0,
,3.0,3.0,1.0,1.0,3.0,2.0,2.0,3.0,0.0,2.0,1.0,0.0,
,3.0,3.0,1.0,1.0,3.0,2.0,2.0,3.0,0.0,2.0,1.0,0.0,
,1.0,0.0,0.0,1.0,0.0,0.0,0.0,0.0,0.0,1.0,4.0,0.0,7.0
,1.0,0.0,0.0,1.0,0.0,0.0,0.0,0.0,0.0,1.0,4.0,0.0,
,1.0,0.0,0.0,1.0,0.0,0.0,0.0,0.0,0.0,1.0,4.0,0.0,
,1.0,0.0,0.0,1.0,0.0,0.0,0.0,0.0,0.0,1.0,4.0,0.0,
,1.0,0.0,0.0,1.0,0.0,0.0,0.0,0.0,0.0,1.0,4.0,0.0,
,1.0,0.0,0.0,1.0,0.0,0.0,0.0,0.0,0.0,1.0,4.0,0.0,
,1.0,0.0,0.0,1.0,0.0,0.0,0.0,0.0,0.0,1.0,4.0,0.0,
,1.0,0.0,0.0,1.0,0.0,0.0,0.0,0.0,0.0,1.0,4.0,0.0,
,1.0,0.0,0.0,1.0,0.0,0.0,0.0,0.0,0.0,1.0,4.0,0.0,
,1.0,0.0,0.0,1.0,0.0,0.0,0.0,0.0,0.0,1.0,4.0,0.0,
,1.0,0.0,0.0,1.0,0.0,0.0,0.0,0.0,0.0,1.0,4.0,0.0,
,1.0,0.0,0.0,1.0,0.0,0.0,0.0,0.0,0.0,1.0,4.0,0.0,
,0.0,0.0,0.0,1.0,0.0,0.0,0.0,0.0,0.0,0.0,0.0,0.0,1.0
,0.0,0.0,0.0,1.0,0.0,0.0,0.0,0.0,0.0,0.0,0.0,0.0,
,0.0,0.0,0.0,1.0,0.0,0.0,0.0,0.0,0.0,0.0,0.0,0.0,
,0.0,0.0,0.0,1.0,0.0,0.0,0.0,0.0,0.0,0.0,0.0,0.0,
,0.0,0.0,0.0,1.0,0.0,0.0,0.0,0.0,0.0,0.0,0.0,0.0,
,0.0,0.0,0.0,1.0,0.0,0.0,0.0,0.0,0.0,0.0,0.0,0.0,
,0.0,0.0,0.0,1.0,0.0,0.0,0.0,0.0,0.0,0.0,0.0,0.0,
,0.0,0.0,0.0,1.0,0.0,0.0,0.0,0.0,0.0,0.0,0.0,0.0,
,0.0,0.0,0.0,1.0,0.0,0.0,0.0,0.0,0.0,0.0,0.0,0.0,
,0.0,0.0,0.0,1.0,0.0,0.0,0.0,0.0,0.0,0.0,0.0,0.0,
,0.0,0.0,0.0,1.0,0.0,0.0,0.0,0.0,0.0,0.0,0.0,0.0,
,0.0,0.0,0.0,1.0,0.0,0.0,0.0,0.0,0.0,0.0,0.0,0.0,
