year,jan,feb,mar,apr,may,jun,jul,aug,sep,oct,nov,dec,annual
,-495.0,-495.0,-495.0,-495.0,-495.0,-495.0,-495.0,-495.0,-495.0,-495.0,-495.0,-495.0,-495.0
,-495.0,-495.0,-495.0,-495.0,-495.0,-495.0,-495.0,-495.0,-495.0,-495.0,-495.0,-495.0,
,-495.0,-495.0,-495.0,-495.0,-495.0,-495.0,-495.0,-495.0,-495.0,-495.0,-495.0,-495.0,
,-495.0,-495.0,-495.0,-495.0,-495.0,-495.0,-495.0,-495.0,-495.0,-495.0,-495.0,-495.0,
,-495.0,-495.0,-495.0,-495.0,-495.0,-495.0,-495.0,-495.0,-495.0,-495.0,-495.0,-495.0,
,-495.0,-495.0,-495.0,-495.0,-495.0,-495.0,-495.0,-495.0,-495.0,-495.0,-495.0,-495.0,
,-495.0,-495.0,-495.0,-495.0,-495.0,-495.0,-495.0,-495.0,-495.0,-495.0,-495.0,-495.0,
,-495.0,-495.0,-495.0,-495.0,-495.0,-495.0,-495.0,-495.0,-495.0,-495.0,-495.0,-495.0,
,-495.0,-495.0,-495.0,-495.0,-495.0,-495.0,-495.0,-495.0,-495.0,-495.0,-495.0,-495.0,
,-495.0,-495.0,-495.0,-495.0,-495.0,-495.0,-495.0,-495.0,-495.0,-495.0,-495.0,-495.0,
,-495.0,-495.0,-495.0,-495.0,-495.0,-495.0,-495.0,-495.0,-495.0,-495.0,-495.0,-495.0,
,-495.0,-495.0,-495.0,-495.0,-495.0,-495.0,-495.0,-495.0,-495.0,-495.0,-495.0,-495.0,
,-495.0,-495.0,-495.0,-495.0,-495.0,-495.0,-495.0,-495.0,-495.0,-495.0,-495.0,-495.0,-495.0
,-495.0,-495.0,-495.0,-495.0,-495.0,-495.0,-495.0,-495.0,-495.0,-495.0,-495.0,-495.0,
,-495.0,-495.0,-495.0,-495.0,-495.0,-495.0,-495.0,-495.0,-495.0,-495.0,-495.0,-495.0,
,-495.0,-495.0,-495.0,-495.0,-495.0,-495.0,-495.0,-495.0,-495.0,-495.0,-495.0,-495.0,
,-495.0,-495.0,-495.0,-495.0,-495.0,-495.0,-495.0,-495.0,-495.0,-495.0,-495.0,-495.0,
,-495.0,-495.0,-495.0,-495.0,-495.0,-495.0,-495.0,-495.0,-495.0,-495.0,-495.0,-495.0,
,-495.0,-495.0,-495.0,-495.0,-495.0,-495.0,-495.0,-495.0,-495.0,-495.0,-495.0,-495.0,
,-495.0,-495.0,-495.0,-495.0,-495.0,-495.0,-495.0,-495.0,-495.0,-495.0,-495.0,-495.0,
,-495.0,-495.0,-495.0,-495.0,-495.0,-495.0,-495.0,-495.0,-495.0,-495.0,-495.0,-495.0,
,-495.0,-495.0,-495.0,-495.0,-495.0,-495.0,-495.0,-495.0,-495.0,-495.0,-495.0,-495.0,
,-495.0,-495.0,-495.0,-495.0,-495.0,-495.0,-495.0,-495.0,-495.0,-495.0,-495.0,-495.0,
,-495.0,-495.0,-495.0,-495.0,-495.0,-495.0,-495.0,-495.0,-495.0,-495.0,-495.0,-495.0,
,-495.0,-495.0,-495.0,-495.0,-495.0,-495.0,-495.0,-495.0,-495.0,-495.0,-495.0,-495.0,-495.0
,-495.0,-495.0,-495.0,-495.0,-495.0,-495.0,-495.0,-495.0,-495.0,-495.0,-495.0,-495.0,
,-495.0,-495.0,-495.0,-495.0,-495.0,-495.0,-495.0,-495.0,-495.0,-495.0,-495.0,-495.0,
,-495.0,-495.0,-495.0,-495.0,-495.0,-495.0,-495.0,-495.0,-495.0,-495.0,-495.0,-495.0,
,-495.0,-495.0,-495.0,-495.0,-495.0,-495.0,-495.0,-495.0,-495.0,-495.0,-495.0,-495.0,
,-495.0,-495.0,-495.0,-495.0,-495.0,-495.0,-495.0,-495.0,-495.0,-495.0,-495.0,-495.0,
,-495.0,-495.0,-495.0,-495.0,-495.0,-495.0,-495.0,-495.0,-495.0,-495.0,-495.0,-495.0,
,-495.0,-495.0,-495.0,-495.0,-495.0,-495.0,-495.0,-495.0,-495.0,-495.0,-495.0,-495.0,
,-495.0,-495.0,-495.0,-495.0,-495.0,-495.0,-495.0,-495.0,-495.0,-495.0,-495.0,-495.0,
,-495.0,-495.0,-495.0,-495.0,-495.0,-495.0,-495.0,-495.0,-495.0,-495.0,-495.0,-495.0,
,-495.0,-495.0,-495.0,-495.0,-495.0,-495.0,-495.0,-495.0,-495.0,-495.0,-495.0,-495.0,
,-495.0,-495.0,-495.0,-495.0,-495.0,-495.0,-495.0,-495.0,-495.0,-495.0,-495.0,-495.0,
,-495.0,-495.0,-495.0,-495.0,-495.0,-495.0,-495.0,-495.0,-495.0,-495.0,-495.0,-495.0,-495.0
,-495.0,-495.0,-495.0,-495.0,-495.0,-495.0,-495.0,-495.0,-495.0,-495.0,-495.0,-495.0,
,-495.0,-495.0,-495.0,-495.0,-495.0,-495.0,-495.0,-495.0,-495.0,-495.0,-495.0,-495.0,
,-495.0,-495.0,-495.0,-495.0,-495.0,-495.0,-495.0,-495.0,-495.0,-495.0,-495.0,-495.0,
,-495.0,-495.0,-495.0,-495.0,-495.0,-495.0,-495.0,-495.0,-495.0,-495.0,-495.0,-495.0,
,-495.0,-495.0,-495.0,-495.0,-495.0,-495.0,-495.0,-495.0,-495.0,-495.0,-495.0,-495.0,
,-495.0,-495.0,-495.0,-495.0,-495.0,-495.0,-495.0,-495.0,-495.0,-495.0,-495.0,-495.0,
,-495.0,-495.0,-495.0,-495.0,-495.0,-495.0,-495.0,-495.0,-495.0,-495.0,-495.0,-495.0,
,-495.0,-495.0,-495.0,-495.0,-495.0,-495.0,-495.0,-495.0,-495.0,-495.0,-495.0,-495.0,
,-495.0,-495.0,-495.0,-495.0,-495.0,-495.0,-495.0,-495.0,-495.0,-495.0,-495.0,-495.0,
,-495.0,-495.0,-495.0,-495.0,-495.0,-495.0,-495.0,-495.0,-495.0,-495.0,-495.0,-495.0,
,-495.0,-495.0,-495.0,-495.0,-495.0,-495.0,-495.0,-495.0,-495.0,-495.0,-495.0,-495.0,
,-495.0,-495.0,-495.0,-495.0,-495.0,-495.0,-495.0,-495.0,-495.0,-495.0,-495.0,-495.0,-495.0
,-495.0,-495.0,-495.0,-495.0,-495.0,-495.0,-495.0,-495.0,-495.0,-495.0,-495.0,-495.0,
,-495.0,-495.0,-495.0,-495.0,-495.0,-495.0,-495.0,-495.0,-495.0,-495.0,-495.0,-495.0,
,-495.0,-495.0,-495.0,-495.0,-495.0,-495.0,-495.0,-495.0,-495.0,-495.0,-495.0,-495.0,
,-495.0,-495.0,-495.0,-495.0,-495.0,-495.0,-495.0,-495.0,-495.0,-495.0,-495.0,-495.0,
,-495.0,-495.0,-495.0,-495.0,-495.0,-495.0,-495.0,-495.0,-495.0,-495.0,-495.0,-495.0,
,-495.0,-495.0,-495.0,-495.0,-495.0,-495.0,-495.0,-495.0,-495.0,-495.0,-495.0,-495.0,
,-495.0,-495.0,-495.0,-495.0,-495.0,-495.0,-495.0,-495.0,-495.0,-495.0,-495.0,-495.0,
,-495.0,-495.0,-495.0,-495.0,-495.0,-495.0,-495.0,-495.0,-495.0,-495.0,-495.0,-495.0,
,-495.0,-495.0,-495.0,-495.0,-495.0,-495.0,-495.0,-495.0,-495.0,-495.0,-495.0,-495.0,
,-495.0,-495.0,-495.0,-495.0,-495.0,-495.0,-495.0,-495.0,-495.0,-495.0,-495.0,-495.0,
,-495.0,-495.0,-495.0,-495.0,-495.0,-495.0,-495.0,-495.0,-495.0,-495.0,-495.0,-495.0,
,-495.0,-495.0,-495.0,-495.0,-495.0,-495.0,-495.0,-495.0,-495.0,-495.0,-495.0,-495.0,-495.0
,-495.0,-495.0,-495.0,-495.0,-495.0,-495.0,-495.0,-495.0,-495.0,-495.0,-495.0,-495.0,
,-495.0,-495.0,-495.0,-495.0,-495.0,-495.0,-495.0,-495.0,-495.0,-495.0,-495.0,-495.0,
,-495.0,-495.0,-495.0,-495.0,-495.0,-495.0,-495.0,-495.0,-495.0,-495.0,-495.0,-495.0,
,-495.0,-495.0,-495.0,-495.0,-495.0,-495.0,-495.0,-495.0,-495.0,-495.0,-495.0,-495.0,
,-495.0,-495.0,-495.0,-495.0,-495.0,-495.0,-495.0,-495.0,-495.0,-495.0,-495.0,-495.0,
,-495.0,-495.0,-495.0,-495.0,-495.0,-495.0,-495.0,-495.0,-495.0,-495.0,-495.0,-495.0,
,-495.0,-495.0,-495.0,-495.0,-495.0,-495.0,-495.0,-495.0,-495.0,-495.0,-495.0,-495.0,
,-495.0,-495.0,-495.0,-495.0,-495.0,-495.0,-495.0,-495.0,-495.0,-495.0,-495.0,-495.0,
,-495.0,-495.0,-495.0,-495.0,-495.0,-495.0,-495.0,-495.0,-495.0,-495.0,-495.0,-495.0,
,-495.0,-495.0,-495.0,-495.0,-495.0,-495.0,-495.0,-495.0,-495.0,-495.0,-495.0,-495.0,
,-495.0,-495.0,-495.0,-495.0,-495.0,-495.0,-495.0,-495.0,-495.0,-495.0,-495.0,-495.0,
,-495.0,-495.0,-495.0,-495.0,-495.0,-495.0,-495.0,-495.0,-495.0,-495.0,-495.0,-495.0,-495.0
,-495.0,-495.0,-495.0,-495.0,-495.0,-495.0,-495.0,-495.0,-495.0,-495.0,-495.0,-495.0,
,-495.0,-495.0,-495.0,-495.0,-495.0,-495.0,-495.0,-495.0,-495.0,-495.0,-495.0,-495.0,
,-495.0,-495.0,-495.0,-495.0,-495.0,-495.0,-495.0,-495.0,-495.0,-495.0,-495.0,-495.0,
,-495.0,-495.0,-495.0,-495.0,-495.0,-495.0,-495.0,-495.0,-495.0,-495.0,-495.0,-495.0,
,-495.0,-495.0,-495.0,-495.0,-495.0,-495.0,-495.0,-495.0,-495.0,-495.0,-495.0,-495.0,
,-495.0,-495.0,-495.0,-495.0,-495.0,-495.0,-495.0,-495.0,-495.0,-495.0,-495.0,-495.0,
,-495.0,-495.0,-495.0,-495.0,-495.0,-495.0,-495.0,-495.0,-495.0,-495.0,-495.0,-495.0,
,-495.0,-495.0,-495.0,-495.0,-495.0,-495.0,-495.0,-495.0,-495.0,-495.0,-495.0,-495.0,
,-495.0,-495.0,-495.0,-495.0,-495.0,-495.0,-495.0,-495.0,-495.0,-495.0,-495.0,-495.0,
,-495.0,-495.0,-495.0,-495.0,-495.0,-495.0,-495.0,-495.0,-495.0,-495.0,-495.0,-495.0,
,-495.0,-495.0,-495.0,-495.0,-495.0,-495.0,-495.0,-495.0,-495.0,-495.0,-495.0,-495.0,
,-495.0,-495.0,-495.0,-495.0,-495.0,-495.0,-495.0,-495.0,-495.0,-495.0,-495.0,-495.0,-495.0
,-495.0,-495.0,-495.0,-495.0,-495.0,-495.0,-495.0,-495.0,-495.0,-495.0,-495.0,-495.0,
,-495.0,-495.0,-495.0,-495.0,-495.0,-495.0,-495.0,-495.0,-495.0,-495.0,-495.0,-495.0,
,-495.0,-495.0,-495.0,-495.0,-495.0,-495.0,-495.0,-495.0,-495.0,-495.0,-495.0,-495.0,
,-495.0,-495.0,-495.0,-495.0,-495.0,-495.0,-495.0,-495.0,-495.0,-495.0,-495.0,-495.0,
,-495.0,-495.0,-495.0,-495.0,-495.0,-495.0,-495.0,-495.0,-495.0,-495.0,-495.0,-495.0,
,-495.0,-495.0,-495.0,-495.0,-495.0,-495.0,-495.0,-495.0,-495.0,-495.0,-495.0,-495.0,
,-495.0,-495.0,-495.0,-495.0,-495.0,-495.0,-495.0,-495.0,-495.0,-495.0,-495.0,-495.0,
,-495.0,-495.0,-495.0,-495.0,-495.0,-495.0,-495.0,-495.0,-495.0,-495.0,-495.0,-495.0,
,-495.0,-495.0,-495.0,-495.0,-495.0,-495.0,-495.0,-495.0,-495.0,-495.0,-495.0,-495.0,
,-495.0,-495.0,-495.0,-495.0,-495.0,-495.0,-495.0,-495.0,-495.0,-495.0,-495.0,-495.0,
,-495.0,-495.0,-495.0,-495.0,-495.0,-495.0,-495.0,-495.0,-495.0,-495.0,-495.0,-495.0,
,-495.0,-495.0,-495.0,-495.0,-495.0,-495.0,-495.0,-495.0,-495.0,-495.0,-495.0,-495.0,-495.0
,-495.0,-495.0,-495.0,-495.0,-495.0,-495.0,-495.0,-495.0,-495.0,-495.0,-495.0,-495.0,
,-495.0,-495.0,-495.0,-495.0,-495.0,-495.0,-495.0,-495.0,-495.0,-495.0,-495.0,-495.0,
,-495.0,-495.0,-495.0,-495.0,-495.0,-495.0,-495.0,-495.0,-495.0,-495.0,-495.0,-495.0,
,-495.0,-495.0,-495.0,-495.0,-495.0,-495.0,-495.0,-495.0,-495.0,-495.0,-495.0,-495.0,
,-495.0,-495.0,-495.0,-495.0,-495.0,-495.0,-495.0,-495.0,-495.0,-495.0,-495.0,-495.0,
,-495.0,-495.0,-495.0,-495.0,-495.0,-495.0,-495.0,-495.0,-495.0,-495.0,-495.0,-495.0,
,-495.0,-495.0,-495.0,-495.0,-495.0,-495.0,-495.0,-495.0,-495.0,-495.0,-495.0,-495.0,
,-495.0,-495.0,-495.0,-495.0,-495.0,-495.0,-495.0,-495.0,-495.0,-495.0,-495.0,-495.0,
,-495.0,-495.0,-495.0,-495.0,-495.0,-495.0,-495.0,-495.0,-495.0,-495.0,-495.0,-495.0,
,-495.0,-495.0,-495.0,-495.0,-495.0,-495.0,-495.0,-495.0,-495.0,-495.0,-495.0,-495.0,
,-495.0,-495.0,-495.0,-495.0,-495.0,-495.0,-495.0,-495.0,-495.0,-495.0,-495.0,-495.0,
,-495.0,-495.0,-495.0,-495.0,-495.0,-495.0,-495.0,-495.0,-495.0,-495.0,-495.0,-495.0,-495.0
,-495.0,-495.0,-495.0,-495.0,-495.0,-495.0,-495.0,-495.0,-495.0,-495.0,-495.0,-495.0,
,-495.0,-495.0,-495.0,-495.0,-495.0,-495.0,-495.0,-495.0,-495.0,-495.0,-495.0,-495.0,
,-495.0,-495.0,-495.0,-495.0,-495.0,-495.0,-495.0,-495.0,-495.0,-495.0,-495.0,-495.0,
,-495.0,-495.0,-495.0,-495.0,-495.0,-495.0,-495.0,-495.0,-495.0,-495.0,-495.0,-495.0,
,-495.0,-495.0,-495.0,-495.0,-495.0,-495.0,-495.0,-495.0,-495.0,-495.0,-495.0,-495.0,
,-495.0,-495.0,-495.0,-495.0,-495.0,-495.0,-495.0,-495.0,-495.0,-495.0,-495.0,-495.0,
,-495.0,-495.0,-495.0,-495.0,-495.0,-495.0,-495.0,-495.0,-495.0,-495.0,-495.0,-495.0,
,-495.0,-495.0,-495.0,-495.0,-495.0,-495.0,-495.0,-495.0,-495.0,-495.0,-495.0,-495.0,
,-495.0,-495.0,-495.0,-495.0,-495.0,-495.0,-495.0,-495.0,-495.0,-495.0,-495.0,-495.0,
,-495.0,-495.0,-495.0,-495.0,-495.0,-495.0,-495.0,-495.0,-495.0,-495.0,-495.0,-495.0,
,-495.0,-495.0,-495.0,-495.0,-495.0,-495.0,-495.0,-495.0,-495.0,-495.0,-495.0,-495.0,
,-495.0,-495.0,-495.0,-495.0,-495.0,-495.0,-495.0,-495.0,-495.0,-495.0,-495.0,-495.0,-495.0
,-495.0,-495.0,-495.0,-495.0,-495.0,-495.0,-495.0,-495.0,-495.0,-495.0,-495.0,-495.0,
,-495.0,-495.0,-495.0,-495.0,-495.0,-495.0,-495.0,-495.0,-495.0,-495.0,-495.0,-495.0,
,-495.0,-495.0,-495.0,-495.0,-495.0,-495.0,-495.0,-495.0,-495.0,-495.0,-495.0,-495.0,
,-495.0,-495.0,-495.0,-495.0,-495.0,-495.0,-495.0,-495.0,-495.0,-495.0,-495.0,-495.0,
,-495.0,-495.0,-495.0,-495.0,-495.0,-495.0,-495.0,-495.0,-495.0,-495.0,-495.0,-495.0,
,-495.0,-495.0,-495.0,-495.0,-495.0,-495.0,-495.0,-495.0,-495.0,-495.0,-495.0,-495.0,
,-495.0,-495.0,-495.0,-495.0,-495.0,-495.0,-495.0,-495.0,-495.0,-495.0,-495.0,-495.0,
,-495.0,-495.0,-495.0,-495.0,-495.0,-495.0,-495.0,-495.0,-495.0,-495.0,-495.0,-495.0,
,-495.0,-495.0,-495.0,-495.0,-495.0,-495.0,-495.0,-495.0,-495.0,-495.0,-495.0,-495.0,
,-495.0,-495.0,-495.0,-495.0,-495.0,-495.0,-495.0,-495.0,-495.0,-495.0,-495.0,-495.0,
,-495.0,-495.0,-495.0,-495.0,-495.0,-495.0,-495.0,-495.0,-495.0,-495.0,-495.0,-495.0,
,-495.0,-495.0,-495.0,-495.0,-495.0,-495.0,-495.0,-495.0,-495.0,-495.0,-495.0,-495.0,-495.0
,-495.0,-495.0,-495.0,-495.0,-495.0,-495.0,-495.0,-495.0,-495.0,-495.0,-495.0,-495.0,
,-495.0,-495.0,-495.0,-495.0,-495.0,-495.0,-495.0,-495.0,-495.0,-495.0,-495.0,-495.0,
,-495.0,-495.0,-495.0,-495.0,-495.0,-495.0,-495.0,-495.0,-495.0,-495.0,-495.0,-495.0,
,-495.0,-495.0,-495.0,-495.0,-495.0,-495.0,-495.0,-495.0,-495.0,-495.0,-495.0,-495.0,
,-495.0,-495.0,-495.0,-495.0,-495.0,-495.0,-495.0,-495.0,-495.0,-495.0,-495.0,-495.0,
,-495.0,-495.0,-495.0,-495.0,-495.0,-495.0,-495.0,-495.0,-495.0,-495.0,-495.0,-495.0,
,-495.0,-495.0,-495.0,-495.0,-495.0,-495.0,-495.0,-495.0,-495.0,-495.0,-495.0,-495.0,
,-495.0,-495.0,-495.0,-495.0,-495.0,-495.0,-495.0,-495.0,-495.0,-495.0,-495.0,-495.0,
,-495.0,-495.0,-495.0,-495.0,-495.0,-495.0,-495.0,-495.0,-495.0,-495.0,-495.0,-495.0,
,-495.0,-495.0,-495.0,-495.0,-495.0,-495.0,-495.0,-495.0,-495.0,-495.0,-495.0,-495.0,
,-495.0,-495.0,-495.0,-495.0,-495.0,-495.0,-495.0,-495.0,-495.0,-495.0,-495.0,-495.0,
,30.5,32.6,130.5,190.3,128.4,56.3,67.5,47.2,2.0,14.6,3.6,79.1,190.3
,30.5,32.6,130.5,190.3,128.4,56.3,67.5,47.2,2.0,14.6,3.6,79.1,
,30.5,32.6,130.5,190.3,128.4,56.3,67.5,47.2,2.0,14.6,3.6,79.1,
,30.5,32.6,130.5,190.3,128.4,56.3,67.5,47.2,2.0,14.6,3.6,79.1,
,30.5,32.6,130.5,190.3,128.4,56.3,67.5,47.2,2.0,14.6,3.6,79.1,
,30.5,32.6,130.5,190.3,128.4,56.3,67.5,47.2,2.0,14.6,3.6,79.1,
,30.5,32.6,130.5,190.3,128.4,56.3,67.5,47.2,2.0,14.6,3.6,79.1,
,30.5,32.6,130.5,190.3,128.4,56.3,67.5,47.2,2.0,14.6,3.6,79.1,
,30.5,32.6,130.5,190.3,128.4,56.3,67.5,47.2,2.0,14.6,3.6,79.1,
,30.5,32.6,130.5,190.3,128.4,56.3,67.5,47.2,2.0,14.6,3.6,79.1,
,30.5,32.6,130.5,190.3,128.4,56.3,67.5,47.2,2.0,14.6,3.6,79.1,
,30.5,32.6,130.5,190.3,128.4,56.3,67.5,47.2,2.0,14.6,3.6,79.1,
,162.2,133.5,156.8,230.8,16.7,1.5,6.2,0.0,1.4,38.7,15.8,27.1,230.8
,162.2,133.5,156.8,230.8,16.7,1.5,6.2,0.0,1.4,38.7,15.8,27.1,
,162.2,133.5,156.8,230.8,16.7,1.5,6.2,0.0,1.4,38.7,15.8,27.1,
,162.2,133.5,156.8,230.8,16.7,1.5,6.2,0.0,1.4,38.7,15.8,27.1,
,162.2,133.5,156.8,230.8,16.7,1.5,6.2,0.0,1.4,38.7,15.8,27.1,
,162.2,133.5,156.8,230.8,16.7,1.5,6.2,0.0,1.4,38.7,15.8,27.1,
,162.2,133.5,156.8,230.8,16.7,1.5,6.2,0.0,1.4,38.7,15.8,27.1,
,162.2,133.5,156.8,230.8,16.7,1.5,6.2,0.0,1.4,38.7,15.8,27.1,
,162.2,133.5,156.8,230.8,16.7,1.5,6.2,0.0,1.4,38.7,15.8,27.1,
,162.2,133.5,156.8,230.8,16.7,1.5,6.2,0.0,1.4,38.7,15.8,27.1,
,162.2,133.5,156.8,230.8,16.7,1.5,6.2,0.0,1.4,38.7,15.8,27.1,
,162.2,133.5,156.8,230.8,16.7,1.5,6.2,0.0,1.4,38.7,15.8,27.1,
,245.5,68.7,141.1,62.2,25.3,23.2,23.6,0.1,2.7,14.2,25.6,47.6,245.5
,245.5,68.7,141.1,62.2,25.3,23.2,23.6,0.1,2.7,14.2,25.6,47.6,
,245.5,68.7,141.1,62.2,25.3,23.2,23.6,0.1,2.7,14.2,25.6,47.6,
,245.5,68.7,141.1,62.2,25.3,23.2,23.6,0.1,2.7,14.2,25.6,47.6,
,245.5,68.7,141.1,62.2,25.3,23.2,23.6,0.1,2.7,14.2,25.6,47.6,
,245.5,68.7,141.1,62.2,25.3,23.2,23.6,0.1,2.7,14.2,25.6,47.6,
,245.5,68.7,141.1,62.2,25.3,23.2,23.6,0.1,2.7,14.2,25.6,47.6,
,245.5,68.7,141.1,62.2,25.3,23.2,23.6,0.1,2.7,14.2,25.6,47.6,
,245.5,68.7,141.1,62.2,25.3,23.2,23.6,0.1,2.7,14.2,25.6,47.6,
,245.5,68.7,141.1,62.2,25.3,23.2,23.6,0.1,2.7,14.2,25.6,47.6,
,245.5,68.7,141.1,62.2,25.3,23.2,23.6,0.1,2.7,14.2,25.6,47.6,
,245.5,68.7,141.1,62.2,25.3,23.2,23.6,0.1,2.7,14.2,25.6,47.6,
,52.7,140.1,100.0,66.2,6.6,3.3,1.2,4.9,39.7,29.7,89.0,37.1,140.1
,52.7,140.1,100.0,66.2,6.6,3.3,1.2,4.9,39.7,29.7,89.0,37.1,
,52.7,140.1,100.0,66.2,6.6,3.3,1.2,4.9,39.7,29.7,89.0,37.1,
,52.7,140.1,100.0,66.2,6.6,3.3,1.2,4.9,39.7,29.7,89.0,37.1,
,52.7,140.1,100.0,66.2,6.6,3.3,1.2,4.9,39.7,29.7,89.0,37.1,
,52.7,140.1,100.0,66.2,6.6,3.3,1.2,4.9,39.7,29.7,89.0,37.1,
,52.7,140.1,100.0,66.2,6.6,3.3,1.2,4.9,39.7,29.7,89.0,37.1,
,52.7,140.1,100.0,66.2,6.6,3.3,1.2,4.9,39.7,29.7,89.0,37.1,
,52.7,140.1,100.0,66.2,6.6,3.3,1.2,4.9,39.7,29.7,89.0,37.1,
,52.7,140.1,100.0,66.2,6.6,3.3,1.2,4.9,39.7,29.7,89.0,37.1,
,52.7,140.1,100.0,66.2,6.6,3.3,1.2,4.9,39.7,29.7,89.0,37.1,
,52.7,140.1,100.0,66.2,6.6,3.3,1.2,4.9,39.7,29.7,89.0,37.1,
,75.3,74.1,147.5,73.1,20.1,14.5,35.7,0.3,20.4,25.0,6.1,33.2,147.5
,75.3,74.1,147.5,73.1,20.1,14.5,35.7,0.3,20.4,25.0,6.1,33.2,
,75.3,74.1,147.5,73.1,20.1,14.5,35.7,0.3,20.4,25.0,6.1,33.2,
,75.3,74.1,147.5,73.1,20.1,14.5,35.7,0.3,20.4,25.0,6.1,33.2,
,75.3,74.1,147.5,73.1,20.1,14.5,35.7,0.3,20.4,25.0,6.1,33.2,
,75.3,74.1,147.5,73.1,20.1,14.5,35.7,0.3,20.4,25.0,6.1,33.2,
,75.3,74.1,147.5,73.1,20.1,14.5,35.7,0.3,20.4,25.0,6.1,33.2,
,75.3,74.1,147.5,73.1,20.1,14.5,35.7,0.3,20.4,25.0,6.1,33.2,
,75.3,74.1,147.5,73.1,20.1,14.5,35.7,0.3,20.4,25.0,6.1,33.2,
,75.3,74.1,147.5,73.1,20.1,14.5,35.7,0.3,20.4,25.0,6.1,33.2,
,75.3,74.1,147.5,73.1,20.1,14.5,35.7,0.3,20.4,25.0,6.1,33.2,
,75.3,74.1,147.5,73.1,20.1,14.5,35.7,0.3,20.4,25.0,6.1,33.2,
,78.0,161.7,96.2,150.9,118.6,4.9,14.7,12.4,24.9,2.3,19.9,35.5,161.7
,78.0,161.7,96.2,150.9,118.6,4.9,14.7,12.4,24.9,2.3,19.9,35.5,
,78.0,161.7,96.2,150.9,118.6,4.9,14.7,12.4,24.9,2.3,19.9,35.5,
,78.0,161.7,96.2,150.9,118.6,4.9,14.7,12.4,24.9,2.3,19.9,35.5,
,78.0,161.7,96.2,150.9,118.6,4.9,14.7,12.4,24.9,2.3,19.9,35.5,
,78.0,161.7,96.2,150.9,118.6,4.9,14.7,12.4,24.9,2.3,19.9,35.5,
,78.0,161.7,96.2,150.9,118.6,4.9,14.7,12.4,24.9,2.3,19.9,35.5,
,78.0,161.7,96.2,150.9,118.6,4.9,14.7,12.4,24.9,2.3,19.9,35.5,
,78.0,161.7,96.2,150.9,118.6,4.9,14.7,12.4,24.9,2.3,19.9,35.5,
,78.0,161.7,96.2,150.9,118.6,4.9,14.7,12.4,24.9,2.3,19.9,35.5,
,78.0,161.7,96.2,150.9,118.6,4.9,14.7,12.4,24.9,2.3,19.9,35.5,
,78.0,161.7,96.2,150.9,118.6,4.9,14.7,12.4,24.9,2.3,19.9,35.5,
,152.7,86.9,144.2,64.1,74.0,0.3,1.2,12.9,12.9,4.3,55.3,33.3,152.7
,152.7,86.9,144.2,64.1,74.0,0.3,1.2,12.9,12.9,4.3,55.3,33.3,
,152.7,86.9,144.2,64.1,74.0,0.3,1.2,12.9,12.9,4.3,55.3,33.3,
,152.7,86.9,144.2,64.1,74.0,0.3,1.2,12.9,12.9,4.3,55.3,33.3,
,152.7,86.9,144.2,64.1,74.0,0.3,1.2,12.9,12.9,4.3,55.3,33.3,
,152.7,86.9,144.2,64.1,74.0,0.3,1.2,12.9,12.9,4.3,55.3,33.3,
,152.7,86.9,144.2,64.1,74.0,0.3,1.2,12.9,12.9,4.3,55.3,33.3,
,152.7,86.9,144.2,64.1,74.0,0.3,1.2,12.9,12.9,4.3,55.3,33.3,
,152.7,86.9,144.2,64.1,74.0,0.3,1.2,12.9,12.9,4.3,55.3,33.3,
,152.7,86.9,144.2,64.1,74.0,0.3,1.2,12.9,12.9,4.3,55.3,33.3,
,152.7,86.9,144.2,64.1,74.0,0.3,1.2,12.9,12.9,4.3,55.3,33.3,
,152.7,86.9,144.2,64.1,74.0,0.3,1.2,12.9,12.9,4.3,55.3,33.3,
,95.6,116.9,162.2,20.3,15.3,4.4,1.1,-0.0,5.1,18.5,113.7,82.2,162.2
,95.6,116.9,162.2,20.3,15.3,4.4,1.1,-0.0,5.1,18.5,113.7,82.2,
,95.6,116.9,162.2,20.3,15.3,4.4,1.1,-0.0,5.1,18.5,113.7,82.2,
,95.6,116.9,162.2,20.3,15.3,4.4,1.1,-0.0,5.1,18.5,113.7,82.2,
,95.6,116.9,162.2,20.3,15.3,4.4,1.1,-0.0,5.1,18.5,113.7,82.2,
,95.6,116.9,162.2,20.3,15.3,4.4,1.1,-0.0,5.1,18.5,113.7,82.2,
,95.6,116.9,162.2,20.3,15.3,4.4,1.1,-0.0,5.1,18.5,113.7,82.2,
,95.6,116.9,162.2,20.3,15.3,4.4,1.1,-0.0,5.1,18.5,113.7,82.2,
,95.6,116.9,162.2,20.3,15.3,4.4,1.1,-0.0,5.1,18.5,113.7,82.2,
,95.6,116.9,162.2,20.3,15.3,4.4,1.1,-0.0,5.1,18.5,113.7,82.2,
,95.6,116.9,162.2,20.3,15.3,4.4,1.1,-0.0,5.1,18.5,113.7,82.2,
,95.6,116.9,162.2,20.3,15.3,4.4,1.1,-0.0,5.1,18.5,113.7,82.2,
,64.5,46.3,164.0,63.8,1.9,5.8,0.2,2.1,-0.0,3.8,1.4,23.3,164.0
,64.5,46.3,164.0,63.8,1.9,5.8,0.2,2.1,-0.0,3.8,1.4,23.3,
,64.5,46.3,164.0,63.8,1.9,5.8,0.2,2.1,-0.0,3.8,1.4,23.3,
,64.5,46.3,164.0,63.8,1.9,5.8,0.2,2.1,-0.0,3.8,1.4,23.3,
,64.5,46.3,164.0,63.8,1.9,5.8,0.2,2.1,-0.0,3.8,1.4,23.3,
,64.5,46.3,164.0,63.8,1.9,5.8,0.2,2.1,-0.0,3.8,1.4,23.3,
,64.5,46.3,164.0,63.8,1.9,5.8,0.2,2.1,-0.0,3.8,1.4,23.3,
,64.5,46.3,164.0,63.8,1.9,5.8,0.2,2.1,-0.0,3.8,1.4,23.3,
,64.5,46.3,164.0,63.8,1.9,5.8,0.2,2.1,-0.0,3.8,1.4,23.3,
,64.5,46.3,164.0,63.8,1.9,5.8,0.2,2.1,-0.0,3.8,1.4,23.3,
,64.5,46.3,164.0,63.8,1.9,5.8,0.2,2.1,-0.0,3.8,1.4,23.3,
,64.5,46.3,164.0,63.8,1.9,5.8,0.2,2.1,-0.0,3.8,1.4,23.3,
,29.2,42.0,58.5,93.5,12.7,7.4,0.8,1.0,0.1,9.7,59.8,59.3,93.5
,29.2,42.0,58.5,93.5,12.7,7.4,0.8,1.0,0.1,9.7,59.8,59.3,
,29.2,42.0,58.5,93.5,12.7,7.4,0.8,1.0,0.1,9.7,59.8,59.3,
,29.2,42.0,58.5,93.5,12.7,7.4,0.8,1.0,0.1,9.7,59.8,59.3,
,29.2,42.0,58.5,93.5,12.7,7.4,0.8,1.0,0.1,9.7,59.8,59.3,
,29.2,42.0,58.5,93.5,12.7,7.4,0.8,1.0,0.1,9.7,59.8,59.3,
,29.2,42.0,58.5,93.5,12.7,7.4,0.8,1.0,0.1,9.7,59.8,59.3,
,29.2,42.0,58.5,93.5,12.7,7.4,0.8,1.0,0.1,9.7,59.8,59.3,
,29.2,42.0,58.5,93.5,12.7,7.4,0.8,1.0,0.1,9.7,59.8,59.3,
,29.2,42.0,58.5,93.5,12.7,7.4,0.8,1.0,0.1,9.7,59.8,59.3,
,29.2,42.0,58.5,93.5,12.7,7.4,0.8,1.0,0.1,9.7,59.8,59.3,
,29.2,42.0,58.5,93.5,12.7,7.4,0.8,1.0,0.1,9.7,59.8,59.3,
,51.8,279.6,62.3,42.8,11.9,8.9,5.5,2.2,0.6,0.9,-0.0,59.0,279.6
,51.8,279.6,62.3,42.8,11.9,8.9,5.5,2.2,0.6,0.9,-0.0,59.0,
,51.8,279.6,62.3,42.8,11.9,8.9,5.5,2.2,0.6,0.9,-0.0,59.0,
,51.8,279.6,62.3,42.8,11.9,8.9,5.5,2.2,0.6,0.9,-0.0,59.0,
,51.8,279.6,62.3,42.8,11.9,8.9,5.5,2.2,0.6,0.9,-0.0,59.0,
,51.8,279.6,62.3,42.8,11.9,8.9,5.5,2.2,0.6,0.9,-0.0,59.0,
,51.8,279.6,62.3,42.8,11.9,8.9,5.5,2.2,0.6,0.9,-0.0,59.0,
,51.8,279.6,62.3,42.8,11.9,8.9,5.5,2.2,0.6,0.9,-0.0,59.0,
,51.8,279.6,62.3,42.8,11.9,8.9,5.5,2.2,0.6,0.9,-0.0,59.0,
,51.8,279.6,62.3,42.8,11.9,8.9,5.5,2.2,0.6,0.9,-0.0,59.0,
,51.8,279.6,62.3,42.8,11.9,8.9,5.5,2.2,0.6,0.9,-0.0,59.0,
,51.8,279.6,62.3,42.8,11.9,8.9,5.5,2.2,0.6,0.9,-0.0,59.0,
,59.5,47.7,61.1,184.0,25.0,4.0,-0.0,1.0,1.8,37.9,12.8,76.2,184.0
,59.5,47.7,61.1,184.0,25.0,4.0,-0.0,1.0,1.8,37.9,12.8,76.2,
,59.5,47.7,61.1,184.0,25.0,4.0,-0.0,1.0,1.8,37.9,12.8,76.2,
,59.5,47.7,61.1,184.0,25.0,4.0,-0.0,1.0,1.8,37.9,12.8,76.2,
,59.5,47.7,61.1,184.0,25.0,4.0,-0.0,1.0,1.8,37.9,12.8,76.2,
,59.5,47.7,61.1,184.0,25.0,4.0,-0.0,1.0,1.8,37.9,12.8,76.2,
,59.5,47.7,61.1,184.0,25.0,4.0,-0.0,1.0,1.8,37.9,12.8,76.2,
,59.5,47.7,61.1,184.0,25.0,4.0,-0.0,1.0,1.8,37.9,12.8,76.2,
,59.5,47.7,61.1,184.0,25.0,4.0,-0.0,1.0,1.8,37.9,12.8,76.2,
,59.5,47.7,61.1,184.0,25.0,4.0,-0.0,1.0,1.8,37.9,12.8,76.2,
,59.5,47.7,61.1,184.0,25.0,4.0,-0.0,1.0,1.8,37.9,12.8,76.2,
,59.5,47.7,61.1,184.0,25.0,4.0,-0.0,1.0,1.8,37.9,12.8,76.2,
,122.8,225.1,91.3,201.2,167.9,28.2,4.9,3.7,2.6,6.1,2.0,216.3,225.1
,122.8,225.1,91.3,201.2,167.9,28.2,4.9,3.7,2.6,6.1,2.0,216.3,
,122.8,225.1,91.3,201.2,167.9,28.2,4.9,3.7,2.6,6.1,2.0,216.3,
,122.8,225.1,91.3,201.2,167.9,28.2,4.9,3.7,2.6,6.1,2.0,216.3,
,122.8,225.1,91.3,201.2,167.9,28.2,4.9,3.7,2.6,6.1,2.0,216.3,
,122.8,225.1,91.3,201.2,167.9,28.2,4.9,3.7,2.6,6.1,2.0,216.3,
,122.8,225.1,91.3,201.2,167.9,28.2,4.9,3.7,2.6,6.1,2.0,216.3,
,122.8,225.1,91.3,201.2,167.9,28.2,4.9,3.7,2.6,6.1,2.0,216.3,
,122.8,225.1,91.3,201.2,167.9,28.2,4.9,3.7,2.6,6.1,2.0,216.3,
,122.8,225.1,91.3,201.2,167.9,28.2,4.9,3.7,2.6,6.1,2.0,216.3,
,122.8,225.1,91.3,201.2,167.9,28.2,4.9,3.7,2.6,6.1,2.0,216.3,
,122.8,225.1,91.3,201.2,167.9,28.2,4.9,3.7,2.6,6.1,2.0,216.3,
,72.0,76.0,158.0,114.0,71.3,10.0,-99.0,9.5,6.4,7.1,39.8,16.6,158.0
,72.0,76.0,158.0,114.0,71.3,10.0,-99.0,9.5,6.4,7.1,39.8,16.6,
,72.0,76.0,158.0,114.0,71.3,10.0,-99.0,9.5,6.4,7.1,39.8,16.6,
,72.0,76.0,158.0,114.0,71.3,10.0,-99.0,9.5,6.4,7.1,39.8,16.6,
,72.0,76.0,158.0,114.0,71.3,10.0,-99.0,9.5,6.4,7.1,39.8,16.6,
,72.0,76.0,158.0,114.0,71.3,10.0,-99.0,9.5,6.4,7.1,39.8,16.6,
,72.0,76.0,158.0,114.0,71.3,10.0,-99.0,9.5,6.4,7.1,39.8,16.6,
,72.0,76.0,158.0,114.0,71.3,10.0,-99.0,9.5,6.4,7.1,39.8,16.6,
,72.0,76.0,158.0,114.0,71.3,10.0,-99.0,9.5,6.4,7.1,39.8,16.6,
,72.0,76.0,158.0,114.0,71.3,10.0,-99.0,9.5,6.4,7.1,39.8,16.6,
,72.0,76.0,158.0,114.0,71.3,10.0,-99.0,9.5,6.4,7.1,39.8,16.6,
,72.0,76.0,158.0,114.0,71.3,10.0,-99.0,9.5,6.4,7.1,39.8,16.6,
,-82.4,106.8,104.3,118.1,21.1,11.7,14.2,-0.0,13.2,1.7,10.0,2.2,118.1
,-82.4,106.8,104.3,118.1,21.1,11.7,14.2,-0.0,13.2,1.7,10.0,2.2,
,-82.4,106.8,104.3,118.1,21.1,11.7,14.2,-0.0,13.2,1.7,10.0,2.2,
,-82.4,106.8,104.3,118.1,21.1,11.7,14.2,-0.0,13.2,1.7,10.0,2.2,
,-82.4,106.8,104.3,118.1,21.1,11.7,14.2,-0.0,13.2,1.7,10.0,2.2,
,-82.4,106.8,104.3,118.1,21.1,11.7,14.2,-0.0,13.2,1.7,10.0,2.2,
,-82.4,106.8,104.3,118.1,21.1,11.7,14.2,-0.0,13.2,1.7,10.0,2.2,
,-82.4,106.8,104.3,118.1,21.1,11.7,14.2,-0.0,13.2,1.7,10.0,2.2,
,-82.4,106.8,104.3,118.1,21.1,11.7,14.2,-0.0,13.2,1.7,10.0,2.2,
,-82.4,106.8,104.3,118.1,21.1,11.7,14.2,-0.0,13.2,1.7,10.0,2.2,
,-82.4,106.8,104.3,118.1,21.1,11.7,14.2,-0.0,13.2,1.7,10.0,2.2,
,-82.4,106.8,104.3,118.1,21.1,11.7,14.2,-0.0,13.2,1.7,10.0,2.2,
,68.0,111.1,110.7,135.0,15.1,7.3,7.1,-0.0,2.0,50.3,50.3,59.6,135.0
,68.0,111.1,110.7,135.0,15.1,7.3,7.1,-0.0,2.0,50.3,50.3,59.6,
,68.0,111.1,110.7,135.0,15.1,7.3,7.1,-0.0,2.0,50.3,50.3,59.6,
,68.0,111.1,110.7,135.0,15.1,7.3,7.1,-0.0,2.0,50.3,50.3,59.6,
,68.0,111.1,110.7,135.0,15.1,7.3,7.1,-0.0,2.0,50.3,50.3,59.6,
,68.0,111.1,110.7,135.0,15.1,7.3,7.1,-0.0,2.0,50.3,50.3,59.6,
,68.0,111.1,110.7,135.0,15.1,7.3,7.1,-0.0,2.0,50.3,50.3,59.6,
,68.0,111.1,110.7,135.0,15.1,7.3,7.1,-0.0,2.0,50.3,50.3,59.6,
,68.0,111.1,110.7,135.0,15.1,7.3,7.1,-0.0,2.0,50.3,50.3,59.6,
,68.0,111.1,110.7,135.0,15.1,7.3,7.1,-0.0,2.0,50.3,50.3,59.6,
,68.0,111.1,110.7,135.0,15.1,7.3,7.1,-0.0,2.0,50.3,50.3,59.6,
,68.0,111.1,110.7,135.0,15.1,7.3,7.1,-0.0,2.0,50.3,50.3,59.6,
,105.3,53.2,159.7,86.6,62.4,25.9,19.3,1.1,1.1,44.7,44.2,121.2,159.7
,105.3,53.2,159.7,86.6,62.4,25.9,19.3,1.1,1.1,44.7,44.2,121.2,
,105.3,53.2,159.7,86.6,62.4,25.9,19.3,1.1,1.1,44.7,44.2,121.2,
,105.3,53.2,159.7,86.6,62.4,25.9,19.3,1.1,1.1,44.7,44.2,121.2,
,105.3,53.2,159.7,86.6,62.4,25.9,19.3,1.1,1.1,44.7,44.2,121.2,
,105.3,53.2,159.7,86.6,62.4,25.9,19.3,1.1,1.1,44.7,44.2,121.2,
,105.3,53.2,159.7,86.6,62.4,25.9,19.3,1.1,1.1,44.7,44.2,121.2,
,105.3,53.2,159.7,86.6,62.4,25.9,19.3,1.1,1.1,44.7,44.2,121.2,
,105.3,53.2,159.7,86.6,62.4,25.9,19.3,1.1,1.1,44.7,44.2,121.2,
,105.3,53.2,159.7,86.6,62.4,25.9,19.3,1.1,1.1,44.7,44.2,121.2,
,105.3,53.2,159.7,86.6,62.4,25.9,19.3,1.1,1.1,44.7,44.2,121.2,
,105.3,53.2,159.7,86.6,62.4,25.9,19.3,1.1,1.1,44.7,44.2,121.2,
,42.3,40.4,84.0,132.8,194.4,4.6,2.6,10.4,30.8,28.4,40.3,20.5,194.4
,42.3,40.4,84.0,132.8,194.4,4.6,2.6,10.4,30.8,28.4,40.3,20.5,
,42.3,40.4,84.0,132.8,194.4,4.6,2.6,10.4,30.8,28.4,40.3,20.5,
,42.3,40.4,84.0,132.8,194.4,4.6,2.6,10.4,30.8,28.4,40.3,20.5,
,42.3,40.4,84.0,132.8,194.4,4.6,2.6,10.4,30.8,28.4,40.3,20.5,
,42.3,40.4,84.0,132.8,194.4,4.6,2.6,10.4,30.8,28.4,40.3,20.5,
,42.3,40.4,84.0,132.8,194.4,4.6,2.6,10.4,30.8,28.4,40.3,20.5,
,42.3,40.4,84.0,132.8,194.4,4.6,2.6,10.4,30.8,28.4,40.3,20.5,
,42.3,40.4,84.0,132.8,194.4,4.6,2.6,10.4,30.8,28.4,40.3,20.5,
,42.3,40.4,84.0,132.8,194.4,4.6,2.6,10.4,30.8,28.4,40.3,20.5,
,42.3,40.4,84.0,132.8,194.4,4.6,2.6,10.4,30.8,28.4,40.3,20.5,
,42.3,40.4,84.0,132.8,194.4,4.6,2.6,10.4,30.8,28.4,40.3,20.5,
,80.2,64.8,102.3,92.0,34.8,9.2,-0.0,2.1,-0.0,0.3,16.1,0.3,102.3
,80.2,64.8,102.3,92.0,34.8,9.2,-0.0,2.1,-0.0,0.3,16.1,0.3,
,80.2,64.8,102.3,92.0,34.8,9.2,-0.0,2.1,-0.0,0.3,16.1,0.3,
,80.2,64.8,102.3,92.0,34.8,9.2,-0.0,2.1,-0.0,0.3,16.1,0.3,
,80.2,64.8,102.3,92.0,34.8,9.2,-0.0,2.1,-0.0,0.3,16.1,0.3,
,80.2,64.8,102.3,92.0,34.8,9.2,-0.0,2.1,-0.0,0.3,16.1,0.3,
,80.2,64.8,102.3,92.0,34.8,9.2,-0.0,2.1,-0.0,0.3,16.1,0.3,
,80.2,64.8,102.3,92.0,34.8,9.2,-0.0,2.1,-0.0,0.3,16.1,0.3,
,80.2,64.8,102.3,92.0,34.8,9.2,-0.0,2.1,-0.0,0.3,16.1,0.3,
,80.2,64.8,102.3,92.0,34.8,9.2,-0.0,2.1,-0.0,0.3,16.1,0.3,
,80.2,64.8,102.3,92.0,34.8,9.2,-0.0,2.1,-0.0,0.3,16.1,0.3,
,80.2,64.8,102.3,92.0,34.8,9.2,-0.0,2.1,-0.0,0.3,16.1,0.3,
,148.9,87.9,89.1,67.0,2.0,5.0,12.6,-0.0,27.2,-0.0,11.1,32.7,148.9
,148.9,87.9,89.1,67.0,2.0,5.0,12.6,-0.0,27.2,-0.0,11.1,32.7,
,148.9,87.9,89.1,67.0,2.0,5.0,12.6,-0.0,27.2,-0.0,11.1,32.7,
,148.9,87.9,89.1,67.0,2.0,5.0,12.6,-0.0,27.2,-0.0,11.1,32.7,
,148.9,87.9,89.1,67.0,2.0,5.0,12.6,-0.0,27.2,-0.0,11.1,32.7,
,148.9,87.9,89.1,67.0,2.0,5.0,12.6,-0.0,27.2,-0.0,11.1,32.7,
,148.9,87.9,89.1,67.0,2.0,5.0,12.6,-0.0,27.2,-0.0,11.1,32.7,
,148.9,87.9,89.1,67.0,2.0,5.0,12.6,-0.0,27.2,-0.0,11.1,32.7,
,148.9,87.9,89.1,67.0,2.0,5.0,12.6,-0.0,27.2,-0.0,11.1,32.7,
,148.9,87.9,89.1,67.0,2.0,5.0,12.6,-0.0,27.2,-0.0,11.1,32.7,
,148.9,87.9,89.1,67.0,2.0,5.0,12.6,-0.0,27.2,-0.0,11.1,32.7,
,148.9,87.9,89.1,67.0,2.0,5.0,12.6,-0.0,27.2,-0.0,11.1,32.7,
,50.6,96.5,106.2,72.7,28.0,0.3,22.0,5.4,3.9,33.0,51.0,4.8,106.2
,50.6,96.5,106.2,72.7,28.0,0.3,22.0,5.4,3.9,33.0,51.0,4.8,
,50.6,96.5,106.2,72.7,28.0,0.3,22.0,5.4,3.9,33.0,51.0,4.8,
,50.6,96.5,106.2,72.7,28.0,0.3,22.0,5.4,3.9,33.0,51.0,4.8,
,50.6,96.5,106.2,72.7,28.0,0.3,22.0,5.4,3.9,33.0,51.0,4.8,
,50.6,96.5,106.2,72.7,28.0,0.3,22.0,5.4,3.9,33.0,51.0,4.8,
,50.6,96.5,106.2,72.7,28.0,0.3,22.0,5.4,3.9,33.0,51.0,4.8,
,50.6,96.5,106.2,72.7,28.0,0.3,22.0,5.4,3.9,33.0,51.0,4.8,
,50.6,96.5,106.2,72.7,28.0,0.3,22.0,5.4,3.9,33.0,51.0,4.8,
,50.6,96.5,106.2,72.7,28.0,0.3,22.0,5.4,3.9,33.0,51.0,4.8,
,50.6,96.5,106.2,72.7,28.0,0.3,22.0,5.4,3.9,33.0,51.0,4.8,
,50.6,96.5,106.2,72.7,28.0,0.3,22.0,5.4,3.9,33.0,51.0,4.8,
,84.4,64.0,55.2,104.5,26.8,-90.9,2.0,-0.0,5.8,17.3,-99.0,-495.0,104.5
,84.4,64.0,55.2,104.5,26.8,-90.9,2.0,-0.0,5.8,17.3,-99.0,-495.0,
,84.4,64.0,55.2,104.5,26.8,-90.9,2.0,-0.0,5.8,17.3,-99.0,-495.0,
,84.4,64.0,55.2,104.5,26.8,-90.9,2.0,-0.0,5.8,17.3,-99.0,-495.0,
,84.4,64.0,55.2,104.5,26.8,-90.9,2.0,-0.0,5.8,17.3,-99.0,-495.0,
,84.4,64.0,55.2,104.5,26.8,-90.9,2.0,-0.0,5.8,17.3,-99.0,-495.0,
,84.4,64.0,55.2,104.5,26.8,-90.9,2.0,-0.0,5.8,17.3,-99.0,-495.0,
,84.4,64.0,55.2,104.5,26.8,-90.9,2.0,-0.0,5.8,17.3,-99.0,-495.0,
,84.4,64.0,55.2,104.5,26.8,-90.9,2.0,-0.0,5.8,17.3,-99.0,-495.0,
,84.4,64.0,55.2,104.5,26.8,-90.9,2.0,-0.0,5.8,17.3,-99.0,-495.0,
,84.4,64.0,55.2,104.5,26.8,-90.9,2.0,-0.0,5.8,17.3,-99.0,-495.0,
,84.4,64.0,55.2,104.5,26.8,-90.9,2.0,-0.0,5.8,17.3,-99.0,-495.0,
,109.9,94.3,94.2,76.1,87.4,7.0,32.5,3.6,-0.0,13.2,18.2,16.4,109.9
,109.9,94.3,94.2,76.1,87.4,7.0,32.5,3.6,-0.0,13.2,18.2,16.4,
,109.9,94.3,94.2,76.1,87.4,7.0,32.5,3.6,-0.0,13.2,18.2,16.4,
,109.9,94.3,94.2,76.1,87.4,7.0,32.5,3.6,-0.0,13.2,18.2,16.4,
,109.9,94.3,94.2,76.1,87.4,7.0,32.5,3.6,-0.0,13.2,18.2,16.4,
,109.9,94.3,94.2,76.1,87.4,7.0,32.5,3.6,-0.0,13.2,18.2,16.4,
,109.9,94.3,94.2,76.1,87.4,7.0,32.5,3.6,-0.0,13.2,18.2,16.4,
,109.9,94.3,94.2,76.1,87.4,7.0,32.5,3.6,-0.0,13.2,18.2,16.4,
,109.9,94.3,94.2,76.1,87.4,7.0,32.5,3.6,-0.0,13.2,18.2,16.4,
,109.9,94.3,94.2,76.1,87.4,7.0,32.5,3.6,-0.0,13.2,18.2,16.4,
,109.9,94.3,94.2,76.1,87.4,7.0,32.5,3.6,-0.0,13.2,18.2,16.4,
,109.9,94.3,94.2,76.1,87.4,7.0,32.5,3.6,-0.0,13.2,18.2,16.4,
,193.6,134.3,99.5,68.9,69.0,21.7,1.5,7.0,18.0,48.6,100.0,77.6,193.6
,193.6,134.3,99.5,68.9,69.0,21.7,1.5,7.0,18.0,48.6,100.0,77.6,
,193.6,134.3,99.5,68.9,69.0,21.7,1.5,7.0,18.0,48.6,100.0,77.6,
,193.6,134.3,99.5,68.9,69.0,21.7,1.5,7.0,18.0,48.6,100.0,77.6,
,193.6,134.3,99.5,68.9,69.0,21.7,1.5,7.0,18.0,48.6,100.0,77.6,
,193.6,134.3,99.5,68.9,69.0,21.7,1.5,7.0,18.0,48.6,100.0,77.6,
,193.6,134.3,99.5,68.9,69.0,21.7,1.5,7.0,18.0,48.6,100.0,77.6,
,193.6,134.3,99.5,68.9,69.0,21.7,1.5,7.0,18.0,48.6,100.0,77.6,
,193.6,134.3,99.5,68.9,69.0,21.7,1.5,7.0,18.0,48.6,100.0,77.6,
,193.6,134.3,99.5,68.9,69.0,21.7,1.5,7.0,18.0,48.6,100.0,77.6,
,193.6,134.3,99.5,68.9,69.0,21.7,1.5,7.0,18.0,48.6,100.0,77.6,
,193.6,134.3,99.5,68.9,69.0,21.7,1.5,7.0,18.0,48.6,100.0,77.6,
,97.1,116.8,254.5,53.3,29.9,15.2,20.2,0.2,-0.0,38.2,8.1,25.7,254.5
,97.1,116.8,254.5,53.3,29.9,15.2,20.2,0.2,-0.0,38.2,8.1,25.7,
,97.1,116.8,254.5,53.3,29.9,15.2,20.2,0.2,-0.0,38.2,8.1,25.7,
,97.1,116.8,254.5,53.3,29.9,15.2,20.2,0.2,-0.0,38.2,8.1,25.7,
,97.1,116.8,254.5,53.3,29.9,15.2,20.2,0.2,-0.0,38.2,8.1,25.7,
,97.1,116.8,254.5,53.3,29.9,15.2,20.2,0.2,-0.0,38.2,8.1,25.7,
,97.1,116.8,254.5,53.3,29.9,15.2,20.2,0.2,-0.0,38.2,8.1,25.7,
,97.1,116.8,254.5,53.3,29.9,15.2,20.2,0.2,-0.0,38.2,8.1,25.7,
,97.1,116.8,254.5,53.3,29.9,15.2,20.2,0.2,-0.0,38.2,8.1,25.7,
,97.1,116.8,254.5,53.3,29.9,15.2,20.2,0.2,-0.0,38.2,8.1,25.7,
,97.1,116.8,254.5,53.3,29.9,15.2,20.2,0.2,-0.0,38.2,8.1,25.7,
,97.1,116.8,254.5,53.3,29.9,15.2,20.2,0.2,-0.0,38.2,8.1,25.7,
,88.9,84.1,48.8,90.8,-0.0,1.1,-0.0,1.6,-0.0,2.0,15.3,69.9,90.8
,88.9,84.1,48.8,90.8,-0.0,1.1,-0.0,1.6,-0.0,2.0,15.3,69.9,
,88.9,84.1,48.8,90.8,-0.0,1.1,-0.0,1.6,-0.0,2.0,15.3,69.9,
,88.9,84.1,48.8,90.8,-0.0,1.1,-0.0,1.6,-0.0,2.0,15.3,69.9,
,88.9,84.1,48.8,90.8,-0.0,1.1,-0.0,1.6,-0.0,2.0,15.3,69.9,
,88.9,84.1,48.8,90.8,-0.0,1.1,-0.0,1.6,-0.0,2.0,15.3,69.9,
,88.9,84.1,48.8,90.8,-0.0,1.1,-0.0,1.6,-0.0,2.0,15.3,69.9,
,88.9,84.1,48.8,90.8,-0.0,1.1,-0.0,1.6,-0.0,2.0,15.3,69.9,
,88.9,84.1,48.8,90.8,-0.0,1.1,-0.0,1.6,-0.0,2.0,15.3,69.9,
,88.9,84.1,48.8,90.8,-0.0,1.1,-0.0,1.6,-0.0,2.0,15.3,69.9,
,88.9,84.1,48.8,90.8,-0.0,1.1,-0.0,1.6,-0.0,2.0,15.3,69.9,
,88.9,84.1,48.8,90.8,-0.0,1.1,-0.0,1.6,-0.0,2.0,15.3,69.9,
,128.6,79.8,99.7,61.9,51.4,2.0,3.6,-0.0,1.0,8.2,13.7,44.4,128.6
,128.6,79.8,99.7,61.9,51.4,2.0,3.6,-0.0,1.0,8.2,13.7,44.4,
,128.6,79.8,99.7,61.9,51.4,2.0,3.6,-0.0,1.0,8.2,13.7,44.4,
,128.6,79.8,99.7,61.9,51.4,2.0,3.6,-0.0,1.0,8.2,13.7,44.4,
,128.6,79.8,99.7,61.9,51.4,2.0,3.6,-0.0,1.0,8.2,13.7,44.4,
,128.6,79.8,99.7,61.9,51.4,2.0,3.6,-0.0,1.0,8.2,13.7,44.4,
,128.6,79.8,99.7,61.9,51.4,2.0,3.6,-0.0,1.0,8.2,13.7,44.4,
,128.6,79.8,99.7,61.9,51.4,2.0,3.6,-0.0,1.0,8.2,13.7,44.4,
,128.6,79.8,99.7,61.9,51.4,2.0,3.6,-0.0,1.0,8.2,13.7,44.4,
,128.6,79.8,99.7,61.9,51.4,2.0,3.6,-0.0,1.0,8.2,13.7,44.4,
,128.6,79.8,99.7,61.9,51.4,2.0,3.6,-0.0,1.0,8.2,13.7,44.4,
,128.6,79.8,99.7,61.9,51.4,2.0,3.6,-0.0,1.0,8.2,13.7,44.4,
,82.8,81.6,49.0,115.2,27.2,8.4,8.4,14.5,14.6,1.4,4.1,104.0,115.2
,82.8,81.6,49.0,115.2,27.2,8.4,8.4,14.5,14.6,1.4,4.1,104.0,
,82.8,81.6,49.0,115.2,27.2,8.4,8.4,14.5,14.6,1.4,4.1,104.0,
,82.8,81.6,49.0,115.2,27.2,8.4,8.4,14.5,14.6,1.4,4.1,104.0,
,82.8,81.6,49.0,115.2,27.2,8.4,8.4,14.5,14.6,1.4,4.1,104.0,
,82.8,81.6,49.0,115.2,27.2,8.4,8.4,14.5,14.6,1.4,4.1,104.0,
,82.8,81.6,49.0,115.2,27.2,8.4,8.4,14.5,14.6,1.4,4.1,104.0,
,82.8,81.6,49.0,115.2,27.2,8.4,8.4,14.5,14.6,1.4,4.1,104.0,
,82.8,81.6,49.0,115.2,27.2,8.4,8.4,14.5,14.6,1.4,4.1,104.0,
,82.8,81.6,49.0,115.2,27.2,8.4,8.4,14.5,14.6,1.4,4.1,104.0,
,82.8,81.6,49.0,115.2,27.2,8.4,8.4,14.5,14.6,1.4,4.1,104.0,
,82.8,81.6,49.0,115.2,27.2,8.4,8.4,14.5,14.6,1.4,4.1,104.0,
,45.0,158.0,93.3,60.6,34.7,23.9,25.4,0.6,1.0,20.8,15.7,108.0,158.0
,45.0,158.0,93.3,60.6,34.7,23.9,25.4,0.6,1.0,20.8,15.7,108.0,
,45.0,158.0,93.3,60.6,34.7,23.9,25.4,0.6,1.0,20.8,15.7,108.0,
,45.0,158.0,93.3,60.6,34.7,23.9,25.4,0.6,1.0,20.8,15.7,108.0,
,45.0,158.0,93.3,60.6,34.7,23.9,25.4,0.6,1.0,20.8,15.7,108.0,
,45.0,158.0,93.3,60.6,34.7,23.9,25.4,0.6,1.0,20.8,15.7,108.0,
,45.0,158.0,93.3,60.6,34.7,23.9,25.4,0.6,1.0,20.8,15.7,108.0,
,45.0,158.0,93.3,60.6,34.7,23.9,25.4,0.6,1.0,20.8,15.7,108.0,
,45.0,158.0,93.3,60.6,34.7,23.9,25.4,0.6,1.0,20.8,15.7,108.0,
,45.0,158.0,93.3,60.6,34.7,23.9,25.4,0.6,1.0,20.8,15.7,108.0,
,45.0,158.0,93.3,60.6,34.7,23.9,25.4,0.6,1.0,20.8,15.7,108.0,
,45.0,158.0,93.3,60.6,34.7,23.9,25.4,0.6,1.0,20.8,15.7,108.0,
,163.0,66.0,71.2,69.0,9.4,0.9,79.1,0.6,9.0,9.0,56.3,14.3,163.0
,163.0,66.0,71.2,69.0,9.4,0.9,79.1,0.6,9.0,9.0,56.3,14.3,
,163.0,66.0,71.2,69.0,9.4,0.9,79.1,0.6,9.0,9.0,56.3,14.3,
,163.0,66.0,71.2,69.0,9.4,0.9,79.1,0.6,9.0,9.0,56.3,14.3,
,163.0,66.0,71.2,69.0,9.4,0.9,79.1,0.6,9.0,9.0,56.3,14.3,
,163.0,66.0,71.2,69.0,9.4,0.9,79.1,0.6,9.0,9.0,56.3,14.3,
,163.0,66.0,71.2,69.0,9.4,0.9,79.1,0.6,9.0,9.0,56.3,14.3,
,163.0,66.0,71.2,69.0,9.4,0.9,79.1,0.6,9.0,9.0,56.3,14.3,
,163.0,66.0,71.2,69.0,9.4,0.9,79.1,0.6,9.0,9.0,56.3,14.3,
,163.0,66.0,71.2,69.0,9.4,0.9,79.1,0.6,9.0,9.0,56.3,14.3,
,163.0,66.0,71.2,69.0,9.4,0.9,79.1,0.6,9.0,9.0,56.3,14.3,
,163.0,66.0,71.2,69.0,9.4,0.9,79.1,0.6,9.0,9.0,56.3,14.3,
,136.4,69.0,164.4,44.2,33.5,1.7,7.1,3.4,-0.0,0.3,34.2,77.3,164.4
,136.4,69.0,164.4,44.2,33.5,1.7,7.1,3.4,-0.0,0.3,34.2,77.3,
,136.4,69.0,164.4,44.2,33.5,1.7,7.1,3.4,-0.0,0.3,34.2,77.3,
,136.4,69.0,164.4,44.2,33.5,1.7,7.1,3.4,-0.0,0.3,34.2,77.3,
,136.4,69.0,164.4,44.2,33.5,1.7,7.1,3.4,-0.0,0.3,34.2,77.3,
,136.4,69.0,164.4,44.2,33.5,1.7,7.1,3.4,-0.0,0.3,34.2,77.3,
,136.4,69.0,164.4,44.2,33.5,1.7,7.1,3.4,-0.0,0.3,34.2,77.3,
,136.4,69.0,164.4,44.2,33.5,1.7,7.1,3.4,-0.0,0.3,34.2,77.3,
,136.4,69.0,164.4,44.2,33.5,1.7,7.1,3.4,-0.0,0.3,34.2,77.3,
,136.4,69.0,164.4,44.2,33.5,1.7,7.1,3.4,-0.0,0.3,34.2,77.3,
,136.4,69.0,164.4,44.2,33.5,1.7,7.1,3.4,-0.0,0.3,34.2,77.3,
,136.4,69.0,164.4,44.2,33.5,1.7,7.1,3.4,-0.0,0.3,34.2,77.3,
,220.6,198.1,84.1,49.1,100.9,4.1,2.9,6.7,-0.0,-0.0,29.8,6.0,220.6
,220.6,198.1,84.1,49.1,100.9,4.1,2.9,6.7,-0.0,-0.0,29.8,6.0,
,220.6,198.1,84.1,49.1,100.9,4.1,2.9,6.7,-0.0,-0.0,29.8,6.0,
,220.6,198.1,84.1,49.1,100.9,4.1,2.9,6.7,-0.0,-0.0,29.8,6.0,
,220.6,198.1,84.1,49.1,100.9,4.1,2.9,6.7,-0.0,-0.0,29.8,6.0,
,220.6,198.1,84.1,49.1,100.9,4.1,2.9,6.7,-0.0,-0.0,29.8,6.0,
,220.6,198.1,84.1,49.1,100.9,4.1,2.9,6.7,-0.0,-0.0,29.8,6.0,
,220.6,198.1,84.1,49.1,100.9,4.1,2.9,6.7,-0.0,-0.0,29.8,6.0,
,220.6,198.1,84.1,49.1,100.9,4.1,2.9,6.7,-0.0,-0.0,29.8,6.0,
,220.6,198.1,84.1,49.1,100.9,4.1,2.9,6.7,-0.0,-0.0,29.8,6.0,
,220.6,198.1,84.1,49.1,100.9,4.1,2.9,6.7,-0.0,-0.0,29.8,6.0,
,220.6,198.1,84.1,49.1,100.9,4.1,2.9,6.7,-0.0,-0.0,29.8,6.0,
,99.4,51.2,131.8,77.2,59.9,12.3,12.3,2.4,-0.0,0.3,-0.0,183.6,183.6
,99.4,51.2,131.8,77.2,59.9,12.3,12.3,2.4,-0.0,0.3,-0.0,183.6,
,99.4,51.2,131.8,77.2,59.9,12.3,12.3,2.4,-0.0,0.3,-0.0,183.6,
,99.4,51.2,131.8,77.2,59.9,12.3,12.3,2.4,-0.0,0.3,-0.0,183.6,
,99.4,51.2,131.8,77.2,59.9,12.3,12.3,2.4,-0.0,0.3,-0.0,183.6,
,99.4,51.2,131.8,77.2,59.9,12.3,12.3,2.4,-0.0,0.3,-0.0,183.6,
,99.4,51.2,131.8,77.2,59.9,12.3,12.3,2.4,-0.0,0.3,-0.0,183.6,
,99.4,51.2,131.8,77.2,59.9,12.3,12.3,2.4,-0.0,0.3,-0.0,183.6,
,99.4,51.2,131.8,77.2,59.9,12.3,12.3,2.4,-0.0,0.3,-0.0,183.6,
,99.4,51.2,131.8,77.2,59.9,12.3,12.3,2.4,-0.0,0.3,-0.0,183.6,
,99.4,51.2,131.8,77.2,59.9,12.3,12.3,2.4,-0.0,0.3,-0.0,183.6,
,99.4,51.2,131.8,77.2,59.9,12.3,12.3,2.4,-0.0,0.3,-0.0,183.6,
,40.7,91.2,146.8,92.0,23.7,5.5,7.4,-0.0,-0.0,12.7,12.8,38.3,146.8
,40.7,91.2,146.8,92.0,23.7,5.5,7.4,-0.0,-0.0,12.7,12.8,38.3,
,40.7,91.2,146.8,92.0,23.7,5.5,7.4,-0.0,-0.0,12.7,12.8,38.3,
,40.7,91.2,146.8,92.0,23.7,5.5,7.4,-0.0,-0.0,12.7,12.8,38.3,
,40.7,91.2,146.8,92.0,23.7,5.5,7.4,-0.0,-0.0,12.7,12.8,38.3,
,40.7,91.2,146.8,92.0,23.7,5.5,7.4,-0.0,-0.0,12.7,12.8,38.3,
,40.7,91.2,146.8,92.0,23.7,5.5,7.4,-0.0,-0.0,12.7,12.8,38.3,
,40.7,91.2,146.8,92.0,23.7,5.5,7.4,-0.0,-0.0,12.7,12.8,38.3,
,40.7,91.2,146.8,92.0,23.7,5.5,7.4,-0.0,-0.0,12.7,12.8,38.3,
,40.7,91.2,146.8,92.0,23.7,5.5,7.4,-0.0,-0.0,12.7,12.8,38.3,
,40.7,91.2,146.8,92.0,23.7,5.5,7.4,-0.0,-0.0,12.7,12.8,38.3,
,40.7,91.2,146.8,92.0,23.7,5.5,7.4,-0.0,-0.0,12.7,12.8,38.3,
,98.8,216.6,45.9,116.6,43.9,7.9,-0.0,0.2,0.5,0.1,25.7,69.7,216.6
,98.8,216.6,45.9,116.6,43.9,7.9,-0.0,0.2,0.5,0.1,25.7,69.7,
,98.8,216.6,45.9,116.6,43.9,7.9,-0.0,0.2,0.5,0.1,25.7,69.7,
,98.8,216.6,45.9,116.6,43.9,7.9,-0.0,0.2,0.5,0.1,25.7,69.7,
,98.8,216.6,45.9,116.6,43.9,7.9,-0.0,0.2,0.5,0.1,25.7,69.7,
,98.8,216.6,45.9,116.6,43.9,7.9,-0.0,0.2,0.5,0.1,25.7,69.7,
,98.8,216.6,45.9,116.6,43.9,7.9,-0.0,0.2,0.5,0.1,25.7,69.7,
,98.8,216.6,45.9,116.6,43.9,7.9,-0.0,0.2,0.5,0.1,25.7,69.7,
,98.8,216.6,45.9,116.6,43.9,7.9,-0.0,0.2,0.5,0.1,25.7,69.7,
,98.8,216.6,45.9,116.6,43.9,7.9,-0.0,0.2,0.5,0.1,25.7,69.7,
,98.8,216.6,45.9,116.6,43.9,7.9,-0.0,0.2,0.5,0.1,25.7,69.7,
,98.8,216.6,45.9,116.6,43.9,7.9,-0.0,0.2,0.5,0.1,25.7,69.7,
,94.7,170.9,179.4,104.9,76.0,16.0,9.0,7.6,2.7,2.7,0.3,88.9,179.4
,94.7,170.9,179.4,104.9,76.0,16.0,9.0,7.6,2.7,2.7,0.3,88.9,
,94.7,170.9,179.4,104.9,76.0,16.0,9.0,7.6,2.7,2.7,0.3,88.9,
,94.7,170.9,179.4,104.9,76.0,16.0,9.0,7.6,2.7,2.7,0.3,88.9,
,94.7,170.9,179.4,104.9,76.0,16.0,9.0,7.6,2.7,2.7,0.3,88.9,
,94.7,170.9,179.4,104.9,76.0,16.0,9.0,7.6,2.7,2.7,0.3,88.9,
,94.7,170.9,179.4,104.9,76.0,16.0,9.0,7.6,2.7,2.7,0.3,88.9,
,94.7,170.9,179.4,104.9,76.0,16.0,9.0,7.6,2.7,2.7,0.3,88.9,
,94.7,170.9,179.4,104.9,76.0,16.0,9.0,7.6,2.7,2.7,0.3,88.9,
,94.7,170.9,179.4,104.9,76.0,16.0,9.0,7.6,2.7,2.7,0.3,88.9,
,94.7,170.9,179.4,104.9,76.0,16.0,9.0,7.6,2.7,2.7,0.3,88.9,
,94.7,170.9,179.4,104.9,76.0,16.0,9.0,7.6,2.7,2.7,0.3,88.9,
,45.7,48.8,79.3,135.6,133.2,18.6,52.7,0.1,0.6,19.1,27.0,49.0,135.6
,45.7,48.8,79.3,135.6,133.2,18.6,52.7,0.1,0.6,19.1,27.0,49.0,
,45.7,48.8,79.3,135.6,133.2,18.6,52.7,0.1,0.6,19.1,27.0,49.0,
,45.7,48.8,79.3,135.6,133.2,18.6,52.7,0.1,0.6,19.1,27.0,49.0,
,45.7,48.8,79.3,135.6,133.2,18.6,52.7,0.1,0.6,19.1,27.0,49.0,
,45.7,48.8,79.3,135.6,133.2,18.6,52.7,0.1,0.6,19.1,27.0,49.0,
,45.7,48.8,79.3,135.6,133.2,18.6,52.7,0.1,0.6,19.1,27.0,49.0,
,45.7,48.8,79.3,135.6,133.2,18.6,52.7,0.1,0.6,19.1,27.0,49.0,
,45.7,48.8,79.3,135.6,133.2,18.6,52.7,0.1,0.6,19.1,27.0,49.0,
,45.7,48.8,79.3,135.6,133.2,18.6,52.7,0.1,0.6,19.1,27.0,49.0,
,45.7,48.8,79.3,135.6,133.2,18.6,52.7,0.1,0.6,19.1,27.0,49.0,
,45.7,48.8,79.3,135.6,133.2,18.6,52.7,0.1,0.6,19.1,27.0,49.0,
,170.0,62.0,149.8,220.1,12.8,27.1,7.5,-0.0,-0.0,21.4,10.0,105.1,220.1
,170.0,62.0,149.8,220.1,12.8,27.1,7.5,-0.0,-0.0,21.4,10.0,105.1,
,170.0,62.0,149.8,220.1,12.8,27.1,7.5,-0.0,-0.0,21.4,10.0,105.1,
,170.0,62.0,149.8,220.1,12.8,27.1,7.5,-0.0,-0.0,21.4,10.0,105.1,
,170.0,62.0,149.8,220.1,12.8,27.1,7.5,-0.0,-0.0,21.4,10.0,105.1,
,170.0,62.0,149.8,220.1,12.8,27.1,7.5,-0.0,-0.0,21.4,10.0,105.1,
,170.0,62.0,149.8,220.1,12.8,27.1,7.5,-0.0,-0.0,21.4,10.0,105.1,
,170.0,62.0,149.8,220.1,12.8,27.1,7.5,-0.0,-0.0,21.4,10.0,105.1,
,170.0,62.0,149.8,220.1,12.8,27.1,7.5,-0.0,-0.0,21.4,10.0,105.1,
,170.0,62.0,149.8,220.1,12.8,27.1,7.5,-0.0,-0.0,21.4,10.0,105.1,
,170.0,62.0,149.8,220.1,12.8,27.1,7.5,-0.0,-0.0,21.4,10.0,105.1,
,170.0,62.0,149.8,220.1,12.8,27.1,7.5,-0.0,-0.0,21.4,10.0,105.1,
,174.2,103.4,149.0,35.3,61.7,2.4,3.6,7.4,-0.0,195.8,50.7,44.8,195.8
,174.2,103.4,149.0,35.3,61.7,2.4,3.6,7.4,-0.0,195.8,50.7,44.8,
,174.2,103.4,149.0,35.3,61.7,2.4,3.6,7.4,-0.0,195.8,50.7,44.8,
,174.2,103.4,149.0,35.3,61.7,2.4,3.6,7.4,-0.0,195.8,50.7,44.8,
,174.2,103.4,149.0,35.3,61.7,2.4,3.6,7.4,-0.0,195.8,50.7,44.8,
,174.2,103.4,149.0,35.3,61.7,2.4,3.6,7.4,-0.0,195.8,50.7,44.8,
,174.2,103.4,149.0,35.3,61.7,2.4,3.6,7.4,-0.0,195.8,50.7,44.8,
,174.2,103.4,149.0,35.3,61.7,2.4,3.6,7.4,-0.0,195.8,50.7,44.8,
,174.2,103.4,149.0,35.3,61.7,2.4,3.6,7.4,-0.0,195.8,50.7,44.8,
,174.2,103.4,149.0,35.3,61.7,2.4,3.6,7.4,-0.0,195.8,50.7,44.8,
,174.2,103.4,149.0,35.3,61.7,2.4,3.6,7.4,-0.0,195.8,50.7,44.8,
,174.2,103.4,149.0,35.3,61.7,2.4,3.6,7.4,-0.0,195.8,50.7,44.8,
,13.2,69.3,70.2,30.2,2.8,9.0,7.3,-0.0,-0.0,6.1,25.0,50.9,70.2
,13.2,69.3,70.2,30.2,2.8,9.0,7.3,-0.0,-0.0,6.1,25.0,50.9,
,13.2,69.3,70.2,30.2,2.8,9.0,7.3,-0.0,-0.0,6.1,25.0,50.9,
,13.2,69.3,70.2,30.2,2.8,9.0,7.3,-0.0,-0.0,6.1,25.0,50.9,
,13.2,69.3,70.2,30.2,2.8,9.0,7.3,-0.0,-0.0,6.1,25.0,50.9,
,13.2,69.3,70.2,30.2,2.8,9.0,7.3,-0.0,-0.0,6.1,25.0,50.9,
,13.2,69.3,70.2,30.2,2.8,9.0,7.3,-0.0,-0.0,6.1,25.0,50.9,
,13.2,69.3,70.2,30.2,2.8,9.0,7.3,-0.0,-0.0,6.1,25.0,50.9,
,13.2,69.3,70.2,30.2,2.8,9.0,7.3,-0.0,-0.0,6.1,25.0,50.9,
,13.2,69.3,70.2,30.2,2.8,9.0,7.3,-0.0,-0.0,6.1,25.0,50.9,
,13.2,69.3,70.2,30.2,2.8,9.0,7.3,-0.0,-0.0,6.1,25.0,50.9,
,13.2,69.3,70.2,30.2,2.8,9.0,7.3,-0.0,-0.0,6.1,25.0,50.9,
,93.5,63.9,156.3,97.2,74.6,136.3,6.9,-0.0,-0.0,10.0,38.3,41.2,156.3
,93.5,63.9,156.3,97.2,74.6,136.3,6.9,-0.0,-0.0,10.0,38.3,41.2,
,93.5,63.9,156.3,97.2,74.6,136.3,6.9,-0.0,-0.0,10.0,38.3,41.2,
,93.5,63.9,156.3,97.2,74.6,136.3,6.9,-0.0,-0.0,10.0,38.3,41.2,
,93.5,63.9,156.3,97.2,74.6,136.3,6.9,-0.0,-0.0,10.0,38.3,41.2,
,93.5,63.9,156.3,97.2,74.6,136.3,6.9,-0.0,-0.0,10.0,38.3,41.2,
,93.5,63.9,156.3,97.2,74.6,136.3,6.9,-0.0,-0.0,10.0,38.3,41.2,
,93.5,63.9,156.3,97.2,74.6,136.3,6.9,-0.0,-0.0,10.0,38.3,41.2,
,93.5,63.9,156.3,97.2,74.6,136.3,6.9,-0.0,-0.0,10.0,38.3,41.2,
,93.5,63.9,156.3,97.2,74.6,136.3,6.9,-0.0,-0.0,10.0,38.3,41.2,
,93.5,63.9,156.3,97.2,74.6,136.3,6.9,-0.0,-0.0,10.0,38.3,41.2,
,93.5,63.9,156.3,97.2,74.6,136.3,6.9,-0.0,-0.0,10.0,38.3,41.2,
,21.8,113.9,238.8,107.8,34.3,34.3,12.9,7.1,2.9,9.6,47.9,17.4,238.8
,21.8,113.9,238.8,107.8,34.3,34.3,12.9,7.1,2.9,9.6,47.9,17.4,
,21.8,113.9,238.8,107.8,34.3,34.3,12.9,7.1,2.9,9.6,47.9,17.4,
,21.8,113.9,238.8,107.8,34.3,34.3,12.9,7.1,2.9,9.6,47.9,17.4,
,21.8,113.9,238.8,107.8,34.3,34.3,12.9,7.1,2.9,9.6,47.9,17.4,
,21.8,113.9,238.8,107.8,34.3,34.3,12.9,7.1,2.9,9.6,47.9,17.4,
,21.8,113.9,238.8,107.8,34.3,34.3,12.9,7.1,2.9,9.6,47.9,17.4,
,21.8,113.9,238.8,107.8,34.3,34.3,12.9,7.1,2.9,9.6,47.9,17.4,
,21.8,113.9,238.8,107.8,34.3,34.3,12.9,7.1,2.9,9.6,47.9,17.4,
,21.8,113.9,238.8,107.8,34.3,34.3,12.9,7.1,2.9,9.6,47.9,17.4,
,21.8,113.9,238.8,107.8,34.3,34.3,12.9,7.1,2.9,9.6,47.9,17.4,
,21.8,113.9,238.8,107.8,34.3,34.3,12.9,7.1,2.9,9.6,47.9,17.4,
,93.5,60.4,122.9,186.8,149.1,25.5,21.2,0.2,-0.0,3.9,3.9,6.3,186.8
,93.5,60.4,122.9,186.8,149.1,25.5,21.2,0.2,-0.0,3.9,3.9,6.3,
,93.5,60.4,122.9,186.8,149.1,25.5,21.2,0.2,-0.0,3.9,3.9,6.3,
,93.5,60.4,122.9,186.8,149.1,25.5,21.2,0.2,-0.0,3.9,3.9,6.3,
,93.5,60.4,122.9,186.8,149.1,25.5,21.2,0.2,-0.0,3.9,3.9,6.3,
,93.5,60.4,122.9,186.8,149.1,25.5,21.2,0.2,-0.0,3.9,3.9,6.3,
,93.5,60.4,122.9,186.8,149.1,25.5,21.2,0.2,-0.0,3.9,3.9,6.3,
,93.5,60.4,122.9,186.8,149.1,25.5,21.2,0.2,-0.0,3.9,3.9,6.3,
,93.5,60.4,122.9,186.8,149.1,25.5,21.2,0.2,-0.0,3.9,3.9,6.3,
,93.5,60.4,122.9,186.8,149.1,25.5,21.2,0.2,-0.0,3.9,3.9,6.3,
,93.5,60.4,122.9,186.8,149.1,25.5,21.2,0.2,-0.0,3.9,3.9,6.3,
,93.5,60.4,122.9,186.8,149.1,25.5,21.2,0.2,-0.0,3.9,3.9,6.3,
,107.6,45.5,97.6,49.3,19.2,17.4,-0.0,-0.0,3.1,-0.0,-0.0,61.2,107.6
,107.6,45.5,97.6,49.3,19.2,17.4,-0.0,-0.0,3.1,-0.0,-0.0,61.2,
,107.6,45.5,97.6,49.3,19.2,17.4,-0.0,-0.0,3.1,-0.0,-0.0,61.2,
,107.6,45.5,97.6,49.3,19.2,17.4,-0.0,-0.0,3.1,-0.0,-0.0,61.2,
,107.6,45.5,97.6,49.3,19.2,17.4,-0.0,-0.0,3.1,-0.0,-0.0,61.2,
,107.6,45.5,97.6,49.3,19.2,17.4,-0.0,-0.0,3.1,-0.0,-0.0,61.2,
,107.6,45.5,97.6,49.3,19.2,17.4,-0.0,-0.0,3.1,-0.0,-0.0,61.2,
,107.6,45.5,97.6,49.3,19.2,17.4,-0.0,-0.0,3.1,-0.0,-0.0,61.2,
,107.6,45.5,97.6,49.3,19.2,17.4,-0.0,-0.0,3.1,-0.0,-0.0,61.2,
,107.6,45.5,97.6,49.3,19.2,17.4,-0.0,-0.0,3.1,-0.0,-0.0,61.2,
,107.6,45.5,97.6,49.3,19.2,17.4,-0.0,-0.0,3.1,-0.0,-0.0,61.2,
,107.6,45.5,97.6,49.3,19.2,17.4,-0.0,-0.0,3.1,-0.0,-0.0,61.2,
,119.0,96.3,83.7,79.3,23.0,5.1,4.8,-0.0,-0.0,5.9,90.3,35.3,119.0
,119.0,96.3,83.7,79.3,23.0,5.1,4.8,-0.0,-0.0,5.9,90.3,35.3,
,119.0,96.3,83.7,79.3,23.0,5.1,4.8,-0.0,-0.0,5.9,90.3,35.3,
,119.0,96.3,83.7,79.3,23.0,5.1,4.8,-0.0,-0.0,5.9,90.3,35.3,
,119.0,96.3,83.7,79.3,23.0,5.1,4.8,-0.0,-0.0,5.9,90.3,35.3,
,119.0,96.3,83.7,79.3,23.0,5.1,4.8,-0.0,-0.0,5.9,90.3,35.3,
,119.0,96.3,83.7,79.3,23.0,5.1,4.8,-0.0,-0.0,5.9,90.3,35.3,
,119.0,96.3,83.7,79.3,23.0,5.1,4.8,-0.0,-0.0,5.9,90.3,35.3,
,119.0,96.3,83.7,79.3,23.0,5.1,4.8,-0.0,-0.0,5.9,90.3,35.3,
,119.0,96.3,83.7,79.3,23.0,5.1,4.8,-0.0,-0.0,5.9,90.3,35.3,
,119.0,96.3,83.7,79.3,23.0,5.1,4.8,-0.0,-0.0,5.9,90.3,35.3,
,119.0,96.3,83.7,79.3,23.0,5.1,4.8,-0.0,-0.0,5.9,90.3,35.3,
,84.0,122.3,94.1,101.8,-0.0,-0.0,-0.0,-0.0,-0.0,30.0,51.2,67.8,122.3
,84.0,122.3,94.1,101.8,-0.0,-0.0,-0.0,-0.0,-0.0,30.0,51.2,67.8,
,84.0,122.3,94.1,101.8,-0.0,-0.0,-0.0,-0.0,-0.0,30.0,51.2,67.8,
,84.0,122.3,94.1,101.8,-0.0,-0.0,-0.0,-0.0,-0.0,30.0,51.2,67.8,
,84.0,122.3,94.1,101.8,-0.0,-0.0,-0.0,-0.0,-0.0,30.0,51.2,67.8,
,84.0,122.3,94.1,101.8,-0.0,-0.0,-0.0,-0.0,-0.0,30.0,51.2,67.8,
,84.0,122.3,94.1,101.8,-0.0,-0.0,-0.0,-0.0,-0.0,30.0,51.2,67.8,
,84.0,122.3,94.1,101.8,-0.0,-0.0,-0.0,-0.0,-0.0,30.0,51.2,67.8,
,84.0,122.3,94.1,101.8,-0.0,-0.0,-0.0,-0.0,-0.0,30.0,51.2,67.8,
,84.0,122.3,94.1,101.8,-0.0,-0.0,-0.0,-0.0,-0.0,30.0,51.2,67.8,
,84.0,122.3,94.1,101.8,-0.0,-0.0,-0.0,-0.0,-0.0,30.0,51.2,67.8,
,84.0,122.3,94.1,101.8,-0.0,-0.0,-0.0,-0.0,-0.0,30.0,51.2,67.8,
,43.9,76.9,104.0,116.0,40.7,92.5,-0.0,-495.0,-0.0,14.9,32.2,9.0,116.0
,43.9,76.9,104.0,116.0,40.7,92.5,-0.0,-495.0,-0.0,14.9,32.2,9.0,
,43.9,76.9,104.0,116.0,40.7,92.5,-0.0,-495.0,-0.0,14.9,32.2,9.0,
,43.9,76.9,104.0,116.0,40.7,92.5,-0.0,-495.0,-0.0,14.9,32.2,9.0,
,43.9,76.9,104.0,116.0,40.7,92.5,-0.0,-495.0,-0.0,14.9,32.2,9.0,
,43.9,76.9,104.0,116.0,40.7,92.5,-0.0,-495.0,-0.0,14.9,32.2,9.0,
,43.9,76.9,104.0,116.0,40.7,92.5,-0.0,-495.0,-0.0,14.9,32.2,9.0,
,43.9,76.9,104.0,116.0,40.7,92.5,-0.0,-495.0,-0.0,14.9,32.2,9.0,
,43.9,76.9,104.0,116.0,40.7,92.5,-0.0,-495.0,-0.0,14.9,32.2,9.0,
,43.9,76.9,104.0,116.0,40.7,92.5,-0.0,-495.0,-0.0,14.9,32.2,9.0,
,43.9,76.9,104.0,116.0,40.7,92.5,-0.0,-495.0,-0.0,14.9,32.2,9.0,
,43.9,76.9,104.0,116.0,40.7,92.5,-0.0,-495.0,-0.0,14.9,32.2,9.0,
