year,jan,feb,mar,apr,may,jun,jul,aug,sep,oct,nov,dec,annual
,0.0,0.0,0.0,0.0,0.0,0.0,0.0,0.0,0.0,0.0,0.0,0.0,0.0
,0.0,0.0,0.0,0.0,0.0,0.0,0.0,0.0,0.0,0.0,0.0,0.0,
,0.0,0.0,0.0,0.0,0.0,0.0,0.0,0.0,0.0,0.0,0.0,0.0,
,0.0,0.0,0.0,0.0,0.0,0.0,0.0,0.0,0.0,0.0,0.0,0.0,
,0.0,0.0,0.0,0.0,0.0,0.0,0.0,0.0,0.0,0.0,0.0,0.0,
,0.0,0.0,0.0,0.0,0.0,0.0,0.0,0.0,0.0,0.0,0.0,0.0,
,0.0,0.0,0.0,0.0,0.0,0.0,0.0,0.0,0.0,0.0,0.0,0.0,
,0.0,0.0,0.0,0.0,0.0,0.0,0.0,0.0,0.0,0.0,0.0,0.0,
,0.0,0.0,0.0,0.0,0.0,0.0,0.0,0.0,0.0,0.0,0.0,0.0,
,0.0,0.0,0.0,0.0,0.0,0.0,0.0,0.0,0.0,0.0,0.0,0.0,
,0.0,0.0,0.0,0.0,0.0,0.0,0.0,0.0,0.0,0.0,0.0,0.0,
,0.0,0.0,0.0,0.0,0.0,0.0,0.0,0.0,0.0,0.0,0.0,0.0,
,0.0,0.0,0.0,0.0,0.0,0.0,0.0,0.0,0.0,0.0,0.0,0.0,0.0
,0.0,0.0,0.0,0.0,0.0,0.0,0.0,0.0,0.0,0.0,0.0,0.0,
,0.0,0.0,0.0,0.0,0.0,0.0,0.0,0.0,0.0,0.0,0.0,0.0,
,0.0,0.0,0.0,0.0,0.0,0.0,0.0,0.0,0.0,0.0,0.0,0.0,
,0.0,0.0,0.0,0.0,0.0,0.0,0.0,0.0,0.0,0.0,0.0,0.0,
,0.0,0.0,0.0,0.0,0.0,0.0,0.0,0.0,0.0,0.0,0.0,0.0,
,0.0,0.0,0.0,0.0,0.0,0.0,0.0,0.0,0.0,0.0,0.0,0.0,
,0.0,0.0,0.0,0.0,0.0,0.0,0.0,0.0,0.0,0.0,0.0,0.0,
,0.0,0.0,0.0,0.0,0.0,0.0,0.0,0.0,0.0,0.0,0.0,0.0,
,0.0,0.0,0.0,0.0,0.0,0.0,0.0,0.0,0.0,0.0,0.0,0.0,
,0.0,0.0,0.0,0.0,0.0,0.0,0.0,0.0,0.0,0.0,0.0,0.0,
,0.0,0.0,0.0,0.0,0.0,0.0,0.0,0.0,0.0,0.0,0.0,0.0,
,0.0,0.0,0.0,0.0,0.0,0.0,0.0,0.0,0.0,0.0,0.0,0.0,0.0
,0.0,0.0,0.0,0.0,0.0,0.0,0.0,0.0,0.0,0.0,0.0,0.0,
,0.0,0.0,0.0,0.0,0.0,0.0,0.0,0.0,0.0,0.0,0.0,0.0,
,0.0,0.0,0.0,0.0,0.0,0.0,0.0,0.0,0.0,0.0,0.0,0.0,
,0.0,0.0,0.0,0.0,0.0,0.0,0.0,0.0,0.0,0.0,0.0,0.0,
,0.0,0.0,0.0,0.0,0.0,0.0,0.0,0.0,0.0,0.0,0.0,0.0,
,0.0,0.0,0.0,0.0,0.0,0.0,0.0,0.0,0.0,0.0,0.0,0.0,
,0.0,0.0,0.0,0.0,0.0,0.0,0.0,0.0,0.0,0.0,0.0,0.0,
,0.0,0.0,0.0,0.0,0.0,0.0,0.0,0.0,0.0,0.0,0.0,0.0,
,0.0,0.0,0.0,0.0,0.0,0.0,0.0,0.0,0.0,0.0,0.0,0.0,
,0.0,0.0,0.0,0.0,0.0,0.0,0.0,0.0,0.0,0.0,0.0,0.0,
,0.0,0.0,0.0,0.0,0.0,0.0,0.0,0.0,0.0,0.0,0.0,0.0,
,0.0,0.0,0.0,0.0,0.0,0.0,0.0,0.0,0.0,0.0,0.0,0.0,0.0
,0.0,0.0,0.0,0.0,0.0,0.0,0.0,0.0,0.0,0.0,0.0,0.0,
,0.0,0.0,0.0,0.0,0.0,0.0,0.0,0.0,0.0,0.0,0.0,0.0,
,0.0,0.0,0.0,0.0,0.0,0.0,0.0,0.0,0.0,0.0,0.0,0.0,
,0.0,0.0,0.0,0.0,0.0,0.0,0.0,0.0,0.0,0.0,0.0,0.0,
,0.0,0.0,0.0,0.0,0.0,0.0,0.0,0.0,0.0,0.0,0.0,0.0,
,0.0,0.0,0.0,0.0,0.0,0.0,0.0,0.0,0.0,0.0,0.0,0.0,
,0.0,0.0,0.0,0.0,0.0,0.0,0.0,0.0,0.0,0.0,0.0,0.0,
,0.0,0.0,0.0,0.0,0.0,0.0,0.0,0.0,0.0,0.0,0.0,0.0,
,0.0,0.0,0.0,0.0,0.0,0.0,0.0,0.0,0.0,0.0,0.0,0.0,
,0.0,0.0,0.0,0.0,0.0,0.0,0.0,0.0,0.0,0.0,0.0,0.0,
,0.0,0.0,0.0,0.0,0.0,0.0,0.0,0.0,0.0,0.0,0.0,0.0,
,0.0,0.0,0.0,0.0,0.0,0.0,0.0,0.0,0.0,0.0,0.0,0.0,0.0
,0.0,0.0,0.0,0.0,0.0,0.0,0.0,0.0,0.0,0.0,0.0,0.0,
,0.0,0.0,0.0,0.0,0.0,0.0,0.0,0.0,0.0,0.0,0.0,0.0,
,0.0,0.0,0.0,0.0,0.0,0.0,0.0,0.0,0.0,0.0,0.0,0.0,
,0.0,0.0,0.0,0.0,0.0,0.0,0.0,0.0,0.0,0.0,0.0,0.0,
,0.0,0.0,0.0,0.0,0.0,0.0,0.0,0.0,0.0,0.0,0.0,0.0,
,0.0,0.0,0.0,0.0,0.0,0.0,0.0,0.0,0.0,0.0,0.0,0.0,
,0.0,0.0,0.0,0.0,0.0,0.0,0.0,0.0,0.0,0.0,0.0,0.0,
,0.0,0.0,0.0,0.0,0.0,0.0,0.0,0.0,0.0,0.0,0.0,0.0,
,0.0,0.0,0.0,0.0,0.0,0.0,0.0,0.0,0.0,0.0,0.0,0.0,
,0.0,0.0,0.0,0.0,0.0,0.0,0.0,0.0,0.0,0.0,0.0,0.0,
,0.0,0.0,0.0,0.0,0.0,0.0,0.0,0.0,0.0,0.0,0.0,0.0,
,0.0,0.0,0.0,0.0,0.0,0.0,0.0,0.0,0.0,0.0,0.0,0.0,0.0
,0.0,0.0,0.0,0.0,0.0,0.0,0.0,0.0,0.0,0.0,0.0,0.0,
,0.0,0.0,0.0,0.0,0.0,0.0,0.0,0.0,0.0,0.0,0.0,0.0,
,0.0,0.0,0.0,0.0,0.0,0.0,0.0,0.0,0.0,0.0,0.0,0.0,
,0.0,0.0,0.0,0.0,0.0,0.0,0.0,0.0,0.0,0.0,0.0,0.0,
,0.0,0.0,0.0,0.0,0.0,0.0,0.0,0.0,0.0,0.0,0.0,0.0,
,0.0,0.0,0.0,0.0,0.0,0.0,0.0,0.0,0.0,0.0,0.0,0.0,
,0.0,0.0,0.0,0.0,0.0,0.0,0.0,0.0,0.0,0.0,0.0,0.0,
,0.0,0.0,0.0,0.0,0.0,0.0,0.0,0.0,0.0,0.0,0.0,0.0,
,0.0,0.0,0.0,0.0,0.0,0.0,0.0,0.0,0.0,0.0,0.0,0.0,
,0.0,0.0,0.0,0.0,0.0,0.0,0.0,0.0,0.0,0.0,0.0,0.0,
,0.0,0.0,0.0,0.0,0.0,0.0,0.0,0.0,0.0,0.0,0.0,0.0,
,0.0,0.0,0.0,0.0,0.0,0.0,0.0,0.0,0.0,0.0,0.0,0.0,0.0
,0.0,0.0,0.0,0.0,0.0,0.0,0.0,0.0,0.0,0.0,0.0,0.0,
,0.0,0.0,0.0,0.0,0.0,0.0,0.0,0.0,0.0,0.0,0.0,0.0,
,0.0,0.0,0.0,0.0,0.0,0.0,0.0,0.0,0.0,0.0,0.0,0.0,
,0.0,0.0,0.0,0.0,0.0,0.0,0.0,0.0,0.0,0.0,0.0,0.0,
,0.0,0.0,0.0,0.0,0.0,0.0,0.0,0.0,0.0,0.0,0.0,0.0,
,0.0,0.0,0.0,0.0,0.0,0.0,0.0,0.0,0.0,0.0,0.0,0.0,
,0.0,0.0,0.0,0.0,0.0,0.0,0.0,0.0,0.0,0.0,0.0,0.0,
,0.0,0.0,0.0,0.0,0.0,0.0,0.0,0.0,0.0,0.0,0.0,0.0,
,0.0,0.0,0.0,0.0,0.0,0.0,0.0,0.0,0.0,0.0,0.0,0.0,
,0.0,0.0,0.0,0.0,0.0,0.0,0.0,0.0,0.0,0.0,0.0,0.0,
,0.0,0.0,0.0,0.0,0.0,0.0,0.0,0.0,0.0,0.0,0.0,0.0,
,0.0,0.0,0.0,0.0,0.0,0.0,0.0,0.0,0.0,0.0,0.0,0.0,0.0
,0.0,0.0,0.0,0.0,0.0,0.0,0.0,0.0,0.0,0.0,0.0,0.0,
,0.0,0.0,0.0,0.0,0.0,0.0,0.0,0.0,0.0,0.0,0.0,0.0,
,0.0,0.0,0.0,0.0,0.0,0.0,0.0,0.0,0.0,0.0,0.0,0.0,
,0.0,0.0,0.0,0.0,0.0,0.0,0.0,0.0,0.0,0.0,0.0,0.0,
,0.0,0.0,0.0,0.0,0.0,0.0,0.0,0.0,0.0,0.0,0.0,0.0,
,0.0,0.0,0.0,0.0,0.0,0.0,0.0,0.0,0.0,0.0,0.0,0.0,
,0.0,0.0,0.0,0.0,0.0,0.0,0.0,0.0,0.0,0.0,0.0,0.0,
,0.0,0.0,0.0,0.0,0.0,0.0,0.0,0.0,0.0,0.0,0.0,0.0,
,0.0,0.0,0.0,0.0,0.0,0.0,0.0,0.0,0.0,0.0,0.0,0.0,
,0.0,0.0,0.0,0.0,0.0,0.0,0.0,0.0,0.0,0.0,0.0,0.0,
,0.0,0.0,0.0,0.0,0.0,0.0,0.0,0.0,0.0,0.0,0.0,0.0,
,0.0,0.0,0.0,0.0,0.0,0.0,0.0,0.0,0.0,0.0,0.0,0.0,0.0
,0.0,0.0,0.0,0.0,0.0,0.0,0.0,0.0,0.0,0.0,0.0,0.0,
,0.0,0.0,0.0,0.0,0.0,0.0,0.0,0.0,0.0,0.0,0.0,0.0,
,0.0,0.0,0.0,0.0,0.0,0.0,0.0,0.0,0.0,0.0,0.0,0.0,
,0.0,0.0,0.0,0.0,0.0,0.0,0.0,0.0,0.0,0.0,0.0,0.0,
,0.0,0.0,0.0,0.0,0.0,0.0,0.0,0.0,0.0,0.0,0.0,0.0,
,0.0,0.0,0.0,0.0,0.0,0.0,0.0,0.0,0.0,0.0,0.0,0.0,
,0.0,0.0,0.0,0.0,0.0,0.0,0.0,0.0,0.0,0.0,0.0,0.0,
,0.0,0.0,0.0,0.0,0.0,0.0,0.0,0.0,0.0,0.0,0.0,0.0,
,0.0,0.0,0.0,0.0,0.0,0.0,0.0,0.0,0.0,0.0,0.0,0.0,
,0.0,0.0,0.0,0.0,0.0,0.0,0.0,0.0,0.0,0.0,0.0,0.0,
,0.0,0.0,0.0,0.0,0.0,0.0,0.0,0.0,0.0,0.0,0.0,0.0,
,0.0,0.0,0.0,0.0,0.0,0.0,0.0,0.0,0.0,0.0,0.0,0.0,0.0
,0.0,0.0,0.0,0.0,0.0,0.0,0.0,0.0,0.0,0.0,0.0,0.0,
,0.0,0.0,0.0,0.0,0.0,0.0,0.0,0.0,0.0,0.0,0.0,0.0,
,0.0,0.0,0.0,0.0,0.0,0.0,0.0,0.0,0.0,0.0,0.0,0.0,
,0.0,0.0,0.0,0.0,0.0,0.0,0.0,0.0,0.0,0.0,0.0,0.0,
,0.0,0.0,0.0,0.0,0.0,0.0,0.0,0.0,0.0,0.0,0.0,0.0,
,0.0,0.0,0.0,0.0,0.0,0.0,0.0,0.0,0.0,0.0,0.0,0.0,
,0.0,0.0,0.0,0.0,0.0,0.0,0.0,0.0,0.0,0.0,0.0,0.0,
,0.0,0.0,0.0,0.0,0.0,0.0,0.0,0.0,0.0,0.0,0.0,0.0,
,0.0,0.0,0.0,0.0,0.0,0.0,0.0,0.0,0.0,0.0,0.0,0.0,
,0.0,0.0,0.0,0.0,0.0,0.0,0.0,0.0,0.0,0.0,0.0,0.0,
,0.0,0.0,0.0,0.0,0.0,0.0,0.0,0.0,0.0,0.0,0.0,0.0,
,0.0,0.0,0.0,0.0,0.0,0.0,0.0,0.0,0.0,0.0,0.0,0.0,0.0
,0.0,0.0,0.0,0.0,0.0,0.0,0.0,0.0,0.0,0.0,0.0,0.0,
,0.0,0.0,0.0,0.0,0.0,0.0,0.0,0.0,0.0,0.0,0.0,0.0,
,0.0,0.0,0.0,0.0,0.0,0.0,0.0,0.0,0.0,0.0,0.0,0.0,
,0.0,0.0,0.0,0.0,0.0,0.0,0.0,0.0,0.0,0.0,0.0,0.0,
,0.0,0.0,0.0,0.0,0.0,0.0,0.0,0.0,0.0,0.0,0.0,0.0,
,0.0,0.0,0.0,0.0,0.0,0.0,0.0,0.0,0.0,0.0,0.0,0.0,
,0.0,0.0,0.0,0.0,0.0,0.0,0.0,0.0,0.0,0.0,0.0,0.0,
,0.0,0.0,0.0,0.0,0.0,0.0,0.0,0.0,0.0,0.0,0.0,0.0,
,0.0,0.0,0.0,0.0,0.0,0.0,0.0,0.0,0.0,0.0,0.0,0.0,
,0.0,0.0,0.0,0.0,0.0,0.0,0.0,0.0,0.0,0.0,0.0,0.0,
,0.0,0.0,0.0,0.0,0.0,0.0,0.0,0.0,0.0,0.0,0.0,0.0,
,0.0,0.0,0.0,0.0,0.0,0.0,0.0,0.0,0.0,0.0,0.0,0.0,0.0
,0.0,0.0,0.0,0.0,0.0,0.0,0.0,0.0,0.0,0.0,0.0,0.0,
,0.0,0.0,0.0,0.0,0.0,0.0,0.0,0.0,0.0,0.0,0.0,0.0,
,0.0,0.0,0.0,0.0,0.0,0.0,0.0,0.0,0.0,0.0,0.0,0.0,
,0.0,0.0,0.0,0.0,0.0,0.0,0.0,0.0,0.0,0.0,0.0,0.0,
,0.0,0.0,0.0,0.0,0.0,0.0,0.0,0.0,0.0,0.0,0.0,0.0,
,0.0,0.0,0.0,0.0,0.0,0.0,0.0,0.0,0.0,0.0,0.0,0.0,
,0.0,0.0,0.0,0.0,0.0,0.0,0.0,0.0,0.0,0.0,0.0,0.0,
,0.0,0.0,0.0,0.0,0.0,0.0,0.0,0.0,0.0,0.0,0.0,0.0,
,0.0,0.0,0.0,0.0,0.0,0.0,0.0,0.0,0.0,0.0,0.0,0.0,
,0.0,0.0,0.0,0.0,0.0,0.0,0.0,0.0,0.0,0.0,0.0,0.0,
,0.0,0.0,0.0,0.0,0.0,0.0,0.0,0.0,0.0,0.0,0.0,0.0,
,0.0,8.0,1.0,0.0,0.0,0.0,0.0,0.0,1.0,0.0,0.0,0.0,10.0
,0.0,8.0,1.0,0.0,0.0,0.0,0.0,0.0,1.0,0.0,0.0,0.0,
,0.0,8.0,1.0,0.0,0.0,0.0,0.0,0.0,1.0,0.0,0.0,0.0,
,0.0,8.0,1.0,0.0,0.0,0.0,0.0,0.0,1.0,0.0,0.0,0.0,
,0.0,8.0,1.0,0.0,0.0,0.0,0.0,0.0,1.0,0.0,0.0,0.0,
,0.0,8.0,1.0,0.0,0.0,0.0,0.0,0.0,1.0,0.0,0.0,0.0,
,0.0,8.0,1.0,0.0,0.0,0.0,0.0,0.0,1.0,0.0,0.0,0.0,
,0.0,8.0,1.0,0.0,0.0,0.0,0.0,0.0,1.0,0.0,0.0,0.0,
,0.0,8.0,1.0,0.0,0.0,0.0,0.0,0.0,1.0,0.0,0.0,0.0,
,0.0,8.0,1.0,0.0,0.0,0.0,0.0,0.0,1.0,0.0,0.0,0.0,
,0.0,8.0,1.0,0.0,0.0,0.0,0.0,0.0,1.0,0.0,0.0,0.0,
,0.0,8.0,1.0,0.0,0.0,0.0,0.0,0.0,1.0,0.0,0.0,0.0,
,0.0,0.0,0.0,0.0,0.0,0.0,0.0,1.0,0.0,0.0,0.0,0.0,1.0
,0.0,0.0,0.0,0.0,0.0,0.0,0.0,1.0,0.0,0.0,0.0,0.0,
,0.0,0.0,0.0,0.0,0.0,0.0,0.0,1.0,0.0,0.0,0.0,0.0,
,0.0,0.0,0.0,0.0,0.0,0.0,0.0,1.0,0.0,0.0,0.0,0.0,
,0.0,0.0,0.0,0.0,0.0,0.0,0.0,1.0,0.0,0.0,0.0,0.0,
,0.0,0.0,0.0,0.0,0.0,0.0,0.0,1.0,0.0,0.0,0.0,0.0,
,0.0,0.0,0.0,0.0,0.0,0.0,0.0,1.0,0.0,0.0,0.0,0.0,
,0.0,0.0,0.0,0.0,0.0,0.0,0.0,1.0,0.0,0.0,0.0,0.0,
,0.0,0.0,0.0,0.0,0.0,0.0,0.0,1.0,0.0,0.0,0.0,0.0,
,0.0,0.0,0.0,0.0,0.0,0.0,0.0,1.0,0.0,0.0,0.0,0.0,
,0.0,0.0,0.0,0.0,0.0,0.0,0.0,1.0,0.0,0.0,0.0,0.0,
,0.0,0.0,0.0,0.0,0.0,0.0,0.0,1.0,0.0,0.0,0.0,0.0,
,2.0,0.0,0.0,0.0,0.0,0.0,0.0,0.0,0.0,0.0,1.0,0.0,3.0
,2.0,0.0,0.0,0.0,0.0,0.0,0.0,0.0,0.0,0.0,1.0,0.0,
,2.0,0.0,0.0,0.0,0.0,0.0,0.0,0.0,0.0,0.0,1.0,0.0,
,2.0,0.0,0.0,0.0,0.0,0.0,0.0,0.0,0.0,0.0,1.0,0.0,
,2.0,0.0,0.0,0.0,0.0,0.0,0.0,0.0,0.0,0.0,1.0,0.0,
,2.0,0.0,0.0,0.0,0.0,0.0,0.0,0.0,0.0,0.0,1.0,0.0,
,2.0,0.0,0.0,0.0,0.0,0.0,0.0,0.0,0.0,0.0,1.0,0.0,
,2.0,0.0,0.0,0.0,0.0,0.0,0.0,0.0,0.0,0.0,1.0,0.0,
,2.0,0.0,0.0,0.0,0.0,0.0,0.0,0.0,0.0,0.0,1.0,0.0,
,2.0,0.0,0.0,0.0,0.0,0.0,0.0,0.0,0.0,0.0,1.0,0.0,
,2.0,0.0,0.0,0.0,0.0,0.0,0.0,0.0,0.0,0.0,1.0,0.0,
,2.0,0.0,0.0,0.0,0.0,0.0,0.0,0.0,0.0,0.0,1.0,0.0,
,1.0,0.0,0.0,0.0,0.0,2.0,3.0,2.0,0.0,0.0,0.0,0.0,8.0
,1.0,0.0,0.0,0.0,0.0,2.0,3.0,2.0,0.0,0.0,0.0,0.0,
,1.0,0.0,0.0,0.0,0.0,2.0,3.0,2.0,0.0,0.0,0.0,0.0,
,1.0,0.0,0.0,0.0,0.0,2.0,3.0,2.0,0.0,0.0,0.0,0.0,
,1.0,0.0,0.0,0.0,0.0,2.0,3.0,2.0,0.0,0.0,0.0,0.0,
,1.0,0.0,0.0,0.0,0.0,2.0,3.0,2.0,0.0,0.0,0.0,0.0,
,1.0,0.0,0.0,0.0,0.0,2.0,3.0,2.0,0.0,0.0,0.0,0.0,
,1.0,0.0,0.0,0.0,0.0,2.0,3.0,2.0,0.0,0.0,0.0,0.0,
,1.0,0.0,0.0,0.0,0.0,2.0,3.0,2.0,0.0,0.0,0.0,0.0,
,1.0,0.0,0.0,0.0,0.0,2.0,3.0,2.0,0.0,0.0,0.0,0.0,
,1.0,0.0,0.0,0.0,0.0,2.0,3.0,2.0,0.0,0.0,0.0,0.0,
,1.0,0.0,0.0,0.0,0.0,2.0,3.0,2.0,0.0,0.0,0.0,0.0,
,0.0,0.0,0.0,0.0,0.0,0.0,0.0,0.0,0.0,0.0,1.0,0.0,1.0
,0.0,0.0,0.0,0.0,0.0,0.0,0.0,0.0,0.0,0.0,1.0,0.0,
,0.0,0.0,0.0,0.0,0.0,0.0,0.0,0.0,0.0,0.0,1.0,0.0,
,0.0,0.0,0.0,0.0,0.0,0.0,0.0,0.0,0.0,0.0,1.0,0.0,
,0.0,0.0,0.0,0.0,0.0,0.0,0.0,0.0,0.0,0.0,1.0,0.0,
,0.0,0.0,0.0,0.0,0.0,0.0,0.0,0.0,0.0,0.0,1.0,0.0,
,0.0,0.0,0.0,0.0,0.0,0.0,0.0,0.0,0.0,0.0,1.0,0.0,
,0.0,0.0,0.0,0.0,0.0,0.0,0.0,0.0,0.0,0.0,1.0,0.0,
,0.0,0.0,0.0,0.0,0.0,0.0,0.0,0.0,0.0,0.0,1.0,0.0,
,0.0,0.0,0.0,0.0,0.0,0.0,0.0,0.0,0.0,0.0,1.0,0.0,
,0.0,0.0,0.0,0.0,0.0,0.0,0.0,0.0,0.0,0.0,1.0,0.0,
,0.0,0.0,0.0,0.0,0.0,0.0,0.0,0.0,0.0,0.0,1.0,0.0,
,1.0,0.0,0.0,0.0,0.0,0.0,0.0,0.0,0.0,0.0,0.0,0.0,1.0
,1.0,0.0,0.0,0.0,0.0,0.0,0.0,0.0,0.0,0.0,0.0,0.0,
,1.0,0.0,0.0,0.0,0.0,0.0,0.0,0.0,0.0,0.0,0.0,0.0,
,1.0,0.0,0.0,0.0,0.0,0.0,0.0,0.0,0.0,0.0,0.0,0.0,
,1.0,0.0,0.0,0.0,0.0,0.0,0.0,0.0,0.0,0.0,0.0,0.0,
,1.0,0.0,0.0,0.0,0.0,0.0,0.0,0.0,0.0,0.0,0.0,0.0,
,1.0,0.0,0.0,0.0,0.0,0.0,0.0,0.0,0.0,0.0,0.0,0.0,
,1.0,0.0,0.0,0.0,0.0,0.0,0.0,0.0,0.0,0.0,0.0,0.0,
,1.0,0.0,0.0,0.0,0.0,0.0,0.0,0.0,0.0,0.0,0.0,0.0,
,1.0,0.0,0.0,0.0,0.0,0.0,0.0,0.0,0.0,0.0,0.0,0.0,
,1.0,0.0,0.0,0.0,0.0,0.0,0.0,0.0,0.0,0.0,0.0,0.0,
,1.0,0.0,0.0,0.0,0.0,0.0,0.0,0.0,0.0,0.0,0.0,0.0,
,2.0,0.0,0.0,0.0,0.0,0.0,0.0,0.0,0.0,3.0,0.0,0.0,5.0
,2.0,0.0,0.0,0.0,0.0,0.0,0.0,0.0,0.0,3.0,0.0,0.0,
,2.0,0.0,0.0,0.0,0.0,0.0,0.0,0.0,0.0,3.0,0.0,0.0,
,2.0,0.0,0.0,0.0,0.0,0.0,0.0,0.0,0.0,3.0,0.0,0.0,
,2.0,0.0,0.0,0.0,0.0,0.0,0.0,0.0,0.0,3.0,0.0,0.0,
,2.0,0.0,0.0,0.0,0.0,0.0,0.0,0.0,0.0,3.0,0.0,0.0,
,2.0,0.0,0.0,0.0,0.0,0.0,0.0,0.0,0.0,3.0,0.0,0.0,
,2.0,0.0,0.0,0.0,0.0,0.0,0.0,0.0,0.0,3.0,0.0,0.0,
,2.0,0.0,0.0,0.0,0.0,0.0,0.0,0.0,0.0,3.0,0.0,0.0,
,2.0,0.0,0.0,0.0,0.0,0.0,0.0,0.0,0.0,3.0,0.0,0.0,
,2.0,0.0,0.0,0.0,0.0,0.0,0.0,0.0,0.0,3.0,0.0,0.0,
,2.0,0.0,0.0,0.0,0.0,0.0,0.0,0.0,0.0,3.0,0.0,0.0,
,0.0,0.0,0.0,0.0,5.0,7.0,4.0,2.0,3.0,1.0,0.0,0.0,22.0
,0.0,0.0,0.0,0.0,5.0,7.0,4.0,2.0,3.0,1.0,0.0,0.0,
,0.0,0.0,0.0,0.0,5.0,7.0,4.0,2.0,3.0,1.0,0.0,0.0,
,0.0,0.0,0.0,0.0,5.0,7.0,4.0,2.0,3.0,1.0,0.0,0.0,
,0.0,0.0,0.0,0.0,5.0,7.0,4.0,2.0,3.0,1.0,0.0,0.0,
,0.0,0.0,0.0,0.0,5.0,7.0,4.0,2.0,3.0,1.0,0.0,0.0,
,0.0,0.0,0.0,0.0,5.0,7.0,4.0,2.0,3.0,1.0,0.0,0.0,
,0.0,0.0,0.0,0.0,5.0,7.0,4.0,2.0,3.0,1.0,0.0,0.0,
,0.0,0.0,0.0,0.0,5.0,7.0,4.0,2.0,3.0,1.0,0.0,0.0,
,0.0,0.0,0.0,0.0,5.0,7.0,4.0,2.0,3.0,1.0,0.0,0.0,
,0.0,0.0,0.0,0.0,5.0,7.0,4.0,2.0,3.0,1.0,0.0,0.0,
,0.0,0.0,0.0,0.0,5.0,7.0,4.0,2.0,3.0,1.0,0.0,0.0,
,0.0,9.0,10.0,0.0,0.0,2.0,0.0,4.0,0.0,4.0,1.0,1.0,31.0
,0.0,9.0,10.0,0.0,0.0,2.0,0.0,4.0,0.0,4.0,1.0,1.0,
,0.0,9.0,10.0,0.0,0.0,2.0,0.0,4.0,0.0,4.0,1.0,1.0,
,0.0,9.0,10.0,0.0,0.0,2.0,0.0,4.0,0.0,4.0,1.0,1.0,
,0.0,9.0,10.0,0.0,0.0,2.0,0.0,4.0,0.0,4.0,1.0,1.0,
,0.0,9.0,10.0,0.0,0.0,2.0,0.0,4.0,0.0,4.0,1.0,1.0,
,0.0,9.0,10.0,0.0,0.0,2.0,0.0,4.0,0.0,4.0,1.0,1.0,
,0.0,9.0,10.0,0.0,0.0,2.0,0.0,4.0,0.0,4.0,1.0,1.0,
,0.0,9.0,10.0,0.0,0.0,2.0,0.0,4.0,0.0,4.0,1.0,1.0,
,0.0,9.0,10.0,0.0,0.0,2.0,0.0,4.0,0.0,4.0,1.0,1.0,
,0.0,9.0,10.0,0.0,0.0,2.0,0.0,4.0,0.0,4.0,1.0,1.0,
,0.0,9.0,10.0,0.0,0.0,2.0,0.0,4.0,0.0,4.0,1.0,1.0,
,0.0,3.0,2.0,8.0,0.0,5.0,4.0,3.0,1.0,2.0,2.0,0.0,30.0
,0.0,3.0,2.0,8.0,0.0,5.0,4.0,3.0,1.0,2.0,2.0,0.0,
,0.0,3.0,2.0,8.0,0.0,5.0,4.0,3.0,1.0,2.0,2.0,0.0,
,0.0,3.0,2.0,8.0,0.0,5.0,4.0,3.0,1.0,2.0,2.0,0.0,
,0.0,3.0,2.0,8.0,0.0,5.0,4.0,3.0,1.0,2.0,2.0,0.0,
,0.0,3.0,2.0,8.0,0.0,5.0,4.0,3.0,1.0,2.0,2.0,0.0,
,0.0,3.0,2.0,8.0,0.0,5.0,4.0,3.0,1.0,2.0,2.0,0.0,
,0.0,3.0,2.0,8.0,0.0,5.0,4.0,3.0,1.0,2.0,2.0,0.0,
,0.0,3.0,2.0,8.0,0.0,5.0,4.0,3.0,1.0,2.0,2.0,0.0,
,0.0,3.0,2.0,8.0,0.0,5.0,4.0,3.0,1.0,2.0,2.0,0.0,
,0.0,3.0,2.0,8.0,0.0,5.0,4.0,3.0,1.0,2.0,2.0,0.0,
,0.0,3.0,2.0,8.0,0.0,5.0,4.0,3.0,1.0,2.0,2.0,0.0,
,2.0,0.0,1.0,3.0,21.0,14.0,7.0,4.0,6.0,0.0,0.0,1.0,59.0
,2.0,0.0,1.0,3.0,21.0,14.0,7.0,4.0,6.0,0.0,0.0,1.0,
,2.0,0.0,1.0,3.0,21.0,14.0,7.0,4.0,6.0,0.0,0.0,1.0,
,2.0,0.0,1.0,3.0,21.0,14.0,7.0,4.0,6.0,0.0,0.0,1.0,
,2.0,0.0,1.0,3.0,21.0,14.0,7.0,4.0,6.0,0.0,0.0,1.0,
,2.0,0.0,1.0,3.0,21.0,14.0,7.0,4.0,6.0,0.0,0.0,1.0,
,2.0,0.0,1.0,3.0,21.0,14.0,7.0,4.0,6.0,0.0,0.0,1.0,
,2.0,0.0,1.0,3.0,21.0,14.0,7.0,4.0,6.0,0.0,0.0,1.0,
,2.0,0.0,1.0,3.0,21.0,14.0,7.0,4.0,6.0,0.0,0.0,1.0,
,2.0,0.0,1.0,3.0,21.0,14.0,7.0,4.0,6.0,0.0,0.0,1.0,
,2.0,0.0,1.0,3.0,21.0,14.0,7.0,4.0,6.0,0.0,0.0,1.0,
,2.0,0.0,1.0,3.0,21.0,14.0,7.0,4.0,6.0,0.0,0.0,1.0,
,4.0,13.0,1.0,0.0,0.0,0.0,1.0,1.0,3.0,0.0,0.0,5.0,28.0
,4.0,13.0,1.0,0.0,0.0,0.0,1.0,1.0,3.0,0.0,0.0,5.0,
,4.0,13.0,1.0,0.0,0.0,0.0,1.0,1.0,3.0,0.0,0.0,5.0,
,4.0,13.0,1.0,0.0,0.0,0.0,1.0,1.0,3.0,0.0,0.0,5.0,
,4.0,13.0,1.0,0.0,0.0,0.0,1.0,1.0,3.0,0.0,0.0,5.0,
,4.0,13.0,1.0,0.0,0.0,0.0,1.0,1.0,3.0,0.0,0.0,5.0,
,4.0,13.0,1.0,0.0,0.0,0.0,1.0,1.0,3.0,0.0,0.0,5.0,
,4.0,13.0,1.0,0.0,0.0,0.0,1.0,1.0,3.0,0.0,0.0,5.0,
,4.0,13.0,1.0,0.0,0.0,0.0,1.0,1.0,3.0,0.0,0.0,5.0,
,4.0,13.0,1.0,0.0,0.0,0.0,1.0,1.0,3.0,0.0,0.0,5.0,
,4.0,13.0,1.0,0.0,0.0,0.0,1.0,1.0,3.0,0.0,0.0,5.0,
,4.0,13.0,1.0,0.0,0.0,0.0,1.0,1.0,3.0,0.0,0.0,5.0,
,0.0,0.0,0.0,0.0,0.0,0.0,0.0,0.0,0.0,1.0,0.0,0.0,1.0
,0.0,0.0,0.0,0.0,0.0,0.0,0.0,0.0,0.0,1.0,0.0,0.0,
,0.0,0.0,0.0,0.0,0.0,0.0,0.0,0.0,0.0,1.0,0.0,0.0,
,0.0,0.0,0.0,0.0,0.0,0.0,0.0,0.0,0.0,1.0,0.0,0.0,
,0.0,0.0,0.0,0.0,0.0,0.0,0.0,0.0,0.0,1.0,0.0,0.0,
,0.0,0.0,0.0,0.0,0.0,0.0,0.0,0.0,0.0,1.0,0.0,0.0,
,0.0,0.0,0.0,0.0,0.0,0.0,0.0,0.0,0.0,1.0,0.0,0.0,
,0.0,0.0,0.0,0.0,0.0,0.0,0.0,0.0,0.0,1.0,0.0,0.0,
,0.0,0.0,0.0,0.0,0.0,0.0,0.0,0.0,0.0,1.0,0.0,0.0,
,0.0,0.0,0.0,0.0,0.0,0.0,0.0,0.0,0.0,1.0,0.0,0.0,
,0.0,0.0,0.0,0.0,0.0,0.0,0.0,0.0,0.0,1.0,0.0,0.0,
,0.0,0.0,0.0,0.0,0.0,0.0,0.0,0.0,0.0,1.0,0.0,0.0,
,0.0,0.0,0.0,0.0,0.0,0.0,0.0,0.0,0.0,0.0,0.0,0.0,0.0
,0.0,0.0,0.0,0.0,0.0,0.0,0.0,0.0,0.0,0.0,0.0,0.0,
,0.0,0.0,0.0,0.0,0.0,0.0,0.0,0.0,0.0,0.0,0.0,0.0,
,0.0,0.0,0.0,0.0,0.0,0.0,0.0,0.0,0.0,0.0,0.0,0.0,
,0.0,0.0,0.0,0.0,0.0,0.0,0.0,0.0,0.0,0.0,0.0,0.0,
,0.0,0.0,0.0,0.0,0.0,0.0,0.0,0.0,0.0,0.0,0.0,0.0,
,0.0,0.0,0.0,0.0,0.0,0.0,0.0,0.0,0.0,0.0,0.0,0.0,
,0.0,0.0,0.0,0.0,0.0,0.0,0.0,0.0,0.0,0.0,0.0,0.0,
,0.0,0.0,0.0,0.0,0.0,0.0,0.0,0.0,0.0,0.0,0.0,0.0,
,0.0,0.0,0.0,0.0,0.0,0.0,0.0,0.0,0.0,0.0,0.0,0.0,
,0.0,0.0,0.0,0.0,0.0,0.0,0.0,0.0,0.0,0.0,0.0,0.0,
,0.0,0.0,0.0,0.0,0.0,0.0,0.0,0.0,0.0,0.0,0.0,0.0,
,0.0,8.0,1.0,0.0,0.0,1.0,2.0,6.0,2.0,2.0,8.0,10.0,40.0
,0.0,8.0,1.0,0.0,0.0,1.0,2.0,6.0,2.0,2.0,8.0,10.0,
,0.0,8.0,1.0,0.0,0.0,1.0,2.0,6.0,2.0,2.0,8.0,10.0,
,0.0,8.0,1.0,0.0,0.0,1.0,2.0,6.0,2.0,2.0,8.0,10.0,
,0.0,8.0,1.0,0.0,0.0,1.0,2.0,6.0,2.0,2.0,8.0,10.0,
,0.0,8.0,1.0,0.0,0.0,1.0,2.0,6.0,2.0,2.0,8.0,10.0,
,0.0,8.0,1.0,0.0,0.0,1.0,2.0,6.0,2.0,2.0,8.0,10.0,
,0.0,8.0,1.0,0.0,0.0,1.0,2.0,6.0,2.0,2.0,8.0,10.0,
,0.0,8.0,1.0,0.0,0.0,1.0,2.0,6.0,2.0,2.0,8.0,10.0,
,0.0,8.0,1.0,0.0,0.0,1.0,2.0,6.0,2.0,2.0,8.0,10.0,
,0.0,8.0,1.0,0.0,0.0,1.0,2.0,6.0,2.0,2.0,8.0,10.0,
,0.0,8.0,1.0,0.0,0.0,1.0,2.0,6.0,2.0,2.0,8.0,10.0,
,2.0,1.0,0.0,0.0,0.0,0.0,0.0,0.0,1.0,0.0,1.0,0.0,5.0
,2.0,1.0,0.0,0.0,0.0,0.0,0.0,0.0,1.0,0.0,1.0,0.0,
,2.0,1.0,0.0,0.0,0.0,0.0,0.0,0.0,1.0,0.0,1.0,0.0,
,2.0,1.0,0.0,0.0,0.0,0.0,0.0,0.0,1.0,0.0,1.0,0.0,
,2.0,1.0,0.0,0.0,0.0,0.0,0.0,0.0,1.0,0.0,1.0,0.0,
,2.0,1.0,0.0,0.0,0.0,0.0,0.0,0.0,1.0,0.0,1.0,0.0,
,2.0,1.0,0.0,0.0,0.0,0.0,0.0,0.0,1.0,0.0,1.0,0.0,
,2.0,1.0,0.0,0.0,0.0,0.0,0.0,0.0,1.0,0.0,1.0,0.0,
,2.0,1.0,0.0,0.0,0.0,0.0,0.0,0.0,1.0,0.0,1.0,0.0,
,2.0,1.0,0.0,0.0,0.0,0.0,0.0,0.0,1.0,0.0,1.0,0.0,
,2.0,1.0,0.0,0.0,0.0,0.0,0.0,0.0,1.0,0.0,1.0,0.0,
,2.0,1.0,0.0,0.0,0.0,0.0,0.0,0.0,1.0,0.0,1.0,0.0,
,0.0,0.0,1.0,0.0,0.0,0.0,1.0,0.0,3.0,0.0,0.0,0.0,5.0
,0.0,0.0,1.0,0.0,0.0,0.0,1.0,0.0,3.0,0.0,0.0,0.0,
,0.0,0.0,1.0,0.0,0.0,0.0,1.0,0.0,3.0,0.0,0.0,0.0,
,0.0,0.0,1.0,0.0,0.0,0.0,1.0,0.0,3.0,0.0,0.0,0.0,
,0.0,0.0,1.0,0.0,0.0,0.0,1.0,0.0,3.0,0.0,0.0,0.0,
,0.0,0.0,1.0,0.0,0.0,0.0,1.0,0.0,3.0,0.0,0.0,0.0,
,0.0,0.0,1.0,0.0,0.0,0.0,1.0,0.0,3.0,0.0,0.0,0.0,
,0.0,0.0,1.0,0.0,0.0,0.0,1.0,0.0,3.0,0.0,0.0,0.0,
,0.0,0.0,1.0,0.0,0.0,0.0,1.0,0.0,3.0,0.0,0.0,0.0,
,0.0,0.0,1.0,0.0,0.0,0.0,1.0,0.0,3.0,0.0,0.0,0.0,
,0.0,0.0,1.0,0.0,0.0,0.0,1.0,0.0,3.0,0.0,0.0,0.0,
,0.0,0.0,1.0,0.0,0.0,0.0,1.0,0.0,3.0,0.0,0.0,0.0,
,0.0,1.0,11.0,2.0,0.0,2.0,7.0,1.0,5.0,0.0,0.0,7.0,36.0
,0.0,1.0,11.0,2.0,0.0,2.0,7.0,1.0,5.0,0.0,0.0,7.0,
,0.0,1.0,11.0,2.0,0.0,2.0,7.0,1.0,5.0,0.0,0.0,7.0,
,0.0,1.0,11.0,2.0,0.0,2.0,7.0,1.0,5.0,0.0,0.0,7.0,
,0.0,1.0,11.0,2.0,0.0,2.0,7.0,1.0,5.0,0.0,0.0,7.0,
,0.0,1.0,11.0,2.0,0.0,2.0,7.0,1.0,5.0,0.0,0.0,7.0,
,0.0,1.0,11.0,2.0,0.0,2.0,7.0,1.0,5.0,0.0,0.0,7.0,
,0.0,1.0,11.0,2.0,0.0,2.0,7.0,1.0,5.0,0.0,0.0,7.0,
,0.0,1.0,11.0,2.0,0.0,2.0,7.0,1.0,5.0,0.0,0.0,7.0,
,0.0,1.0,11.0,2.0,0.0,2.0,7.0,1.0,5.0,0.0,0.0,7.0,
,0.0,1.0,11.0,2.0,0.0,2.0,7.0,1.0,5.0,0.0,0.0,7.0,
,0.0,1.0,11.0,2.0,0.0,2.0,7.0,1.0,5.0,0.0,0.0,7.0,
,0.0,0.0,3.0,0.0,0.0,1.0,1.0,1.0,0.0,0.0,0.0,3.0,9.0
,0.0,0.0,3.0,0.0,0.0,1.0,1.0,1.0,0.0,0.0,0.0,3.0,
,0.0,0.0,3.0,0.0,0.0,1.0,1.0,1.0,0.0,0.0,0.0,3.0,
,0.0,0.0,3.0,0.0,0.0,1.0,1.0,1.0,0.0,0.0,0.0,3.0,
,0.0,0.0,3.0,0.0,0.0,1.0,1.0,1.0,0.0,0.0,0.0,3.0,
,0.0,0.0,3.0,0.0,0.0,1.0,1.0,1.0,0.0,0.0,0.0,3.0,
,0.0,0.0,3.0,0.0,0.0,1.0,1.0,1.0,0.0,0.0,0.0,3.0,
,0.0,0.0,3.0,0.0,0.0,1.0,1.0,1.0,0.0,0.0,0.0,3.0,
,0.0,0.0,3.0,0.0,0.0,1.0,1.0,1.0,0.0,0.0,0.0,3.0,
,0.0,0.0,3.0,0.0,0.0,1.0,1.0,1.0,0.0,0.0,0.0,3.0,
,0.0,0.0,3.0,0.0,0.0,1.0,1.0,1.0,0.0,0.0,0.0,3.0,
,0.0,0.0,3.0,0.0,0.0,1.0,1.0,1.0,0.0,0.0,0.0,3.0,
,10.0,0.0,0.0,0.0,0.0,4.0,2.0,2.0,1.0,0.0,0.0,0.0,19.0
,10.0,0.0,0.0,0.0,0.0,4.0,2.0,2.0,1.0,0.0,0.0,0.0,
,10.0,0.0,0.0,0.0,0.0,4.0,2.0,2.0,1.0,0.0,0.0,0.0,
,10.0,0.0,0.0,0.0,0.0,4.0,2.0,2.0,1.0,0.0,0.0,0.0,
,10.0,0.0,0.0,0.0,0.0,4.0,2.0,2.0,1.0,0.0,0.0,0.0,
,10.0,0.0,0.0,0.0,0.0,4.0,2.0,2.0,1.0,0.0,0.0,0.0,
,10.0,0.0,0.0,0.0,0.0,4.0,2.0,2.0,1.0,0.0,0.0,0.0,
,10.0,0.0,0.0,0.0,0.0,4.0,2.0,2.0,1.0,0.0,0.0,0.0,
,10.0,0.0,0.0,0.0,0.0,4.0,2.0,2.0,1.0,0.0,0.0,0.0,
,10.0,0.0,0.0,0.0,0.0,4.0,2.0,2.0,1.0,0.0,0.0,0.0,
,10.0,0.0,0.0,0.0,0.0,4.0,2.0,2.0,1.0,0.0,0.0,0.0,
,10.0,0.0,0.0,0.0,0.0,4.0,2.0,2.0,1.0,0.0,0.0,0.0,
,2.0,10.0,9.0,9.0,9.0,9.0,9.0,9.0,2.0,3.0,0.0,7.0,78.0
,2.0,10.0,9.0,9.0,9.0,9.0,9.0,9.0,2.0,3.0,0.0,7.0,
,2.0,10.0,9.0,9.0,9.0,9.0,9.0,9.0,2.0,3.0,0.0,7.0,
,2.0,10.0,9.0,9.0,9.0,9.0,9.0,9.0,2.0,3.0,0.0,7.0,
,2.0,10.0,9.0,9.0,9.0,9.0,9.0,9.0,2.0,3.0,0.0,7.0,
,2.0,10.0,9.0,9.0,9.0,9.0,9.0,9.0,2.0,3.0,0.0,7.0,
,2.0,10.0,9.0,9.0,9.0,9.0,9.0,9.0,2.0,3.0,0.0,7.0,
,2.0,10.0,9.0,9.0,9.0,9.0,9.0,9.0,2.0,3.0,0.0,7.0,
,2.0,10.0,9.0,9.0,9.0,9.0,9.0,9.0,2.0,3.0,0.0,7.0,
,2.0,10.0,9.0,9.0,9.0,9.0,9.0,9.0,2.0,3.0,0.0,7.0,
,2.0,10.0,9.0,9.0,9.0,9.0,9.0,9.0,2.0,3.0,0.0,7.0,
,2.0,10.0,9.0,9.0,9.0,9.0,9.0,9.0,2.0,3.0,0.0,7.0,
,1.0,0.0,0.0,0.0,0.0,0.0,0.0,3.0,1.0,3.0,0.0,0.0,8.0
,1.0,0.0,0.0,0.0,0.0,0.0,0.0,3.0,1.0,3.0,0.0,0.0,
,1.0,0.0,0.0,0.0,0.0,0.0,0.0,3.0,1.0,3.0,0.0,0.0,
,1.0,0.0,0.0,0.0,0.0,0.0,0.0,3.0,1.0,3.0,0.0,0.0,
,1.0,0.0,0.0,0.0,0.0,0.0,0.0,3.0,1.0,3.0,0.0,0.0,
,1.0,0.0,0.0,0.0,0.0,0.0,0.0,3.0,1.0,3.0,0.0,0.0,
,1.0,0.0,0.0,0.0,0.0,0.0,0.0,3.0,1.0,3.0,0.0,0.0,
,1.0,0.0,0.0,0.0,0.0,0.0,0.0,3.0,1.0,3.0,0.0,0.0,
,1.0,0.0,0.0,0.0,0.0,0.0,0.0,3.0,1.0,3.0,0.0,0.0,
,1.0,0.0,0.0,0.0,0.0,0.0,0.0,3.0,1.0,3.0,0.0,0.0,
,1.0,0.0,0.0,0.0,0.0,0.0,0.0,3.0,1.0,3.0,0.0,0.0,
,1.0,0.0,0.0,0.0,0.0,0.0,0.0,3.0,1.0,3.0,0.0,0.0,
,0.0,1.0,0.0,0.0,0.0,0.0,0.0,1.0,0.0,2.0,0.0,2.0,6.0
,0.0,1.0,0.0,0.0,0.0,0.0,0.0,1.0,0.0,2.0,0.0,2.0,
,0.0,1.0,0.0,0.0,0.0,0.0,0.0,1.0,0.0,2.0,0.0,2.0,
,0.0,1.0,0.0,0.0,0.0,0.0,0.0,1.0,0.0,2.0,0.0,2.0,
,0.0,1.0,0.0,0.0,0.0,0.0,0.0,1.0,0.0,2.0,0.0,2.0,
,0.0,1.0,0.0,0.0,0.0,0.0,0.0,1.0,0.0,2.0,0.0,2.0,
,0.0,1.0,0.0,0.0,0.0,0.0,0.0,1.0,0.0,2.0,0.0,2.0,
,0.0,1.0,0.0,0.0,0.0,0.0,0.0,1.0,0.0,2.0,0.0,2.0,
,0.0,1.0,0.0,0.0,0.0,0.0,0.0,1.0,0.0,2.0,0.0,2.0,
,0.0,1.0,0.0,0.0,0.0,0.0,0.0,1.0,0.0,2.0,0.0,2.0,
,0.0,1.0,0.0,0.0,0.0,0.0,0.0,1.0,0.0,2.0,0.0,2.0,
,0.0,1.0,0.0,0.0,0.0,0.0,0.0,1.0,0.0,2.0,0.0,2.0,
,3.0,0.0,0.0,1.0,0.0,2.0,1.0,1.0,2.0,0.0,0.0,0.0,10.0
,3.0,0.0,0.0,1.0,0.0,2.0,1.0,1.0,2.0,0.0,0.0,0.0,
,3.0,0.0,0.0,1.0,0.0,2.0,1.0,1.0,2.0,0.0,0.0,0.0,
,3.0,0.0,0.0,1.0,0.0,2.0,1.0,1.0,2.0,0.0,0.0,0.0,
,3.0,0.0,0.0,1.0,0.0,2.0,1.0,1.0,2.0,0.0,0.0,0.0,
,3.0,0.0,0.0,1.0,0.0,2.0,1.0,1.0,2.0,0.0,0.0,0.0,
,3.0,0.0,0.0,1.0,0.0,2.0,1.0,1.0,2.0,0.0,0.0,0.0,
,3.0,0.0,0.0,1.0,0.0,2.0,1.0,1.0,2.0,0.0,0.0,0.0,
,3.0,0.0,0.0,1.0,0.0,2.0,1.0,1.0,2.0,0.0,0.0,0.0,
,3.0,0.0,0.0,1.0,0.0,2.0,1.0,1.0,2.0,0.0,0.0,0.0,
,3.0,0.0,0.0,1.0,0.0,2.0,1.0,1.0,2.0,0.0,0.0,0.0,
,3.0,0.0,0.0,1.0,0.0,2.0,1.0,1.0,2.0,0.0,0.0,0.0,
,1.0,0.0,3.0,0.0,0.0,0.0,0.0,3.0,13.0,6.0,2.0,6.0,34.0
,1.0,0.0,3.0,0.0,0.0,0.0,0.0,3.0,13.0,6.0,2.0,6.0,
,1.0,0.0,3.0,0.0,0.0,0.0,0.0,3.0,13.0,6.0,2.0,6.0,
,1.0,0.0,3.0,0.0,0.0,0.0,0.0,3.0,13.0,6.0,2.0,6.0,
,1.0,0.0,3.0,0.0,0.0,0.0,0.0,3.0,13.0,6.0,2.0,6.0,
,1.0,0.0,3.0,0.0,0.0,0.0,0.0,3.0,13.0,6.0,2.0,6.0,
,1.0,0.0,3.0,0.0,0.0,0.0,0.0,3.0,13.0,6.0,2.0,6.0,
,1.0,0.0,3.0,0.0,0.0,0.0,0.0,3.0,13.0,6.0,2.0,6.0,
,1.0,0.0,3.0,0.0,0.0,0.0,0.0,3.0,13.0,6.0,2.0,6.0,
,1.0,0.0,3.0,0.0,0.0,0.0,0.0,3.0,13.0,6.0,2.0,6.0,
,1.0,0.0,3.0,0.0,0.0,0.0,0.0,3.0,13.0,6.0,2.0,6.0,
,1.0,0.0,3.0,0.0,0.0,0.0,0.0,3.0,13.0,6.0,2.0,6.0,
,0.0,8.0,11.0,23.0,23.0,15.0,11.0,14.0,8.0,10.0,4.0,6.0,133.0
,0.0,8.0,11.0,23.0,23.0,15.0,11.0,14.0,8.0,10.0,4.0,6.0,
,0.0,8.0,11.0,23.0,23.0,15.0,11.0,14.0,8.0,10.0,4.0,6.0,
,0.0,8.0,11.0,23.0,23.0,15.0,11.0,14.0,8.0,10.0,4.0,6.0,
,0.0,8.0,11.0,23.0,23.0,15.0,11.0,14.0,8.0,10.0,4.0,6.0,
,0.0,8.0,11.0,23.0,23.0,15.0,11.0,14.0,8.0,10.0,4.0,6.0,
,0.0,8.0,11.0,23.0,23.0,15.0,11.0,14.0,8.0,10.0,4.0,6.0,
,0.0,8.0,11.0,23.0,23.0,15.0,11.0,14.0,8.0,10.0,4.0,6.0,
,0.0,8.0,11.0,23.0,23.0,15.0,11.0,14.0,8.0,10.0,4.0,6.0,
,0.0,8.0,11.0,23.0,23.0,15.0,11.0,14.0,8.0,10.0,4.0,6.0,
,0.0,8.0,11.0,23.0,23.0,15.0,11.0,14.0,8.0,10.0,4.0,6.0,
,0.0,8.0,11.0,23.0,23.0,15.0,11.0,14.0,8.0,10.0,4.0,6.0,
,0.0,0.0,0.0,1.0,0.0,5.0,3.0,3.0,3.0,3.0,0.0,0.0,18.0
,0.0,0.0,0.0,1.0,0.0,5.0,3.0,3.0,3.0,3.0,0.0,0.0,
,0.0,0.0,0.0,1.0,0.0,5.0,3.0,3.0,3.0,3.0,0.0,0.0,
,0.0,0.0,0.0,1.0,0.0,5.0,3.0,3.0,3.0,3.0,0.0,0.0,
,0.0,0.0,0.0,1.0,0.0,5.0,3.0,3.0,3.0,3.0,0.0,0.0,
,0.0,0.0,0.0,1.0,0.0,5.0,3.0,3.0,3.0,3.0,0.0,0.0,
,0.0,0.0,0.0,1.0,0.0,5.0,3.0,3.0,3.0,3.0,0.0,0.0,
,0.0,0.0,0.0,1.0,0.0,5.0,3.0,3.0,3.0,3.0,0.0,0.0,
,0.0,0.0,0.0,1.0,0.0,5.0,3.0,3.0,3.0,3.0,0.0,0.0,
,0.0,0.0,0.0,1.0,0.0,5.0,3.0,3.0,3.0,3.0,0.0,0.0,
,0.0,0.0,0.0,1.0,0.0,5.0,3.0,3.0,3.0,3.0,0.0,0.0,
,0.0,0.0,0.0,1.0,0.0,5.0,3.0,3.0,3.0,3.0,0.0,0.0,
,0.0,0.0,0.0,0.0,1.0,2.0,5.0,3.0,1.0,0.0,2.0,0.0,14.0
,0.0,0.0,0.0,0.0,1.0,2.0,5.0,3.0,1.0,0.0,2.0,0.0,
,0.0,0.0,0.0,0.0,1.0,2.0,5.0,3.0,1.0,0.0,2.0,0.0,
,0.0,0.0,0.0,0.0,1.0,2.0,5.0,3.0,1.0,0.0,2.0,0.0,
,0.0,0.0,0.0,0.0,1.0,2.0,5.0,3.0,1.0,0.0,2.0,0.0,
,0.0,0.0,0.0,0.0,1.0,2.0,5.0,3.0,1.0,0.0,2.0,0.0,
,0.0,0.0,0.0,0.0,1.0,2.0,5.0,3.0,1.0,0.0,2.0,0.0,
,0.0,0.0,0.0,0.0,1.0,2.0,5.0,3.0,1.0,0.0,2.0,0.0,
,0.0,0.0,0.0,0.0,1.0,2.0,5.0,3.0,1.0,0.0,2.0,0.0,
,0.0,0.0,0.0,0.0,1.0,2.0,5.0,3.0,1.0,0.0,2.0,0.0,
,0.0,0.0,0.0,0.0,1.0,2.0,5.0,3.0,1.0,0.0,2.0,0.0,
,0.0,0.0,0.0,0.0,1.0,2.0,5.0,3.0,1.0,0.0,2.0,0.0,
,3.0,2.0,1.0,2.0,15.0,3.0,6.0,6.0,10.0,6.0,0.0,1.0,55.0
,3.0,2.0,1.0,2.0,15.0,3.0,6.0,6.0,10.0,6.0,0.0,1.0,
,3.0,2.0,1.0,2.0,15.0,3.0,6.0,6.0,10.0,6.0,0.0,1.0,
,3.0,2.0,1.0,2.0,15.0,3.0,6.0,6.0,10.0,6.0,0.0,1.0,
,3.0,2.0,1.0,2.0,15.0,3.0,6.0,6.0,10.0,6.0,0.0,1.0,
,3.0,2.0,1.0,2.0,15.0,3.0,6.0,6.0,10.0,6.0,0.0,1.0,
,3.0,2.0,1.0,2.0,15.0,3.0,6.0,6.0,10.0,6.0,0.0,1.0,
,3.0,2.0,1.0,2.0,15.0,3.0,6.0,6.0,10.0,6.0,0.0,1.0,
,3.0,2.0,1.0,2.0,15.0,3.0,6.0,6.0,10.0,6.0,0.0,1.0,
,3.0,2.0,1.0,2.0,15.0,3.0,6.0,6.0,10.0,6.0,0.0,1.0,
,3.0,2.0,1.0,2.0,15.0,3.0,6.0,6.0,10.0,6.0,0.0,1.0,
,3.0,2.0,1.0,2.0,15.0,3.0,6.0,6.0,10.0,6.0,0.0,1.0,
,0.0,1.0,1.0,0.0,1.0,4.0,7.0,2.0,5.0,4.0,1.0,8.0,34.0
,0.0,1.0,1.0,0.0,1.0,4.0,7.0,2.0,5.0,4.0,1.0,8.0,
,0.0,1.0,1.0,0.0,1.0,4.0,7.0,2.0,5.0,4.0,1.0,8.0,
,0.0,1.0,1.0,0.0,1.0,4.0,7.0,2.0,5.0,4.0,1.0,8.0,
,0.0,1.0,1.0,0.0,1.0,4.0,7.0,2.0,5.0,4.0,1.0,8.0,
,0.0,1.0,1.0,0.0,1.0,4.0,7.0,2.0,5.0,4.0,1.0,8.0,
,0.0,1.0,1.0,0.0,1.0,4.0,7.0,2.0,5.0,4.0,1.0,8.0,
,0.0,1.0,1.0,0.0,1.0,4.0,7.0,2.0,5.0,4.0,1.0,8.0,
,0.0,1.0,1.0,0.0,1.0,4.0,7.0,2.0,5.0,4.0,1.0,8.0,
,0.0,1.0,1.0,0.0,1.0,4.0,7.0,2.0,5.0,4.0,1.0,8.0,
,0.0,1.0,1.0,0.0,1.0,4.0,7.0,2.0,5.0,4.0,1.0,8.0,
,0.0,1.0,1.0,0.0,1.0,4.0,7.0,2.0,5.0,4.0,1.0,8.0,
,13.0,1.0,0.0,0.0,1.0,6.0,7.0,14.0,6.0,5.0,3.0,12.0,68.0
,13.0,1.0,0.0,0.0,1.0,6.0,7.0,14.0,6.0,5.0,3.0,12.0,
,13.0,1.0,0.0,0.0,1.0,6.0,7.0,14.0,6.0,5.0,3.0,12.0,
,13.0,1.0,0.0,0.0,1.0,6.0,7.0,14.0,6.0,5.0,3.0,12.0,
,13.0,1.0,0.0,0.0,1.0,6.0,7.0,14.0,6.0,5.0,3.0,12.0,
,13.0,1.0,0.0,0.0,1.0,6.0,7.0,14.0,6.0,5.0,3.0,12.0,
,13.0,1.0,0.0,0.0,1.0,6.0,7.0,14.0,6.0,5.0,3.0,12.0,
,13.0,1.0,0.0,0.0,1.0,6.0,7.0,14.0,6.0,5.0,3.0,12.0,
,13.0,1.0,0.0,0.0,1.0,6.0,7.0,14.0,6.0,5.0,3.0,12.0,
,13.0,1.0,0.0,0.0,1.0,6.0,7.0,14.0,6.0,5.0,3.0,12.0,
,13.0,1.0,0.0,0.0,1.0,6.0,7.0,14.0,6.0,5.0,3.0,12.0,
,13.0,1.0,0.0,0.0,1.0,6.0,7.0,14.0,6.0,5.0,3.0,12.0,
,4.0,0.0,0.0,2.0,0.0,0.0,0.0,5.0,1.0,3.0,5.0,6.0,26.0
,4.0,0.0,0.0,2.0,0.0,0.0,0.0,5.0,1.0,3.0,5.0,6.0,
,4.0,0.0,0.0,2.0,0.0,0.0,0.0,5.0,1.0,3.0,5.0,6.0,
,4.0,0.0,0.0,2.0,0.0,0.0,0.0,5.0,1.0,3.0,5.0,6.0,
,4.0,0.0,0.0,2.0,0.0,0.0,0.0,5.0,1.0,3.0,5.0,6.0,
,4.0,0.0,0.0,2.0,0.0,0.0,0.0,5.0,1.0,3.0,5.0,6.0,
,4.0,0.0,0.0,2.0,0.0,0.0,0.0,5.0,1.0,3.0,5.0,6.0,
,4.0,0.0,0.0,2.0,0.0,0.0,0.0,5.0,1.0,3.0,5.0,6.0,
,4.0,0.0,0.0,2.0,0.0,0.0,0.0,5.0,1.0,3.0,5.0,6.0,
,4.0,0.0,0.0,2.0,0.0,0.0,0.0,5.0,1.0,3.0,5.0,6.0,
,4.0,0.0,0.0,2.0,0.0,0.0,0.0,5.0,1.0,3.0,5.0,6.0,
,4.0,0.0,0.0,2.0,0.0,0.0,0.0,5.0,1.0,3.0,5.0,6.0,
,9.0,10.0,11.0,3.0,0.0,0.0,0.0,1.0,4.0,12.0,8.0,0.0,58.0
,9.0,10.0,11.0,3.0,0.0,0.0,0.0,1.0,4.0,12.0,8.0,0.0,
,9.0,10.0,11.0,3.0,0.0,0.0,0.0,1.0,4.0,12.0,8.0,0.0,
,9.0,10.0,11.0,3.0,0.0,0.0,0.0,1.0,4.0,12.0,8.0,0.0,
,9.0,10.0,11.0,3.0,0.0,0.0,0.0,1.0,4.0,12.0,8.0,0.0,
,9.0,10.0,11.0,3.0,0.0,0.0,0.0,1.0,4.0,12.0,8.0,0.0,
,9.0,10.0,11.0,3.0,0.0,0.0,0.0,1.0,4.0,12.0,8.0,0.0,
,9.0,10.0,11.0,3.0,0.0,0.0,0.0,1.0,4.0,12.0,8.0,0.0,
,9.0,10.0,11.0,3.0,0.0,0.0,0.0,1.0,4.0,12.0,8.0,0.0,
,9.0,10.0,11.0,3.0,0.0,0.0,0.0,1.0,4.0,12.0,8.0,0.0,
,9.0,10.0,11.0,3.0,0.0,0.0,0.0,1.0,4.0,12.0,8.0,0.0,
,9.0,10.0,11.0,3.0,0.0,0.0,0.0,1.0,4.0,12.0,8.0,0.0,
,10.0,0.0,0.0,0.0,0.0,2.0,6.0,3.0,4.0,8.0,4.0,12.0,49.0
,10.0,0.0,0.0,0.0,0.0,2.0,6.0,3.0,4.0,8.0,4.0,12.0,
,10.0,0.0,0.0,0.0,0.0,2.0,6.0,3.0,4.0,8.0,4.0,12.0,
,10.0,0.0,0.0,0.0,0.0,2.0,6.0,3.0,4.0,8.0,4.0,12.0,
,10.0,0.0,0.0,0.0,0.0,2.0,6.0,3.0,4.0,8.0,4.0,12.0,
,10.0,0.0,0.0,0.0,0.0,2.0,6.0,3.0,4.0,8.0,4.0,12.0,
,10.0,0.0,0.0,0.0,0.0,2.0,6.0,3.0,4.0,8.0,4.0,12.0,
,10.0,0.0,0.0,0.0,0.0,2.0,6.0,3.0,4.0,8.0,4.0,12.0,
,10.0,0.0,0.0,0.0,0.0,2.0,6.0,3.0,4.0,8.0,4.0,12.0,
,10.0,0.0,0.0,0.0,0.0,2.0,6.0,3.0,4.0,8.0,4.0,12.0,
,10.0,0.0,0.0,0.0,0.0,2.0,6.0,3.0,4.0,8.0,4.0,12.0,
,10.0,0.0,0.0,0.0,0.0,2.0,6.0,3.0,4.0,8.0,4.0,12.0,
,11.0,2.0,1.0,12.0,1.0,4.0,12.0,2.0,2.0,5.0,10.0,4.0,66.0
,11.0,2.0,1.0,12.0,1.0,4.0,12.0,2.0,2.0,5.0,10.0,4.0,
,11.0,2.0,1.0,12.0,1.0,4.0,12.0,2.0,2.0,5.0,10.0,4.0,
,11.0,2.0,1.0,12.0,1.0,4.0,12.0,2.0,2.0,5.0,10.0,4.0,
,11.0,2.0,1.0,12.0,1.0,4.0,12.0,2.0,2.0,5.0,10.0,4.0,
,11.0,2.0,1.0,12.0,1.0,4.0,12.0,2.0,2.0,5.0,10.0,4.0,
,11.0,2.0,1.0,12.0,1.0,4.0,12.0,2.0,2.0,5.0,10.0,4.0,
,11.0,2.0,1.0,12.0,1.0,4.0,12.0,2.0,2.0,5.0,10.0,4.0,
,11.0,2.0,1.0,12.0,1.0,4.0,12.0,2.0,2.0,5.0,10.0,4.0,
,11.0,2.0,1.0,12.0,1.0,4.0,12.0,2.0,2.0,5.0,10.0,4.0,
,11.0,2.0,1.0,12.0,1.0,4.0,12.0,2.0,2.0,5.0,10.0,4.0,
,11.0,2.0,1.0,12.0,1.0,4.0,12.0,2.0,2.0,5.0,10.0,4.0,
,0.0,0.0,0.0,0.0,0.0,0.0,0.0,1.0,4.0,6.0,8.0,4.0,23.0
,0.0,0.0,0.0,0.0,0.0,0.0,0.0,1.0,4.0,6.0,8.0,4.0,
,0.0,0.0,0.0,0.0,0.0,0.0,0.0,1.0,4.0,6.0,8.0,4.0,
,0.0,0.0,0.0,0.0,0.0,0.0,0.0,1.0,4.0,6.0,8.0,4.0,
,0.0,0.0,0.0,0.0,0.0,0.0,0.0,1.0,4.0,6.0,8.0,4.0,
,0.0,0.0,0.0,0.0,0.0,0.0,0.0,1.0,4.0,6.0,8.0,4.0,
,0.0,0.0,0.0,0.0,0.0,0.0,0.0,1.0,4.0,6.0,8.0,4.0,
,0.0,0.0,0.0,0.0,0.0,0.0,0.0,1.0,4.0,6.0,8.0,4.0,
,0.0,0.0,0.0,0.0,0.0,0.0,0.0,1.0,4.0,6.0,8.0,4.0,
,0.0,0.0,0.0,0.0,0.0,0.0,0.0,1.0,4.0,6.0,8.0,4.0,
,0.0,0.0,0.0,0.0,0.0,0.0,0.0,1.0,4.0,6.0,8.0,4.0,
,0.0,0.0,0.0,0.0,0.0,0.0,0.0,1.0,4.0,6.0,8.0,4.0,
,5.0,0.0,4.0,0.0,0.0,0.0,0.0,1.0,7.0,6.0,6.0,1.0,30.0
,5.0,0.0,4.0,0.0,0.0,0.0,0.0,1.0,7.0,6.0,6.0,1.0,
,5.0,0.0,4.0,0.0,0.0,0.0,0.0,1.0,7.0,6.0,6.0,1.0,
,5.0,0.0,4.0,0.0,0.0,0.0,0.0,1.0,7.0,6.0,6.0,1.0,
,5.0,0.0,4.0,0.0,0.0,0.0,0.0,1.0,7.0,6.0,6.0,1.0,
,5.0,0.0,4.0,0.0,0.0,0.0,0.0,1.0,7.0,6.0,6.0,1.0,
,5.0,0.0,4.0,0.0,0.0,0.0,0.0,1.0,7.0,6.0,6.0,1.0,
,5.0,0.0,4.0,0.0,0.0,0.0,0.0,1.0,7.0,6.0,6.0,1.0,
,5.0,0.0,4.0,0.0,0.0,0.0,0.0,1.0,7.0,6.0,6.0,1.0,
,5.0,0.0,4.0,0.0,0.0,0.0,0.0,1.0,7.0,6.0,6.0,1.0,
,5.0,0.0,4.0,0.0,0.0,0.0,0.0,1.0,7.0,6.0,6.0,1.0,
,5.0,0.0,4.0,0.0,0.0,0.0,0.0,1.0,7.0,6.0,6.0,1.0,
,1.0,7.0,22.0,13.0,18.0,7.0,6.0,6.0,5.0,10.0,3.0,3.0,101.0
,1.0,7.0,22.0,13.0,18.0,7.0,6.0,6.0,5.0,10.0,3.0,3.0,
,1.0,7.0,22.0,13.0,18.0,7.0,6.0,6.0,5.0,10.0,3.0,3.0,
,1.0,7.0,22.0,13.0,18.0,7.0,6.0,6.0,5.0,10.0,3.0,3.0,
,1.0,7.0,22.0,13.0,18.0,7.0,6.0,6.0,5.0,10.0,3.0,3.0,
,1.0,7.0,22.0,13.0,18.0,7.0,6.0,6.0,5.0,10.0,3.0,3.0,
,1.0,7.0,22.0,13.0,18.0,7.0,6.0,6.0,5.0,10.0,3.0,3.0,
,1.0,7.0,22.0,13.0,18.0,7.0,6.0,6.0,5.0,10.0,3.0,3.0,
,1.0,7.0,22.0,13.0,18.0,7.0,6.0,6.0,5.0,10.0,3.0,3.0,
,1.0,7.0,22.0,13.0,18.0,7.0,6.0,6.0,5.0,10.0,3.0,3.0,
,1.0,7.0,22.0,13.0,18.0,7.0,6.0,6.0,5.0,10.0,3.0,3.0,
,1.0,7.0,22.0,13.0,18.0,7.0,6.0,6.0,5.0,10.0,3.0,3.0,
,0.0,0.0,2.0,4.0,0.0,3.0,2.0,6.0,1.0,0.0,0.0,0.0,18.0
,0.0,0.0,2.0,4.0,0.0,3.0,2.0,6.0,1.0,0.0,0.0,0.0,
,0.0,0.0,2.0,4.0,0.0,3.0,2.0,6.0,1.0,0.0,0.0,0.0,
,0.0,0.0,2.0,4.0,0.0,3.0,2.0,6.0,1.0,0.0,0.0,0.0,
,0.0,0.0,2.0,4.0,0.0,3.0,2.0,6.0,1.0,0.0,0.0,0.0,
,0.0,0.0,2.0,4.0,0.0,3.0,2.0,6.0,1.0,0.0,0.0,0.0,
,0.0,0.0,2.0,4.0,0.0,3.0,2.0,6.0,1.0,0.0,0.0,0.0,
,0.0,0.0,2.0,4.0,0.0,3.0,2.0,6.0,1.0,0.0,0.0,0.0,
,0.0,0.0,2.0,4.0,0.0,3.0,2.0,6.0,1.0,0.0,0.0,0.0,
,0.0,0.0,2.0,4.0,0.0,3.0,2.0,6.0,1.0,0.0,0.0,0.0,
,0.0,0.0,2.0,4.0,0.0,3.0,2.0,6.0,1.0,0.0,0.0,0.0,
,0.0,0.0,2.0,4.0,0.0,3.0,2.0,6.0,1.0,0.0,0.0,0.0,
,5.0,12.0,2.0,23.0,24.0,21.0,19.0,4.0,8.0,5.0,11.0,11.0,145.0
,5.0,12.0,2.0,23.0,24.0,21.0,19.0,4.0,8.0,5.0,11.0,11.0,
,5.0,12.0,2.0,23.0,24.0,21.0,19.0,4.0,8.0,5.0,11.0,11.0,
,5.0,12.0,2.0,23.0,24.0,21.0,19.0,4.0,8.0,5.0,11.0,11.0,
,5.0,12.0,2.0,23.0,24.0,21.0,19.0,4.0,8.0,5.0,11.0,11.0,
,5.0,12.0,2.0,23.0,24.0,21.0,19.0,4.0,8.0,5.0,11.0,11.0,
,5.0,12.0,2.0,23.0,24.0,21.0,19.0,4.0,8.0,5.0,11.0,11.0,
,5.0,12.0,2.0,23.0,24.0,21.0,19.0,4.0,8.0,5.0,11.0,11.0,
,5.0,12.0,2.0,23.0,24.0,21.0,19.0,4.0,8.0,5.0,11.0,11.0,
,5.0,12.0,2.0,23.0,24.0,21.0,19.0,4.0,8.0,5.0,11.0,11.0,
,5.0,12.0,2.0,23.0,24.0,21.0,19.0,4.0,8.0,5.0,11.0,11.0,
,5.0,12.0,2.0,23.0,24.0,21.0,19.0,4.0,8.0,5.0,11.0,11.0,
,14.0,15.0,19.0,2.0,3.0,3.0,0.0,4.0,9.0,2.0,1.0,3.0,75.0
,14.0,15.0,19.0,2.0,3.0,3.0,0.0,4.0,9.0,2.0,1.0,3.0,
,14.0,15.0,19.0,2.0,3.0,3.0,0.0,4.0,9.0,2.0,1.0,3.0,
,14.0,15.0,19.0,2.0,3.0,3.0,0.0,4.0,9.0,2.0,1.0,3.0,
,14.0,15.0,19.0,2.0,3.0,3.0,0.0,4.0,9.0,2.0,1.0,3.0,
,14.0,15.0,19.0,2.0,3.0,3.0,0.0,4.0,9.0,2.0,1.0,3.0,
,14.0,15.0,19.0,2.0,3.0,3.0,0.0,4.0,9.0,2.0,1.0,3.0,
,14.0,15.0,19.0,2.0,3.0,3.0,0.0,4.0,9.0,2.0,1.0,3.0,
,14.0,15.0,19.0,2.0,3.0,3.0,0.0,4.0,9.0,2.0,1.0,3.0,
,14.0,15.0,19.0,2.0,3.0,3.0,0.0,4.0,9.0,2.0,1.0,3.0,
,14.0,15.0,19.0,2.0,3.0,3.0,0.0,4.0,9.0,2.0,1.0,3.0,
,14.0,15.0,19.0,2.0,3.0,3.0,0.0,4.0,9.0,2.0,1.0,3.0,
,6.0,4.0,6.0,0.0,1.0,2.0,6.0,6.0,6.0,4.0,2.0,0.0,43.0
,6.0,4.0,6.0,0.0,1.0,2.0,6.0,6.0,6.0,4.0,2.0,0.0,
,6.0,4.0,6.0,0.0,1.0,2.0,6.0,6.0,6.0,4.0,2.0,0.0,
,6.0,4.0,6.0,0.0,1.0,2.0,6.0,6.0,6.0,4.0,2.0,0.0,
,6.0,4.0,6.0,0.0,1.0,2.0,6.0,6.0,6.0,4.0,2.0,0.0,
,6.0,4.0,6.0,0.0,1.0,2.0,6.0,6.0,6.0,4.0,2.0,0.0,
,6.0,4.0,6.0,0.0,1.0,2.0,6.0,6.0,6.0,4.0,2.0,0.0,
,6.0,4.0,6.0,0.0,1.0,2.0,6.0,6.0,6.0,4.0,2.0,0.0,
,6.0,4.0,6.0,0.0,1.0,2.0,6.0,6.0,6.0,4.0,2.0,0.0,
,6.0,4.0,6.0,0.0,1.0,2.0,6.0,6.0,6.0,4.0,2.0,0.0,
,6.0,4.0,6.0,0.0,1.0,2.0,6.0,6.0,6.0,4.0,2.0,0.0,
,6.0,4.0,6.0,0.0,1.0,2.0,6.0,6.0,6.0,4.0,2.0,0.0,
,13.0,13.0,6.0,19.0,6.0,5.0,3.0,9.0,18.0,15.0,21.0,21.0,149.0
,13.0,13.0,6.0,19.0,6.0,5.0,3.0,9.0,18.0,15.0,21.0,21.0,
,13.0,13.0,6.0,19.0,6.0,5.0,3.0,9.0,18.0,15.0,21.0,21.0,
,13.0,13.0,6.0,19.0,6.0,5.0,3.0,9.0,18.0,15.0,21.0,21.0,
,13.0,13.0,6.0,19.0,6.0,5.0,3.0,9.0,18.0,15.0,21.0,21.0,
,13.0,13.0,6.0,19.0,6.0,5.0,3.0,9.0,18.0,15.0,21.0,21.0,
,13.0,13.0,6.0,19.0,6.0,5.0,3.0,9.0,18.0,15.0,21.0,21.0,
,13.0,13.0,6.0,19.0,6.0,5.0,3.0,9.0,18.0,15.0,21.0,21.0,
,13.0,13.0,6.0,19.0,6.0,5.0,3.0,9.0,18.0,15.0,21.0,21.0,
,13.0,13.0,6.0,19.0,6.0,5.0,3.0,9.0,18.0,15.0,21.0,21.0,
,13.0,13.0,6.0,19.0,6.0,5.0,3.0,9.0,18.0,15.0,21.0,21.0,
,13.0,13.0,6.0,19.0,6.0,5.0,3.0,9.0,18.0,15.0,21.0,21.0,
,5.0,10.0,19.0,22.0,21.0,18.0,22.0,20.0,15.0,18.0,16.0,16.0,202.0
,5.0,10.0,19.0,22.0,21.0,18.0,22.0,20.0,15.0,18.0,16.0,16.0,
,5.0,10.0,19.0,22.0,21.0,18.0,22.0,20.0,15.0,18.0,16.0,16.0,
,5.0,10.0,19.0,22.0,21.0,18.0,22.0,20.0,15.0,18.0,16.0,16.0,
,5.0,10.0,19.0,22.0,21.0,18.0,22.0,20.0,15.0,18.0,16.0,16.0,
,5.0,10.0,19.0,22.0,21.0,18.0,22.0,20.0,15.0,18.0,16.0,16.0,
,5.0,10.0,19.0,22.0,21.0,18.0,22.0,20.0,15.0,18.0,16.0,16.0,
,5.0,10.0,19.0,22.0,21.0,18.0,22.0,20.0,15.0,18.0,16.0,16.0,
,5.0,10.0,19.0,22.0,21.0,18.0,22.0,20.0,15.0,18.0,16.0,16.0,
,5.0,10.0,19.0,22.0,21.0,18.0,22.0,20.0,15.0,18.0,16.0,16.0,
,5.0,10.0,19.0,22.0,21.0,18.0,22.0,20.0,15.0,18.0,16.0,16.0,
,5.0,10.0,19.0,22.0,21.0,18.0,22.0,20.0,15.0,18.0,16.0,16.0,
,16.0,3.0,3.0,0.0,8.0,4.0,0.0,12.0,1.0,9.0,9.0,5.0,70.0
,16.0,3.0,3.0,0.0,8.0,4.0,0.0,12.0,1.0,9.0,9.0,5.0,
,16.0,3.0,3.0,0.0,8.0,4.0,0.0,12.0,1.0,9.0,9.0,5.0,
,16.0,3.0,3.0,0.0,8.0,4.0,0.0,12.0,1.0,9.0,9.0,5.0,
,16.0,3.0,3.0,0.0,8.0,4.0,0.0,12.0,1.0,9.0,9.0,5.0,
,16.0,3.0,3.0,0.0,8.0,4.0,0.0,12.0,1.0,9.0,9.0,5.0,
,16.0,3.0,3.0,0.0,8.0,4.0,0.0,12.0,1.0,9.0,9.0,5.0,
,16.0,3.0,3.0,0.0,8.0,4.0,0.0,12.0,1.0,9.0,9.0,5.0,
,16.0,3.0,3.0,0.0,8.0,4.0,0.0,12.0,1.0,9.0,9.0,5.0,
,16.0,3.0,3.0,0.0,8.0,4.0,0.0,12.0,1.0,9.0,9.0,5.0,
,16.0,3.0,3.0,0.0,8.0,4.0,0.0,12.0,1.0,9.0,9.0,5.0,
,16.0,3.0,3.0,0.0,8.0,4.0,0.0,12.0,1.0,9.0,9.0,5.0,
,2.0,1.0,2.0,3.0,1.0,1.0,9.0,17.0,9.0,11.0,16.0,3.0,75.0
,2.0,1.0,2.0,3.0,1.0,1.0,9.0,17.0,9.0,11.0,16.0,3.0,
,2.0,1.0,2.0,3.0,1.0,1.0,9.0,17.0,9.0,11.0,16.0,3.0,
,2.0,1.0,2.0,3.0,1.0,1.0,9.0,17.0,9.0,11.0,16.0,3.0,
,2.0,1.0,2.0,3.0,1.0,1.0,9.0,17.0,9.0,11.0,16.0,3.0,
,2.0,1.0,2.0,3.0,1.0,1.0,9.0,17.0,9.0,11.0,16.0,3.0,
,2.0,1.0,2.0,3.0,1.0,1.0,9.0,17.0,9.0,11.0,16.0,3.0,
,2.0,1.0,2.0,3.0,1.0,1.0,9.0,17.0,9.0,11.0,16.0,3.0,
,2.0,1.0,2.0,3.0,1.0,1.0,9.0,17.0,9.0,11.0,16.0,3.0,
,2.0,1.0,2.0,3.0,1.0,1.0,9.0,17.0,9.0,11.0,16.0,3.0,
,2.0,1.0,2.0,3.0,1.0,1.0,9.0,17.0,9.0,11.0,16.0,3.0,
,2.0,1.0,2.0,3.0,1.0,1.0,9.0,17.0,9.0,11.0,16.0,3.0,
,24.0,18.0,21.0,18.0,18.0,18.0,3.0,0.0,4.0,7.0,21.0,21.0,173.0
,24.0,18.0,21.0,18.0,18.0,18.0,3.0,0.0,4.0,7.0,21.0,21.0,
,24.0,18.0,21.0,18.0,18.0,18.0,3.0,0.0,4.0,7.0,21.0,21.0,
,24.0,18.0,21.0,18.0,18.0,18.0,3.0,0.0,4.0,7.0,21.0,21.0,
,24.0,18.0,21.0,18.0,18.0,18.0,3.0,0.0,4.0,7.0,21.0,21.0,
,24.0,18.0,21.0,18.0,18.0,18.0,3.0,0.0,4.0,7.0,21.0,21.0,
,24.0,18.0,21.0,18.0,18.0,18.0,3.0,0.0,4.0,7.0,21.0,21.0,
,24.0,18.0,21.0,18.0,18.0,18.0,3.0,0.0,4.0,7.0,21.0,21.0,
,24.0,18.0,21.0,18.0,18.0,18.0,3.0,0.0,4.0,7.0,21.0,21.0,
,24.0,18.0,21.0,18.0,18.0,18.0,3.0,0.0,4.0,7.0,21.0,21.0,
,24.0,18.0,21.0,18.0,18.0,18.0,3.0,0.0,4.0,7.0,21.0,21.0,
,24.0,18.0,21.0,18.0,18.0,18.0,3.0,0.0,4.0,7.0,21.0,21.0,
