year,jan,feb,mar,apr,may,jun,jul,aug,sep,oct,nov,dec,annual
,5.0,2.0,0.0,1.0,4.0,4.0,2.0,5.0,5.0,8.0,10.0,9.0,55.0
,5.0,2.0,0.0,1.0,4.0,4.0,2.0,5.0,5.0,8.0,10.0,9.0,
,5.0,2.0,0.0,1.0,4.0,4.0,2.0,5.0,5.0,8.0,10.0,9.0,
,5.0,2.0,0.0,1.0,4.0,4.0,2.0,5.0,5.0,8.0,10.0,9.0,
,5.0,2.0,0.0,1.0,4.0,4.0,2.0,5.0,5.0,8.0,10.0,9.0,
,5.0,2.0,0.0,1.0,4.0,4.0,2.0,5.0,5.0,8.0,10.0,9.0,
,5.0,2.0,0.0,1.0,4.0,4.0,2.0,5.0,5.0,8.0,10.0,9.0,
,5.0,2.0,0.0,1.0,4.0,4.0,2.0,5.0,5.0,8.0,10.0,9.0,
,5.0,2.0,0.0,1.0,4.0,4.0,2.0,5.0,5.0,8.0,10.0,9.0,
,5.0,2.0,0.0,1.0,4.0,4.0,2.0,5.0,5.0,8.0,10.0,9.0,
,5.0,2.0,0.0,1.0,4.0,4.0,2.0,5.0,5.0,8.0,10.0,9.0,
,5.0,2.0,0.0,1.0,4.0,4.0,2.0,5.0,5.0,8.0,10.0,9.0,
,1.0,0.0,3.0,1.0,0.0,1.0,1.0,2.0,2.0,0.0,4.0,2.0,17.0
,1.0,0.0,3.0,1.0,0.0,1.0,1.0,2.0,2.0,0.0,4.0,2.0,
,1.0,0.0,3.0,1.0,0.0,1.0,1.0,2.0,2.0,0.0,4.0,2.0,
,1.0,0.0,3.0,1.0,0.0,1.0,1.0,2.0,2.0,0.0,4.0,2.0,
,1.0,0.0,3.0,1.0,0.0,1.0,1.0,2.0,2.0,0.0,4.0,2.0,
,1.0,0.0,3.0,1.0,0.0,1.0,1.0,2.0,2.0,0.0,4.0,2.0,
,1.0,0.0,3.0,1.0,0.0,1.0,1.0,2.0,2.0,0.0,4.0,2.0,
,1.0,0.0,3.0,1.0,0.0,1.0,1.0,2.0,2.0,0.0,4.0,2.0,
,1.0,0.0,3.0,1.0,0.0,1.0,1.0,2.0,2.0,0.0,4.0,2.0,
,1.0,0.0,3.0,1.0,0.0,1.0,1.0,2.0,2.0,0.0,4.0,2.0,
,1.0,0.0,3.0,1.0,0.0,1.0,1.0,2.0,2.0,0.0,4.0,2.0,
,1.0,0.0,3.0,1.0,0.0,1.0,1.0,2.0,2.0,0.0,4.0,2.0,
,3.0,3.0,8.0,1.0,3.0,2.0,6.0,2.0,8.0,2.0,3.0,3.0,44.0
,3.0,3.0,8.0,1.0,3.0,2.0,6.0,2.0,8.0,2.0,3.0,3.0,
,3.0,3.0,8.0,1.0,3.0,2.0,6.0,2.0,8.0,2.0,3.0,3.0,
,3.0,3.0,8.0,1.0,3.0,2.0,6.0,2.0,8.0,2.0,3.0,3.0,
,3.0,3.0,8.0,1.0,3.0,2.0,6.0,2.0,8.0,2.0,3.0,3.0,
,3.0,3.0,8.0,1.0,3.0,2.0,6.0,2.0,8.0,2.0,3.0,3.0,
,3.0,3.0,8.0,1.0,3.0,2.0,6.0,2.0,8.0,2.0,3.0,3.0,
,3.0,3.0,8.0,1.0,3.0,2.0,6.0,2.0,8.0,2.0,3.0,3.0,
,3.0,3.0,8.0,1.0,3.0,2.0,6.0,2.0,8.0,2.0,3.0,3.0,
,3.0,3.0,8.0,1.0,3.0,2.0,6.0,2.0,8.0,2.0,3.0,3.0,
,3.0,3.0,8.0,1.0,3.0,2.0,6.0,2.0,8.0,2.0,3.0,3.0,
,3.0,3.0,8.0,1.0,3.0,2.0,6.0,2.0,8.0,2.0,3.0,3.0,
,1.0,3.0,4.0,7.0,1.0,0.0,0.0,0.0,3.0,0.0,0.0,3.0,22.0
,1.0,3.0,4.0,7.0,1.0,0.0,0.0,0.0,3.0,0.0,0.0,3.0,
,1.0,3.0,4.0,7.0,1.0,0.0,0.0,0.0,3.0,0.0,0.0,3.0,
,1.0,3.0,4.0,7.0,1.0,0.0,0.0,0.0,3.0,0.0,0.0,3.0,
,1.0,3.0,4.0,7.0,1.0,0.0,0.0,0.0,3.0,0.0,0.0,3.0,
,1.0,3.0,4.0,7.0,1.0,0.0,0.0,0.0,3.0,0.0,0.0,3.0,
,1.0,3.0,4.0,7.0,1.0,0.0,0.0,0.0,3.0,0.0,0.0,3.0,
,1.0,3.0,4.0,7.0,1.0,0.0,0.0,0.0,3.0,0.0,0.0,3.0,
,1.0,3.0,4.0,7.0,1.0,0.0,0.0,0.0,3.0,0.0,0.0,3.0,
,1.0,3.0,4.0,7.0,1.0,0.0,0.0,0.0,3.0,0.0,0.0,3.0,
,1.0,3.0,4.0,7.0,1.0,0.0,0.0,0.0,3.0,0.0,0.0,3.0,
,1.0,3.0,4.0,7.0,1.0,0.0,0.0,0.0,3.0,0.0,0.0,3.0,
,1.0,2.0,0.0,1.0,0.0,1.0,7.0,4.0,1.0,6.0,2.0,7.0,32.0
,1.0,2.0,0.0,1.0,0.0,1.0,7.0,4.0,1.0,6.0,2.0,7.0,
,1.0,2.0,0.0,1.0,0.0,1.0,7.0,4.0,1.0,6.0,2.0,7.0,
,1.0,2.0,0.0,1.0,0.0,1.0,7.0,4.0,1.0,6.0,2.0,7.0,
,1.0,2.0,0.0,1.0,0.0,1.0,7.0,4.0,1.0,6.0,2.0,7.0,
,1.0,2.0,0.0,1.0,0.0,1.0,7.0,4.0,1.0,6.0,2.0,7.0,
,1.0,2.0,0.0,1.0,0.0,1.0,7.0,4.0,1.0,6.0,2.0,7.0,
,1.0,2.0,0.0,1.0,0.0,1.0,7.0,4.0,1.0,6.0,2.0,7.0,
,1.0,2.0,0.0,1.0,0.0,1.0,7.0,4.0,1.0,6.0,2.0,7.0,
,1.0,2.0,0.0,1.0,0.0,1.0,7.0,4.0,1.0,6.0,2.0,7.0,
,1.0,2.0,0.0,1.0,0.0,1.0,7.0,4.0,1.0,6.0,2.0,7.0,
,1.0,2.0,0.0,1.0,0.0,1.0,7.0,4.0,1.0,6.0,2.0,7.0,
,1.0,2.0,2.0,2.0,3.0,1.0,4.0,1.0,1.0,1.0,4.0,3.0,25.0
,1.0,2.0,2.0,2.0,3.0,1.0,4.0,1.0,1.0,1.0,4.0,3.0,
,1.0,2.0,2.0,2.0,3.0,1.0,4.0,1.0,1.0,1.0,4.0,3.0,
,1.0,2.0,2.0,2.0,3.0,1.0,4.0,1.0,1.0,1.0,4.0,3.0,
,1.0,2.0,2.0,2.0,3.0,1.0,4.0,1.0,1.0,1.0,4.0,3.0,
,1.0,2.0,2.0,2.0,3.0,1.0,4.0,1.0,1.0,1.0,4.0,3.0,
,1.0,2.0,2.0,2.0,3.0,1.0,4.0,1.0,1.0,1.0,4.0,3.0,
,1.0,2.0,2.0,2.0,3.0,1.0,4.0,1.0,1.0,1.0,4.0,3.0,
,1.0,2.0,2.0,2.0,3.0,1.0,4.0,1.0,1.0,1.0,4.0,3.0,
,1.0,2.0,2.0,2.0,3.0,1.0,4.0,1.0,1.0,1.0,4.0,3.0,
,1.0,2.0,2.0,2.0,3.0,1.0,4.0,1.0,1.0,1.0,4.0,3.0,
,1.0,2.0,2.0,2.0,3.0,1.0,4.0,1.0,1.0,1.0,4.0,3.0,
,0.0,0.0,1.0,2.0,8.0,0.0,5.0,4.0,4.0,12.0,3.0,0.0,39.0
,0.0,0.0,1.0,2.0,8.0,0.0,5.0,4.0,4.0,12.0,3.0,0.0,
,0.0,0.0,1.0,2.0,8.0,0.0,5.0,4.0,4.0,12.0,3.0,0.0,
,0.0,0.0,1.0,2.0,8.0,0.0,5.0,4.0,4.0,12.0,3.0,0.0,
,0.0,0.0,1.0,2.0,8.0,0.0,5.0,4.0,4.0,12.0,3.0,0.0,
,0.0,0.0,1.0,2.0,8.0,0.0,5.0,4.0,4.0,12.0,3.0,0.0,
,0.0,0.0,1.0,2.0,8.0,0.0,5.0,4.0,4.0,12.0,3.0,0.0,
,0.0,0.0,1.0,2.0,8.0,0.0,5.0,4.0,4.0,12.0,3.0,0.0,
,0.0,0.0,1.0,2.0,8.0,0.0,5.0,4.0,4.0,12.0,3.0,0.0,
,0.0,0.0,1.0,2.0,8.0,0.0,5.0,4.0,4.0,12.0,3.0,0.0,
,0.0,0.0,1.0,2.0,8.0,0.0,5.0,4.0,4.0,12.0,3.0,0.0,
,0.0,0.0,1.0,2.0,8.0,0.0,5.0,4.0,4.0,12.0,3.0,0.0,
,1.0,2.0,2.0,0.0,0.0,1.0,1.0,0.0,2.0,5.0,10.0,1.0,25.0
,1.0,2.0,2.0,0.0,0.0,1.0,1.0,0.0,2.0,5.0,10.0,1.0,
,1.0,2.0,2.0,0.0,0.0,1.0,1.0,0.0,2.0,5.0,10.0,1.0,
,1.0,2.0,2.0,0.0,0.0,1.0,1.0,0.0,2.0,5.0,10.0,1.0,
,1.0,2.0,2.0,0.0,0.0,1.0,1.0,0.0,2.0,5.0,10.0,1.0,
,1.0,2.0,2.0,0.0,0.0,1.0,1.0,0.0,2.0,5.0,10.0,1.0,
,1.0,2.0,2.0,0.0,0.0,1.0,1.0,0.0,2.0,5.0,10.0,1.0,
,1.0,2.0,2.0,0.0,0.0,1.0,1.0,0.0,2.0,5.0,10.0,1.0,
,1.0,2.0,2.0,0.0,0.0,1.0,1.0,0.0,2.0,5.0,10.0,1.0,
,1.0,2.0,2.0,0.0,0.0,1.0,1.0,0.0,2.0,5.0,10.0,1.0,
,1.0,2.0,2.0,0.0,0.0,1.0,1.0,0.0,2.0,5.0,10.0,1.0,
,1.0,2.0,2.0,0.0,0.0,1.0,1.0,0.0,2.0,5.0,10.0,1.0,
,0.0,3.0,2.0,1.0,3.0,4.0,2.0,1.0,2.0,0.0,2.0,1.0,21.0
,0.0,3.0,2.0,1.0,3.0,4.0,2.0,1.0,2.0,0.0,2.0,1.0,
,0.0,3.0,2.0,1.0,3.0,4.0,2.0,1.0,2.0,0.0,2.0,1.0,
,0.0,3.0,2.0,1.0,3.0,4.0,2.0,1.0,2.0,0.0,2.0,1.0,
,0.0,3.0,2.0,1.0,3.0,4.0,2.0,1.0,2.0,0.0,2.0,1.0,
,0.0,3.0,2.0,1.0,3.0,4.0,2.0,1.0,2.0,0.0,2.0,1.0,
,0.0,3.0,2.0,1.0,3.0,4.0,2.0,1.0,2.0,0.0,2.0,1.0,
,0.0,3.0,2.0,1.0,3.0,4.0,2.0,1.0,2.0,0.0,2.0,1.0,
,0.0,3.0,2.0,1.0,3.0,4.0,2.0,1.0,2.0,0.0,2.0,1.0,
,0.0,3.0,2.0,1.0,3.0,4.0,2.0,1.0,2.0,0.0,2.0,1.0,
,0.0,3.0,2.0,1.0,3.0,4.0,2.0,1.0,2.0,0.0,2.0,1.0,
,0.0,3.0,2.0,1.0,3.0,4.0,2.0,1.0,2.0,0.0,2.0,1.0,
,5.0,7.0,3.0,1.0,7.0,8.0,2.0,1.0,2.0,0.0,0.0,3.0,39.0
,5.0,7.0,3.0,1.0,7.0,8.0,2.0,1.0,2.0,0.0,0.0,3.0,
,5.0,7.0,3.0,1.0,7.0,8.0,2.0,1.0,2.0,0.0,0.0,3.0,
,5.0,7.0,3.0,1.0,7.0,8.0,2.0,1.0,2.0,0.0,0.0,3.0,
,5.0,7.0,3.0,1.0,7.0,8.0,2.0,1.0,2.0,0.0,0.0,3.0,
,5.0,7.0,3.0,1.0,7.0,8.0,2.0,1.0,2.0,0.0,0.0,3.0,
,5.0,7.0,3.0,1.0,7.0,8.0,2.0,1.0,2.0,0.0,0.0,3.0,
,5.0,7.0,3.0,1.0,7.0,8.0,2.0,1.0,2.0,0.0,0.0,3.0,
,5.0,7.0,3.0,1.0,7.0,8.0,2.0,1.0,2.0,0.0,0.0,3.0,
,5.0,7.0,3.0,1.0,7.0,8.0,2.0,1.0,2.0,0.0,0.0,3.0,
,5.0,7.0,3.0,1.0,7.0,8.0,2.0,1.0,2.0,0.0,0.0,3.0,
,5.0,7.0,3.0,1.0,7.0,8.0,2.0,1.0,2.0,0.0,0.0,3.0,
,4.0,8.0,1.0,0.0,0.0,0.0,0.0,0.0,5.0,4.0,0.0,5.0,27.0
,4.0,8.0,1.0,0.0,0.0,0.0,0.0,0.0,5.0,4.0,0.0,5.0,
,4.0,8.0,1.0,0.0,0.0,0.0,0.0,0.0,5.0,4.0,0.0,5.0,
,4.0,8.0,1.0,0.0,0.0,0.0,0.0,0.0,5.0,4.0,0.0,5.0,
,4.0,8.0,1.0,0.0,0.0,0.0,0.0,0.0,5.0,4.0,0.0,5.0,
,4.0,8.0,1.0,0.0,0.0,0.0,0.0,0.0,5.0,4.0,0.0,5.0,
,4.0,8.0,1.0,0.0,0.0,0.0,0.0,0.0,5.0,4.0,0.0,5.0,
,4.0,8.0,1.0,0.0,0.0,0.0,0.0,0.0,5.0,4.0,0.0,5.0,
,4.0,8.0,1.0,0.0,0.0,0.0,0.0,0.0,5.0,4.0,0.0,5.0,
,4.0,8.0,1.0,0.0,0.0,0.0,0.0,0.0,5.0,4.0,0.0,5.0,
,4.0,8.0,1.0,0.0,0.0,0.0,0.0,0.0,5.0,4.0,0.0,5.0,
,4.0,8.0,1.0,0.0,0.0,0.0,0.0,0.0,5.0,4.0,0.0,5.0,
,3.0,1.0,1.0,0.0,10.0,15.0,6.0,4.0,3.0,6.0,0.0,3.0,52.0
,3.0,1.0,1.0,0.0,10.0,15.0,6.0,4.0,3.0,6.0,0.0,3.0,
,3.0,1.0,1.0,0.0,10.0,15.0,6.0,4.0,3.0,6.0,0.0,3.0,
,3.0,1.0,1.0,0.0,10.0,15.0,6.0,4.0,3.0,6.0,0.0,3.0,
,3.0,1.0,1.0,0.0,10.0,15.0,6.0,4.0,3.0,6.0,0.0,3.0,
,3.0,1.0,1.0,0.0,10.0,15.0,6.0,4.0,3.0,6.0,0.0,3.0,
,3.0,1.0,1.0,0.0,10.0,15.0,6.0,4.0,3.0,6.0,0.0,3.0,
,3.0,1.0,1.0,0.0,10.0,15.0,6.0,4.0,3.0,6.0,0.0,3.0,
,3.0,1.0,1.0,0.0,10.0,15.0,6.0,4.0,3.0,6.0,0.0,3.0,
,3.0,1.0,1.0,0.0,10.0,15.0,6.0,4.0,3.0,6.0,0.0,3.0,
,3.0,1.0,1.0,0.0,10.0,15.0,6.0,4.0,3.0,6.0,0.0,3.0,
,3.0,1.0,1.0,0.0,10.0,15.0,6.0,4.0,3.0,6.0,0.0,3.0,
,6.0,3.0,2.0,8.0,6.0,8.0,4.0,0.0,0.0,1.0,1.0,4.0,43.0
,6.0,3.0,2.0,8.0,6.0,8.0,4.0,0.0,0.0,1.0,1.0,4.0,
,6.0,3.0,2.0,8.0,6.0,8.0,4.0,0.0,0.0,1.0,1.0,4.0,
,6.0,3.0,2.0,8.0,6.0,8.0,4.0,0.0,0.0,1.0,1.0,4.0,
,6.0,3.0,2.0,8.0,6.0,8.0,4.0,0.0,0.0,1.0,1.0,4.0,
,6.0,3.0,2.0,8.0,6.0,8.0,4.0,0.0,0.0,1.0,1.0,4.0,
,6.0,3.0,2.0,8.0,6.0,8.0,4.0,0.0,0.0,1.0,1.0,4.0,
,6.0,3.0,2.0,8.0,6.0,8.0,4.0,0.0,0.0,1.0,1.0,4.0,
,6.0,3.0,2.0,8.0,6.0,8.0,4.0,0.0,0.0,1.0,1.0,4.0,
,6.0,3.0,2.0,8.0,6.0,8.0,4.0,0.0,0.0,1.0,1.0,4.0,
,6.0,3.0,2.0,8.0,6.0,8.0,4.0,0.0,0.0,1.0,1.0,4.0,
,6.0,3.0,2.0,8.0,6.0,8.0,4.0,0.0,0.0,1.0,1.0,4.0,
,4.0,5.0,1.0,0.0,4.0,0.0,2.0,5.0,2.0,0.0,0.0,0.0,23.0
,4.0,5.0,1.0,0.0,4.0,0.0,2.0,5.0,2.0,0.0,0.0,0.0,
,4.0,5.0,1.0,0.0,4.0,0.0,2.0,5.0,2.0,0.0,0.0,0.0,
,4.0,5.0,1.0,0.0,4.0,0.0,2.0,5.0,2.0,0.0,0.0,0.0,
,4.0,5.0,1.0,0.0,4.0,0.0,2.0,5.0,2.0,0.0,0.0,0.0,
,4.0,5.0,1.0,0.0,4.0,0.0,2.0,5.0,2.0,0.0,0.0,0.0,
,4.0,5.0,1.0,0.0,4.0,0.0,2.0,5.0,2.0,0.0,0.0,0.0,
,4.0,5.0,1.0,0.0,4.0,0.0,2.0,5.0,2.0,0.0,0.0,0.0,
,4.0,5.0,1.0,0.0,4.0,0.0,2.0,5.0,2.0,0.0,0.0,0.0,
,4.0,5.0,1.0,0.0,4.0,0.0,2.0,5.0,2.0,0.0,0.0,0.0,
,4.0,5.0,1.0,0.0,4.0,0.0,2.0,5.0,2.0,0.0,0.0,0.0,
,4.0,5.0,1.0,0.0,4.0,0.0,2.0,5.0,2.0,0.0,0.0,0.0,
,2.0,2.0,0.0,1.0,0.0,3.0,1.0,2.0,0.0,0.0,1.0,2.0,14.0
,2.0,2.0,0.0,1.0,0.0,3.0,1.0,2.0,0.0,0.0,1.0,2.0,
,2.0,2.0,0.0,1.0,0.0,3.0,1.0,2.0,0.0,0.0,1.0,2.0,
,2.0,2.0,0.0,1.0,0.0,3.0,1.0,2.0,0.0,0.0,1.0,2.0,
,2.0,2.0,0.0,1.0,0.0,3.0,1.0,2.0,0.0,0.0,1.0,2.0,
,2.0,2.0,0.0,1.0,0.0,3.0,1.0,2.0,0.0,0.0,1.0,2.0,
,2.0,2.0,0.0,1.0,0.0,3.0,1.0,2.0,0.0,0.0,1.0,2.0,
,2.0,2.0,0.0,1.0,0.0,3.0,1.0,2.0,0.0,0.0,1.0,2.0,
,2.0,2.0,0.0,1.0,0.0,3.0,1.0,2.0,0.0,0.0,1.0,2.0,
,2.0,2.0,0.0,1.0,0.0,3.0,1.0,2.0,0.0,0.0,1.0,2.0,
,2.0,2.0,0.0,1.0,0.0,3.0,1.0,2.0,0.0,0.0,1.0,2.0,
,2.0,2.0,0.0,1.0,0.0,3.0,1.0,2.0,0.0,0.0,1.0,2.0,
,3.0,0.0,2.0,2.0,0.0,0.0,3.0,1.0,0.0,0.0,2.0,1.0,14.0
,3.0,0.0,2.0,2.0,0.0,0.0,3.0,1.0,0.0,0.0,2.0,1.0,
,3.0,0.0,2.0,2.0,0.0,0.0,3.0,1.0,0.0,0.0,2.0,1.0,
,3.0,0.0,2.0,2.0,0.0,0.0,3.0,1.0,0.0,0.0,2.0,1.0,
,3.0,0.0,2.0,2.0,0.0,0.0,3.0,1.0,0.0,0.0,2.0,1.0,
,3.0,0.0,2.0,2.0,0.0,0.0,3.0,1.0,0.0,0.0,2.0,1.0,
,3.0,0.0,2.0,2.0,0.0,0.0,3.0,1.0,0.0,0.0,2.0,1.0,
,3.0,0.0,2.0,2.0,0.0,0.0,3.0,1.0,0.0,0.0,2.0,1.0,
,3.0,0.0,2.0,2.0,0.0,0.0,3.0,1.0,0.0,0.0,2.0,1.0,
,3.0,0.0,2.0,2.0,0.0,0.0,3.0,1.0,0.0,0.0,2.0,1.0,
,3.0,0.0,2.0,2.0,0.0,0.0,3.0,1.0,0.0,0.0,2.0,1.0,
,3.0,0.0,2.0,2.0,0.0,0.0,3.0,1.0,0.0,0.0,2.0,1.0,
,3.0,2.0,5.0,0.0,2.0,2.0,8.0,2.0,8.0,6.0,5.0,2.0,45.0
,3.0,2.0,5.0,0.0,2.0,2.0,8.0,2.0,8.0,6.0,5.0,2.0,
,3.0,2.0,5.0,0.0,2.0,2.0,8.0,2.0,8.0,6.0,5.0,2.0,
,3.0,2.0,5.0,0.0,2.0,2.0,8.0,2.0,8.0,6.0,5.0,2.0,
,3.0,2.0,5.0,0.0,2.0,2.0,8.0,2.0,8.0,6.0,5.0,2.0,
,3.0,2.0,5.0,0.0,2.0,2.0,8.0,2.0,8.0,6.0,5.0,2.0,
,3.0,2.0,5.0,0.0,2.0,2.0,8.0,2.0,8.0,6.0,5.0,2.0,
,3.0,2.0,5.0,0.0,2.0,2.0,8.0,2.0,8.0,6.0,5.0,2.0,
,3.0,2.0,5.0,0.0,2.0,2.0,8.0,2.0,8.0,6.0,5.0,2.0,
,3.0,2.0,5.0,0.0,2.0,2.0,8.0,2.0,8.0,6.0,5.0,2.0,
,3.0,2.0,5.0,0.0,2.0,2.0,8.0,2.0,8.0,6.0,5.0,2.0,
,3.0,2.0,5.0,0.0,2.0,2.0,8.0,2.0,8.0,6.0,5.0,2.0,
,2.0,2.0,4.0,0.0,0.0,1.0,2.0,4.0,3.0,5.0,2.0,3.0,28.0
,2.0,2.0,4.0,0.0,0.0,1.0,2.0,4.0,3.0,5.0,2.0,3.0,
,2.0,2.0,4.0,0.0,0.0,1.0,2.0,4.0,3.0,5.0,2.0,3.0,
,2.0,2.0,4.0,0.0,0.0,1.0,2.0,4.0,3.0,5.0,2.0,3.0,
,2.0,2.0,4.0,0.0,0.0,1.0,2.0,4.0,3.0,5.0,2.0,3.0,
,2.0,2.0,4.0,0.0,0.0,1.0,2.0,4.0,3.0,5.0,2.0,3.0,
,2.0,2.0,4.0,0.0,0.0,1.0,2.0,4.0,3.0,5.0,2.0,3.0,
,2.0,2.0,4.0,0.0,0.0,1.0,2.0,4.0,3.0,5.0,2.0,3.0,
,2.0,2.0,4.0,0.0,0.0,1.0,2.0,4.0,3.0,5.0,2.0,3.0,
,2.0,2.0,4.0,0.0,0.0,1.0,2.0,4.0,3.0,5.0,2.0,3.0,
,2.0,2.0,4.0,0.0,0.0,1.0,2.0,4.0,3.0,5.0,2.0,3.0,
,2.0,2.0,4.0,0.0,0.0,1.0,2.0,4.0,3.0,5.0,2.0,3.0,
,0.0,0.0,0.0,0.0,0.0,0.0,1.0,2.0,1.0,2.0,1.0,3.0,10.0
,0.0,0.0,0.0,0.0,0.0,0.0,1.0,2.0,1.0,2.0,1.0,3.0,
,0.0,0.0,0.0,0.0,0.0,0.0,1.0,2.0,1.0,2.0,1.0,3.0,
,0.0,0.0,0.0,0.0,0.0,0.0,1.0,2.0,1.0,2.0,1.0,3.0,
,0.0,0.0,0.0,0.0,0.0,0.0,1.0,2.0,1.0,2.0,1.0,3.0,
,0.0,0.0,0.0,0.0,0.0,0.0,1.0,2.0,1.0,2.0,1.0,3.0,
,0.0,0.0,0.0,0.0,0.0,0.0,1.0,2.0,1.0,2.0,1.0,3.0,
,0.0,0.0,0.0,0.0,0.0,0.0,1.0,2.0,1.0,2.0,1.0,3.0,
,0.0,0.0,0.0,0.0,0.0,0.0,1.0,2.0,1.0,2.0,1.0,3.0,
,0.0,0.0,0.0,0.0,0.0,0.0,1.0,2.0,1.0,2.0,1.0,3.0,
,0.0,0.0,0.0,0.0,0.0,0.0,1.0,2.0,1.0,2.0,1.0,3.0,
,0.0,0.0,0.0,0.0,0.0,0.0,1.0,2.0,1.0,2.0,1.0,3.0,
,0.0,0.0,13.0,6.0,8.0,2.0,0.0,1.0,0.0,5.0,1.0,1.0,37.0
,0.0,0.0,13.0,6.0,8.0,2.0,0.0,1.0,0.0,5.0,1.0,1.0,
,0.0,0.0,13.0,6.0,8.0,2.0,0.0,1.0,0.0,5.0,1.0,1.0,
,0.0,0.0,13.0,6.0,8.0,2.0,0.0,1.0,0.0,5.0,1.0,1.0,
,0.0,0.0,13.0,6.0,8.0,2.0,0.0,1.0,0.0,5.0,1.0,1.0,
,0.0,0.0,13.0,6.0,8.0,2.0,0.0,1.0,0.0,5.0,1.0,1.0,
,0.0,0.0,13.0,6.0,8.0,2.0,0.0,1.0,0.0,5.0,1.0,1.0,
,0.0,0.0,13.0,6.0,8.0,2.0,0.0,1.0,0.0,5.0,1.0,1.0,
,0.0,0.0,13.0,6.0,8.0,2.0,0.0,1.0,0.0,5.0,1.0,1.0,
,0.0,0.0,13.0,6.0,8.0,2.0,0.0,1.0,0.0,5.0,1.0,1.0,
,0.0,0.0,13.0,6.0,8.0,2.0,0.0,1.0,0.0,5.0,1.0,1.0,
,0.0,0.0,13.0,6.0,8.0,2.0,0.0,1.0,0.0,5.0,1.0,1.0,
,1.0,1.0,1.0,0.0,10.0,1.0,4.0,3.0,1.0,0.0,5.0,0.0,27.0
,1.0,1.0,1.0,0.0,10.0,1.0,4.0,3.0,1.0,0.0,5.0,0.0,
,1.0,1.0,1.0,0.0,10.0,1.0,4.0,3.0,1.0,0.0,5.0,0.0,
,1.0,1.0,1.0,0.0,10.0,1.0,4.0,3.0,1.0,0.0,5.0,0.0,
,1.0,1.0,1.0,0.0,10.0,1.0,4.0,3.0,1.0,0.0,5.0,0.0,
,1.0,1.0,1.0,0.0,10.0,1.0,4.0,3.0,1.0,0.0,5.0,0.0,
,1.0,1.0,1.0,0.0,10.0,1.0,4.0,3.0,1.0,0.0,5.0,0.0,
,1.0,1.0,1.0,0.0,10.0,1.0,4.0,3.0,1.0,0.0,5.0,0.0,
,1.0,1.0,1.0,0.0,10.0,1.0,4.0,3.0,1.0,0.0,5.0,0.0,
,1.0,1.0,1.0,0.0,10.0,1.0,4.0,3.0,1.0,0.0,5.0,0.0,
,1.0,1.0,1.0,0.0,10.0,1.0,4.0,3.0,1.0,0.0,5.0,0.0,
,1.0,1.0,1.0,0.0,10.0,1.0,4.0,3.0,1.0,0.0,5.0,0.0,
,0.0,1.0,1.0,0.0,1.0,3.0,1.0,6.0,7.0,2.0,2.0,1.0,25.0
,0.0,1.0,1.0,0.0,1.0,3.0,1.0,6.0,7.0,2.0,2.0,1.0,
,0.0,1.0,1.0,0.0,1.0,3.0,1.0,6.0,7.0,2.0,2.0,1.0,
,0.0,1.0,1.0,0.0,1.0,3.0,1.0,6.0,7.0,2.0,2.0,1.0,
,0.0,1.0,1.0,0.0,1.0,3.0,1.0,6.0,7.0,2.0,2.0,1.0,
,0.0,1.0,1.0,0.0,1.0,3.0,1.0,6.0,7.0,2.0,2.0,1.0,
,0.0,1.0,1.0,0.0,1.0,3.0,1.0,6.0,7.0,2.0,2.0,1.0,
,0.0,1.0,1.0,0.0,1.0,3.0,1.0,6.0,7.0,2.0,2.0,1.0,
,0.0,1.0,1.0,0.0,1.0,3.0,1.0,6.0,7.0,2.0,2.0,1.0,
,0.0,1.0,1.0,0.0,1.0,3.0,1.0,6.0,7.0,2.0,2.0,1.0,
,0.0,1.0,1.0,0.0,1.0,3.0,1.0,6.0,7.0,2.0,2.0,1.0,
,0.0,1.0,1.0,0.0,1.0,3.0,1.0,6.0,7.0,2.0,2.0,1.0,
,5.0,2.0,0.0,0.0,3.0,3.0,0.0,5.0,3.0,2.0,3.0,4.0,30.0
,5.0,2.0,0.0,0.0,3.0,3.0,0.0,5.0,3.0,2.0,3.0,4.0,
,5.0,2.0,0.0,0.0,3.0,3.0,0.0,5.0,3.0,2.0,3.0,4.0,
,5.0,2.0,0.0,0.0,3.0,3.0,0.0,5.0,3.0,2.0,3.0,4.0,
,5.0,2.0,0.0,0.0,3.0,3.0,0.0,5.0,3.0,2.0,3.0,4.0,
,5.0,2.0,0.0,0.0,3.0,3.0,0.0,5.0,3.0,2.0,3.0,4.0,
,5.0,2.0,0.0,0.0,3.0,3.0,0.0,5.0,3.0,2.0,3.0,4.0,
,5.0,2.0,0.0,0.0,3.0,3.0,0.0,5.0,3.0,2.0,3.0,4.0,
,5.0,2.0,0.0,0.0,3.0,3.0,0.0,5.0,3.0,2.0,3.0,4.0,
,5.0,2.0,0.0,0.0,3.0,3.0,0.0,5.0,3.0,2.0,3.0,4.0,
,5.0,2.0,0.0,0.0,3.0,3.0,0.0,5.0,3.0,2.0,3.0,4.0,
,5.0,2.0,0.0,0.0,3.0,3.0,0.0,5.0,3.0,2.0,3.0,4.0,
,9.0,15.0,1.0,3.0,9.0,1.0,1.0,0.0,0.0,2.0,0.0,0.0,41.0
,9.0,15.0,1.0,3.0,9.0,1.0,1.0,0.0,0.0,2.0,0.0,0.0,
,9.0,15.0,1.0,3.0,9.0,1.0,1.0,0.0,0.0,2.0,0.0,0.0,
,9.0,15.0,1.0,3.0,9.0,1.0,1.0,0.0,0.0,2.0,0.0,0.0,
,9.0,15.0,1.0,3.0,9.0,1.0,1.0,0.0,0.0,2.0,0.0,0.0,
,9.0,15.0,1.0,3.0,9.0,1.0,1.0,0.0,0.0,2.0,0.0,0.0,
,9.0,15.0,1.0,3.0,9.0,1.0,1.0,0.0,0.0,2.0,0.0,0.0,
,9.0,15.0,1.0,3.0,9.0,1.0,1.0,0.0,0.0,2.0,0.0,0.0,
,9.0,15.0,1.0,3.0,9.0,1.0,1.0,0.0,0.0,2.0,0.0,0.0,
,9.0,15.0,1.0,3.0,9.0,1.0,1.0,0.0,0.0,2.0,0.0,0.0,
,9.0,15.0,1.0,3.0,9.0,1.0,1.0,0.0,0.0,2.0,0.0,0.0,
,9.0,15.0,1.0,3.0,9.0,1.0,1.0,0.0,0.0,2.0,0.0,0.0,
,1.0,1.0,0.0,1.0,1.0,4.0,3.0,2.0,3.0,5.0,6.0,1.0,28.0
,1.0,1.0,0.0,1.0,1.0,4.0,3.0,2.0,3.0,5.0,6.0,1.0,
,1.0,1.0,0.0,1.0,1.0,4.0,3.0,2.0,3.0,5.0,6.0,1.0,
,1.0,1.0,0.0,1.0,1.0,4.0,3.0,2.0,3.0,5.0,6.0,1.0,
,1.0,1.0,0.0,1.0,1.0,4.0,3.0,2.0,3.0,5.0,6.0,1.0,
,1.0,1.0,0.0,1.0,1.0,4.0,3.0,2.0,3.0,5.0,6.0,1.0,
,1.0,1.0,0.0,1.0,1.0,4.0,3.0,2.0,3.0,5.0,6.0,1.0,
,1.0,1.0,0.0,1.0,1.0,4.0,3.0,2.0,3.0,5.0,6.0,1.0,
,1.0,1.0,0.0,1.0,1.0,4.0,3.0,2.0,3.0,5.0,6.0,1.0,
,1.0,1.0,0.0,1.0,1.0,4.0,3.0,2.0,3.0,5.0,6.0,1.0,
,1.0,1.0,0.0,1.0,1.0,4.0,3.0,2.0,3.0,5.0,6.0,1.0,
,1.0,1.0,0.0,1.0,1.0,4.0,3.0,2.0,3.0,5.0,6.0,1.0,
,5.0,2.0,1.0,6.0,4.0,1.0,1.0,3.0,0.0,1.0,1.0,4.0,29.0
,5.0,2.0,1.0,6.0,4.0,1.0,1.0,3.0,0.0,1.0,1.0,4.0,
,5.0,2.0,1.0,6.0,4.0,1.0,1.0,3.0,0.0,1.0,1.0,4.0,
,5.0,2.0,1.0,6.0,4.0,1.0,1.0,3.0,0.0,1.0,1.0,4.0,
,5.0,2.0,1.0,6.0,4.0,1.0,1.0,3.0,0.0,1.0,1.0,4.0,
,5.0,2.0,1.0,6.0,4.0,1.0,1.0,3.0,0.0,1.0,1.0,4.0,
,5.0,2.0,1.0,6.0,4.0,1.0,1.0,3.0,0.0,1.0,1.0,4.0,
,5.0,2.0,1.0,6.0,4.0,1.0,1.0,3.0,0.0,1.0,1.0,4.0,
,5.0,2.0,1.0,6.0,4.0,1.0,1.0,3.0,0.0,1.0,1.0,4.0,
,5.0,2.0,1.0,6.0,4.0,1.0,1.0,3.0,0.0,1.0,1.0,4.0,
,5.0,2.0,1.0,6.0,4.0,1.0,1.0,3.0,0.0,1.0,1.0,4.0,
,5.0,2.0,1.0,6.0,4.0,1.0,1.0,3.0,0.0,1.0,1.0,4.0,
,0.0,1.0,2.0,2.0,0.0,0.0,6.0,1.0,2.0,0.0,5.0,3.0,22.0
,0.0,1.0,2.0,2.0,0.0,0.0,6.0,1.0,2.0,0.0,5.0,3.0,
,0.0,1.0,2.0,2.0,0.0,0.0,6.0,1.0,2.0,0.0,5.0,3.0,
,0.0,1.0,2.0,2.0,0.0,0.0,6.0,1.0,2.0,0.0,5.0,3.0,
,0.0,1.0,2.0,2.0,0.0,0.0,6.0,1.0,2.0,0.0,5.0,3.0,
,0.0,1.0,2.0,2.0,0.0,0.0,6.0,1.0,2.0,0.0,5.0,3.0,
,0.0,1.0,2.0,2.0,0.0,0.0,6.0,1.0,2.0,0.0,5.0,3.0,
,0.0,1.0,2.0,2.0,0.0,0.0,6.0,1.0,2.0,0.0,5.0,3.0,
,0.0,1.0,2.0,2.0,0.0,0.0,6.0,1.0,2.0,0.0,5.0,3.0,
,0.0,1.0,2.0,2.0,0.0,0.0,6.0,1.0,2.0,0.0,5.0,3.0,
,0.0,1.0,2.0,2.0,0.0,0.0,6.0,1.0,2.0,0.0,5.0,3.0,
,0.0,1.0,2.0,2.0,0.0,0.0,6.0,1.0,2.0,0.0,5.0,3.0,
,5.0,5.0,7.0,1.0,0.0,0.0,1.0,1.0,0.0,1.0,1.0,1.0,23.0
,5.0,5.0,7.0,1.0,0.0,0.0,1.0,1.0,0.0,1.0,1.0,1.0,
,5.0,5.0,7.0,1.0,0.0,0.0,1.0,1.0,0.0,1.0,1.0,1.0,
,5.0,5.0,7.0,1.0,0.0,0.0,1.0,1.0,0.0,1.0,1.0,1.0,
,5.0,5.0,7.0,1.0,0.0,0.0,1.0,1.0,0.0,1.0,1.0,1.0,
,5.0,5.0,7.0,1.0,0.0,0.0,1.0,1.0,0.0,1.0,1.0,1.0,
,5.0,5.0,7.0,1.0,0.0,0.0,1.0,1.0,0.0,1.0,1.0,1.0,
,5.0,5.0,7.0,1.0,0.0,0.0,1.0,1.0,0.0,1.0,1.0,1.0,
,5.0,5.0,7.0,1.0,0.0,0.0,1.0,1.0,0.0,1.0,1.0,1.0,
,5.0,5.0,7.0,1.0,0.0,0.0,1.0,1.0,0.0,1.0,1.0,1.0,
,5.0,5.0,7.0,1.0,0.0,0.0,1.0,1.0,0.0,1.0,1.0,1.0,
,5.0,5.0,7.0,1.0,0.0,0.0,1.0,1.0,0.0,1.0,1.0,1.0,
,0.0,1.0,1.0,2.0,0.0,1.0,0.0,3.0,2.0,0.0,2.0,4.0,16.0
,0.0,1.0,1.0,2.0,0.0,1.0,0.0,3.0,2.0,0.0,2.0,4.0,
,0.0,1.0,1.0,2.0,0.0,1.0,0.0,3.0,2.0,0.0,2.0,4.0,
,0.0,1.0,1.0,2.0,0.0,1.0,0.0,3.0,2.0,0.0,2.0,4.0,
,0.0,1.0,1.0,2.0,0.0,1.0,0.0,3.0,2.0,0.0,2.0,4.0,
,0.0,1.0,1.0,2.0,0.0,1.0,0.0,3.0,2.0,0.0,2.0,4.0,
,0.0,1.0,1.0,2.0,0.0,1.0,0.0,3.0,2.0,0.0,2.0,4.0,
,0.0,1.0,1.0,2.0,0.0,1.0,0.0,3.0,2.0,0.0,2.0,4.0,
,0.0,1.0,1.0,2.0,0.0,1.0,0.0,3.0,2.0,0.0,2.0,4.0,
,0.0,1.0,1.0,2.0,0.0,1.0,0.0,3.0,2.0,0.0,2.0,4.0,
,0.0,1.0,1.0,2.0,0.0,1.0,0.0,3.0,2.0,0.0,2.0,4.0,
,0.0,1.0,1.0,2.0,0.0,1.0,0.0,3.0,2.0,0.0,2.0,4.0,
,2.0,1.0,2.0,3.0,0.0,0.0,0.0,0.0,0.0,4.0,6.0,0.0,18.0
,2.0,1.0,2.0,3.0,0.0,0.0,0.0,0.0,0.0,4.0,6.0,0.0,
,2.0,1.0,2.0,3.0,0.0,0.0,0.0,0.0,0.0,4.0,6.0,0.0,
,2.0,1.0,2.0,3.0,0.0,0.0,0.0,0.0,0.0,4.0,6.0,0.0,
,2.0,1.0,2.0,3.0,0.0,0.0,0.0,0.0,0.0,4.0,6.0,0.0,
,2.0,1.0,2.0,3.0,0.0,0.0,0.0,0.0,0.0,4.0,6.0,0.0,
,2.0,1.0,2.0,3.0,0.0,0.0,0.0,0.0,0.0,4.0,6.0,0.0,
,2.0,1.0,2.0,3.0,0.0,0.0,0.0,0.0,0.0,4.0,6.0,0.0,
,2.0,1.0,2.0,3.0,0.0,0.0,0.0,0.0,0.0,4.0,6.0,0.0,
,2.0,1.0,2.0,3.0,0.0,0.0,0.0,0.0,0.0,4.0,6.0,0.0,
,2.0,1.0,2.0,3.0,0.0,0.0,0.0,0.0,0.0,4.0,6.0,0.0,
,2.0,1.0,2.0,3.0,0.0,0.0,0.0,0.0,0.0,4.0,6.0,0.0,
,0.0,0.0,0.0,1.0,8.0,3.0,3.0,7.0,2.0,7.0,2.0,9.0,42.0
,0.0,0.0,0.0,1.0,8.0,3.0,3.0,7.0,2.0,7.0,2.0,9.0,
,0.0,0.0,0.0,1.0,8.0,3.0,3.0,7.0,2.0,7.0,2.0,9.0,
,0.0,0.0,0.0,1.0,8.0,3.0,3.0,7.0,2.0,7.0,2.0,9.0,
,0.0,0.0,0.0,1.0,8.0,3.0,3.0,7.0,2.0,7.0,2.0,9.0,
,0.0,0.0,0.0,1.0,8.0,3.0,3.0,7.0,2.0,7.0,2.0,9.0,
,0.0,0.0,0.0,1.0,8.0,3.0,3.0,7.0,2.0,7.0,2.0,9.0,
,0.0,0.0,0.0,1.0,8.0,3.0,3.0,7.0,2.0,7.0,2.0,9.0,
,0.0,0.0,0.0,1.0,8.0,3.0,3.0,7.0,2.0,7.0,2.0,9.0,
,0.0,0.0,0.0,1.0,8.0,3.0,3.0,7.0,2.0,7.0,2.0,9.0,
,0.0,0.0,0.0,1.0,8.0,3.0,3.0,7.0,2.0,7.0,2.0,9.0,
,0.0,0.0,0.0,1.0,8.0,3.0,3.0,7.0,2.0,7.0,2.0,9.0,
,1.0,3.0,1.0,2.0,3.0,4.0,0.0,0.0,0.0,1.0,0.0,1.0,16.0
,1.0,3.0,1.0,2.0,3.0,4.0,0.0,0.0,0.0,1.0,0.0,1.0,
,1.0,3.0,1.0,2.0,3.0,4.0,0.0,0.0,0.0,1.0,0.0,1.0,
,1.0,3.0,1.0,2.0,3.0,4.0,0.0,0.0,0.0,1.0,0.0,1.0,
,1.0,3.0,1.0,2.0,3.0,4.0,0.0,0.0,0.0,1.0,0.0,1.0,
,1.0,3.0,1.0,2.0,3.0,4.0,0.0,0.0,0.0,1.0,0.0,1.0,
,1.0,3.0,1.0,2.0,3.0,4.0,0.0,0.0,0.0,1.0,0.0,1.0,
,1.0,3.0,1.0,2.0,3.0,4.0,0.0,0.0,0.0,1.0,0.0,1.0,
,1.0,3.0,1.0,2.0,3.0,4.0,0.0,0.0,0.0,1.0,0.0,1.0,
,1.0,3.0,1.0,2.0,3.0,4.0,0.0,0.0,0.0,1.0,0.0,1.0,
,1.0,3.0,1.0,2.0,3.0,4.0,0.0,0.0,0.0,1.0,0.0,1.0,
,1.0,3.0,1.0,2.0,3.0,4.0,0.0,0.0,0.0,1.0,0.0,1.0,
,0.0,1.0,1.0,4.0,2.0,1.0,1.0,0.0,0.0,5.0,5.0,0.0,20.0
,0.0,1.0,1.0,4.0,2.0,1.0,1.0,0.0,0.0,5.0,5.0,0.0,
,0.0,1.0,1.0,4.0,2.0,1.0,1.0,0.0,0.0,5.0,5.0,0.0,
,0.0,1.0,1.0,4.0,2.0,1.0,1.0,0.0,0.0,5.0,5.0,0.0,
,0.0,1.0,1.0,4.0,2.0,1.0,1.0,0.0,0.0,5.0,5.0,0.0,
,0.0,1.0,1.0,4.0,2.0,1.0,1.0,0.0,0.0,5.0,5.0,0.0,
,0.0,1.0,1.0,4.0,2.0,1.0,1.0,0.0,0.0,5.0,5.0,0.0,
,0.0,1.0,1.0,4.0,2.0,1.0,1.0,0.0,0.0,5.0,5.0,0.0,
,0.0,1.0,1.0,4.0,2.0,1.0,1.0,0.0,0.0,5.0,5.0,0.0,
,0.0,1.0,1.0,4.0,2.0,1.0,1.0,0.0,0.0,5.0,5.0,0.0,
,0.0,1.0,1.0,4.0,2.0,1.0,1.0,0.0,0.0,5.0,5.0,0.0,
,0.0,1.0,1.0,4.0,2.0,1.0,1.0,0.0,0.0,5.0,5.0,0.0,
,0.0,0.0,0.0,2.0,4.0,0.0,7.0,2.0,5.0,2.0,3.0,7.0,32.0
,0.0,0.0,0.0,2.0,4.0,0.0,7.0,2.0,5.0,2.0,3.0,7.0,
,0.0,0.0,0.0,2.0,4.0,0.0,7.0,2.0,5.0,2.0,3.0,7.0,
,0.0,0.0,0.0,2.0,4.0,0.0,7.0,2.0,5.0,2.0,3.0,7.0,
,0.0,0.0,0.0,2.0,4.0,0.0,7.0,2.0,5.0,2.0,3.0,7.0,
,0.0,0.0,0.0,2.0,4.0,0.0,7.0,2.0,5.0,2.0,3.0,7.0,
,0.0,0.0,0.0,2.0,4.0,0.0,7.0,2.0,5.0,2.0,3.0,7.0,
,0.0,0.0,0.0,2.0,4.0,0.0,7.0,2.0,5.0,2.0,3.0,7.0,
,0.0,0.0,0.0,2.0,4.0,0.0,7.0,2.0,5.0,2.0,3.0,7.0,
,0.0,0.0,0.0,2.0,4.0,0.0,7.0,2.0,5.0,2.0,3.0,7.0,
,0.0,0.0,0.0,2.0,4.0,0.0,7.0,2.0,5.0,2.0,3.0,7.0,
,0.0,0.0,0.0,2.0,4.0,0.0,7.0,2.0,5.0,2.0,3.0,7.0,
,5.0,0.0,2.0,4.0,3.0,1.0,9.0,8.0,1.0,2.0,6.0,3.0,44.0
,5.0,0.0,2.0,4.0,3.0,1.0,9.0,8.0,1.0,2.0,6.0,3.0,
,5.0,0.0,2.0,4.0,3.0,1.0,9.0,8.0,1.0,2.0,6.0,3.0,
,5.0,0.0,2.0,4.0,3.0,1.0,9.0,8.0,1.0,2.0,6.0,3.0,
,5.0,0.0,2.0,4.0,3.0,1.0,9.0,8.0,1.0,2.0,6.0,3.0,
,5.0,0.0,2.0,4.0,3.0,1.0,9.0,8.0,1.0,2.0,6.0,3.0,
,5.0,0.0,2.0,4.0,3.0,1.0,9.0,8.0,1.0,2.0,6.0,3.0,
,5.0,0.0,2.0,4.0,3.0,1.0,9.0,8.0,1.0,2.0,6.0,3.0,
,5.0,0.0,2.0,4.0,3.0,1.0,9.0,8.0,1.0,2.0,6.0,3.0,
,5.0,0.0,2.0,4.0,3.0,1.0,9.0,8.0,1.0,2.0,6.0,3.0,
,5.0,0.0,2.0,4.0,3.0,1.0,9.0,8.0,1.0,2.0,6.0,3.0,
,5.0,0.0,2.0,4.0,3.0,1.0,9.0,8.0,1.0,2.0,6.0,3.0,
,0.0,1.0,0.0,5.0,1.0,1.0,0.0,1.0,0.0,2.0,4.0,5.0,20.0
,0.0,1.0,0.0,5.0,1.0,1.0,0.0,1.0,0.0,2.0,4.0,5.0,
,0.0,1.0,0.0,5.0,1.0,1.0,0.0,1.0,0.0,2.0,4.0,5.0,
,0.0,1.0,0.0,5.0,1.0,1.0,0.0,1.0,0.0,2.0,4.0,5.0,
,0.0,1.0,0.0,5.0,1.0,1.0,0.0,1.0,0.0,2.0,4.0,5.0,
,0.0,1.0,0.0,5.0,1.0,1.0,0.0,1.0,0.0,2.0,4.0,5.0,
,0.0,1.0,0.0,5.0,1.0,1.0,0.0,1.0,0.0,2.0,4.0,5.0,
,0.0,1.0,0.0,5.0,1.0,1.0,0.0,1.0,0.0,2.0,4.0,5.0,
,0.0,1.0,0.0,5.0,1.0,1.0,0.0,1.0,0.0,2.0,4.0,5.0,
,0.0,1.0,0.0,5.0,1.0,1.0,0.0,1.0,0.0,2.0,4.0,5.0,
,0.0,1.0,0.0,5.0,1.0,1.0,0.0,1.0,0.0,2.0,4.0,5.0,
,0.0,1.0,0.0,5.0,1.0,1.0,0.0,1.0,0.0,2.0,4.0,5.0,
,5.0,0.0,1.0,3.0,1.0,0.0,4.0,6.0,6.0,3.0,3.0,7.0,39.0
,5.0,0.0,1.0,3.0,1.0,0.0,4.0,6.0,6.0,3.0,3.0,7.0,
,5.0,0.0,1.0,3.0,1.0,0.0,4.0,6.0,6.0,3.0,3.0,7.0,
,5.0,0.0,1.0,3.0,1.0,0.0,4.0,6.0,6.0,3.0,3.0,7.0,
,5.0,0.0,1.0,3.0,1.0,0.0,4.0,6.0,6.0,3.0,3.0,7.0,
,5.0,0.0,1.0,3.0,1.0,0.0,4.0,6.0,6.0,3.0,3.0,7.0,
,5.0,0.0,1.0,3.0,1.0,0.0,4.0,6.0,6.0,3.0,3.0,7.0,
,5.0,0.0,1.0,3.0,1.0,0.0,4.0,6.0,6.0,3.0,3.0,7.0,
,5.0,0.0,1.0,3.0,1.0,0.0,4.0,6.0,6.0,3.0,3.0,7.0,
,5.0,0.0,1.0,3.0,1.0,0.0,4.0,6.0,6.0,3.0,3.0,7.0,
,5.0,0.0,1.0,3.0,1.0,0.0,4.0,6.0,6.0,3.0,3.0,7.0,
,5.0,0.0,1.0,3.0,1.0,0.0,4.0,6.0,6.0,3.0,3.0,7.0,
,3.0,1.0,4.0,6.0,1.0,2.0,4.0,2.0,1.0,0.0,0.0,0.0,24.0
,3.0,1.0,4.0,6.0,1.0,2.0,4.0,2.0,1.0,0.0,0.0,0.0,
,3.0,1.0,4.0,6.0,1.0,2.0,4.0,2.0,1.0,0.0,0.0,0.0,
,3.0,1.0,4.0,6.0,1.0,2.0,4.0,2.0,1.0,0.0,0.0,0.0,
,3.0,1.0,4.0,6.0,1.0,2.0,4.0,2.0,1.0,0.0,0.0,0.0,
,3.0,1.0,4.0,6.0,1.0,2.0,4.0,2.0,1.0,0.0,0.0,0.0,
,3.0,1.0,4.0,6.0,1.0,2.0,4.0,2.0,1.0,0.0,0.0,0.0,
,3.0,1.0,4.0,6.0,1.0,2.0,4.0,2.0,1.0,0.0,0.0,0.0,
,3.0,1.0,4.0,6.0,1.0,2.0,4.0,2.0,1.0,0.0,0.0,0.0,
,3.0,1.0,4.0,6.0,1.0,2.0,4.0,2.0,1.0,0.0,0.0,0.0,
,3.0,1.0,4.0,6.0,1.0,2.0,4.0,2.0,1.0,0.0,0.0,0.0,
,3.0,1.0,4.0,6.0,1.0,2.0,4.0,2.0,1.0,0.0,0.0,0.0,
,3.0,0.0,7.0,1.0,1.0,0.0,0.0,1.0,3.0,0.0,0.0,2.0,18.0
,3.0,0.0,7.0,1.0,1.0,0.0,0.0,1.0,3.0,0.0,0.0,2.0,
,3.0,0.0,7.0,1.0,1.0,0.0,0.0,1.0,3.0,0.0,0.0,2.0,
,3.0,0.0,7.0,1.0,1.0,0.0,0.0,1.0,3.0,0.0,0.0,2.0,
,3.0,0.0,7.0,1.0,1.0,0.0,0.0,1.0,3.0,0.0,0.0,2.0,
,3.0,0.0,7.0,1.0,1.0,0.0,0.0,1.0,3.0,0.0,0.0,2.0,
,3.0,0.0,7.0,1.0,1.0,0.0,0.0,1.0,3.0,0.0,0.0,2.0,
,3.0,0.0,7.0,1.0,1.0,0.0,0.0,1.0,3.0,0.0,0.0,2.0,
,3.0,0.0,7.0,1.0,1.0,0.0,0.0,1.0,3.0,0.0,0.0,2.0,
,3.0,0.0,7.0,1.0,1.0,0.0,0.0,1.0,3.0,0.0,0.0,2.0,
,3.0,0.0,7.0,1.0,1.0,0.0,0.0,1.0,3.0,0.0,0.0,2.0,
,3.0,0.0,7.0,1.0,1.0,0.0,0.0,1.0,3.0,0.0,0.0,2.0,
,4.0,1.0,0.0,2.0,2.0,5.0,3.0,0.0,1.0,7.0,0.0,5.0,30.0
,4.0,1.0,0.0,2.0,2.0,5.0,3.0,0.0,1.0,7.0,0.0,5.0,
,4.0,1.0,0.0,2.0,2.0,5.0,3.0,0.0,1.0,7.0,0.0,5.0,
,4.0,1.0,0.0,2.0,2.0,5.0,3.0,0.0,1.0,7.0,0.0,5.0,
,4.0,1.0,0.0,2.0,2.0,5.0,3.0,0.0,1.0,7.0,0.0,5.0,
,4.0,1.0,0.0,2.0,2.0,5.0,3.0,0.0,1.0,7.0,0.0,5.0,
,4.0,1.0,0.0,2.0,2.0,5.0,3.0,0.0,1.0,7.0,0.0,5.0,
,4.0,1.0,0.0,2.0,2.0,5.0,3.0,0.0,1.0,7.0,0.0,5.0,
,4.0,1.0,0.0,2.0,2.0,5.0,3.0,0.0,1.0,7.0,0.0,5.0,
,4.0,1.0,0.0,2.0,2.0,5.0,3.0,0.0,1.0,7.0,0.0,5.0,
,4.0,1.0,0.0,2.0,2.0,5.0,3.0,0.0,1.0,7.0,0.0,5.0,
,4.0,1.0,0.0,2.0,2.0,5.0,3.0,0.0,1.0,7.0,0.0,5.0,
,5.0,8.0,14.0,1.0,3.0,8.0,6.0,9.0,6.0,8.0,2.0,1.0,71.0
,5.0,8.0,14.0,1.0,3.0,8.0,6.0,9.0,6.0,8.0,2.0,1.0,
,5.0,8.0,14.0,1.0,3.0,8.0,6.0,9.0,6.0,8.0,2.0,1.0,
,5.0,8.0,14.0,1.0,3.0,8.0,6.0,9.0,6.0,8.0,2.0,1.0,
,5.0,8.0,14.0,1.0,3.0,8.0,6.0,9.0,6.0,8.0,2.0,1.0,
,5.0,8.0,14.0,1.0,3.0,8.0,6.0,9.0,6.0,8.0,2.0,1.0,
,5.0,8.0,14.0,1.0,3.0,8.0,6.0,9.0,6.0,8.0,2.0,1.0,
,5.0,8.0,14.0,1.0,3.0,8.0,6.0,9.0,6.0,8.0,2.0,1.0,
,5.0,8.0,14.0,1.0,3.0,8.0,6.0,9.0,6.0,8.0,2.0,1.0,
,5.0,8.0,14.0,1.0,3.0,8.0,6.0,9.0,6.0,8.0,2.0,1.0,
,5.0,8.0,14.0,1.0,3.0,8.0,6.0,9.0,6.0,8.0,2.0,1.0,
,5.0,8.0,14.0,1.0,3.0,8.0,6.0,9.0,6.0,8.0,2.0,1.0,
,0.0,1.0,15.0,6.0,7.0,6.0,4.0,7.0,1.0,11.0,5.0,4.0,67.0
,0.0,1.0,15.0,6.0,7.0,6.0,4.0,7.0,1.0,11.0,5.0,4.0,
,0.0,1.0,15.0,6.0,7.0,6.0,4.0,7.0,1.0,11.0,5.0,4.0,
,0.0,1.0,15.0,6.0,7.0,6.0,4.0,7.0,1.0,11.0,5.0,4.0,
,0.0,1.0,15.0,6.0,7.0,6.0,4.0,7.0,1.0,11.0,5.0,4.0,
,0.0,1.0,15.0,6.0,7.0,6.0,4.0,7.0,1.0,11.0,5.0,4.0,
,0.0,1.0,15.0,6.0,7.0,6.0,4.0,7.0,1.0,11.0,5.0,4.0,
,0.0,1.0,15.0,6.0,7.0,6.0,4.0,7.0,1.0,11.0,5.0,4.0,
,0.0,1.0,15.0,6.0,7.0,6.0,4.0,7.0,1.0,11.0,5.0,4.0,
,0.0,1.0,15.0,6.0,7.0,6.0,4.0,7.0,1.0,11.0,5.0,4.0,
,0.0,1.0,15.0,6.0,7.0,6.0,4.0,7.0,1.0,11.0,5.0,4.0,
,0.0,1.0,15.0,6.0,7.0,6.0,4.0,7.0,1.0,11.0,5.0,4.0,
,1.0,10.0,7.0,4.0,7.0,6.0,3.0,1.0,4.0,3.0,3.0,1.0,50.0
,1.0,10.0,7.0,4.0,7.0,6.0,3.0,1.0,4.0,3.0,3.0,1.0,
,1.0,10.0,7.0,4.0,7.0,6.0,3.0,1.0,4.0,3.0,3.0,1.0,
,1.0,10.0,7.0,4.0,7.0,6.0,3.0,1.0,4.0,3.0,3.0,1.0,
,1.0,10.0,7.0,4.0,7.0,6.0,3.0,1.0,4.0,3.0,3.0,1.0,
,1.0,10.0,7.0,4.0,7.0,6.0,3.0,1.0,4.0,3.0,3.0,1.0,
,1.0,10.0,7.0,4.0,7.0,6.0,3.0,1.0,4.0,3.0,3.0,1.0,
,1.0,10.0,7.0,4.0,7.0,6.0,3.0,1.0,4.0,3.0,3.0,1.0,
,1.0,10.0,7.0,4.0,7.0,6.0,3.0,1.0,4.0,3.0,3.0,1.0,
,1.0,10.0,7.0,4.0,7.0,6.0,3.0,1.0,4.0,3.0,3.0,1.0,
,1.0,10.0,7.0,4.0,7.0,6.0,3.0,1.0,4.0,3.0,3.0,1.0,
,1.0,10.0,7.0,4.0,7.0,6.0,3.0,1.0,4.0,3.0,3.0,1.0,
,0.0,1.0,1.0,10.0,0.0,5.0,3.0,4.0,5.0,1.0,1.0,2.0,33.0
,0.0,1.0,1.0,10.0,0.0,5.0,3.0,4.0,5.0,1.0,1.0,2.0,
,0.0,1.0,1.0,10.0,0.0,5.0,3.0,4.0,5.0,1.0,1.0,2.0,
,0.0,1.0,1.0,10.0,0.0,5.0,3.0,4.0,5.0,1.0,1.0,2.0,
,0.0,1.0,1.0,10.0,0.0,5.0,3.0,4.0,5.0,1.0,1.0,2.0,
,0.0,1.0,1.0,10.0,0.0,5.0,3.0,4.0,5.0,1.0,1.0,2.0,
,0.0,1.0,1.0,10.0,0.0,5.0,3.0,4.0,5.0,1.0,1.0,2.0,
,0.0,1.0,1.0,10.0,0.0,5.0,3.0,4.0,5.0,1.0,1.0,2.0,
,0.0,1.0,1.0,10.0,0.0,5.0,3.0,4.0,5.0,1.0,1.0,2.0,
,0.0,1.0,1.0,10.0,0.0,5.0,3.0,4.0,5.0,1.0,1.0,2.0,
,0.0,1.0,1.0,10.0,0.0,5.0,3.0,4.0,5.0,1.0,1.0,2.0,
,0.0,1.0,1.0,10.0,0.0,5.0,3.0,4.0,5.0,1.0,1.0,2.0,
,5.0,1.0,0.0,1.0,7.0,15.0,4.0,6.0,2.0,3.0,4.0,1.0,49.0
,5.0,1.0,0.0,1.0,7.0,15.0,4.0,6.0,2.0,3.0,4.0,1.0,
,5.0,1.0,0.0,1.0,7.0,15.0,4.0,6.0,2.0,3.0,4.0,1.0,
,5.0,1.0,0.0,1.0,7.0,15.0,4.0,6.0,2.0,3.0,4.0,1.0,
,5.0,1.0,0.0,1.0,7.0,15.0,4.0,6.0,2.0,3.0,4.0,1.0,
,5.0,1.0,0.0,1.0,7.0,15.0,4.0,6.0,2.0,3.0,4.0,1.0,
,5.0,1.0,0.0,1.0,7.0,15.0,4.0,6.0,2.0,3.0,4.0,1.0,
,5.0,1.0,0.0,1.0,7.0,15.0,4.0,6.0,2.0,3.0,4.0,1.0,
,5.0,1.0,0.0,1.0,7.0,15.0,4.0,6.0,2.0,3.0,4.0,1.0,
,5.0,1.0,0.0,1.0,7.0,15.0,4.0,6.0,2.0,3.0,4.0,1.0,
,5.0,1.0,0.0,1.0,7.0,15.0,4.0,6.0,2.0,3.0,4.0,1.0,
,5.0,1.0,0.0,1.0,7.0,15.0,4.0,6.0,2.0,3.0,4.0,1.0,
,7.0,2.0,7.0,1.0,0.0,2.0,11.0,5.0,0.0,5.0,3.0,5.0,48.0
,7.0,2.0,7.0,1.0,0.0,2.0,11.0,5.0,0.0,5.0,3.0,5.0,
,7.0,2.0,7.0,1.0,0.0,2.0,11.0,5.0,0.0,5.0,3.0,5.0,
,7.0,2.0,7.0,1.0,0.0,2.0,11.0,5.0,0.0,5.0,3.0,5.0,
,7.0,2.0,7.0,1.0,0.0,2.0,11.0,5.0,0.0,5.0,3.0,5.0,
,7.0,2.0,7.0,1.0,0.0,2.0,11.0,5.0,0.0,5.0,3.0,5.0,
,7.0,2.0,7.0,1.0,0.0,2.0,11.0,5.0,0.0,5.0,3.0,5.0,
,7.0,2.0,7.0,1.0,0.0,2.0,11.0,5.0,0.0,5.0,3.0,5.0,
,7.0,2.0,7.0,1.0,0.0,2.0,11.0,5.0,0.0,5.0,3.0,5.0,
,7.0,2.0,7.0,1.0,0.0,2.0,11.0,5.0,0.0,5.0,3.0,5.0,
,7.0,2.0,7.0,1.0,0.0,2.0,11.0,5.0,0.0,5.0,3.0,5.0,
,7.0,2.0,7.0,1.0,0.0,2.0,11.0,5.0,0.0,5.0,3.0,5.0,
,8.0,1.0,10.0,9.0,4.0,5.0,2.0,2.0,5.0,4.0,1.0,2.0,53.0
,8.0,1.0,10.0,9.0,4.0,5.0,2.0,2.0,5.0,4.0,1.0,2.0,
,8.0,1.0,10.0,9.0,4.0,5.0,2.0,2.0,5.0,4.0,1.0,2.0,
,8.0,1.0,10.0,9.0,4.0,5.0,2.0,2.0,5.0,4.0,1.0,2.0,
,8.0,1.0,10.0,9.0,4.0,5.0,2.0,2.0,5.0,4.0,1.0,2.0,
,8.0,1.0,10.0,9.0,4.0,5.0,2.0,2.0,5.0,4.0,1.0,2.0,
,8.0,1.0,10.0,9.0,4.0,5.0,2.0,2.0,5.0,4.0,1.0,2.0,
,8.0,1.0,10.0,9.0,4.0,5.0,2.0,2.0,5.0,4.0,1.0,2.0,
,8.0,1.0,10.0,9.0,4.0,5.0,2.0,2.0,5.0,4.0,1.0,2.0,
,8.0,1.0,10.0,9.0,4.0,5.0,2.0,2.0,5.0,4.0,1.0,2.0,
,8.0,1.0,10.0,9.0,4.0,5.0,2.0,2.0,5.0,4.0,1.0,2.0,
,8.0,1.0,10.0,9.0,4.0,5.0,2.0,2.0,5.0,4.0,1.0,2.0,
,3.0,0.0,2.0,0.0,5.0,0.0,5.0,3.0,1.0,3.0,1.0,1.0,24.0
,3.0,0.0,2.0,0.0,5.0,0.0,5.0,3.0,1.0,3.0,1.0,1.0,
,3.0,0.0,2.0,0.0,5.0,0.0,5.0,3.0,1.0,3.0,1.0,1.0,
,3.0,0.0,2.0,0.0,5.0,0.0,5.0,3.0,1.0,3.0,1.0,1.0,
,3.0,0.0,2.0,0.0,5.0,0.0,5.0,3.0,1.0,3.0,1.0,1.0,
,3.0,0.0,2.0,0.0,5.0,0.0,5.0,3.0,1.0,3.0,1.0,1.0,
,3.0,0.0,2.0,0.0,5.0,0.0,5.0,3.0,1.0,3.0,1.0,1.0,
,3.0,0.0,2.0,0.0,5.0,0.0,5.0,3.0,1.0,3.0,1.0,1.0,
,3.0,0.0,2.0,0.0,5.0,0.0,5.0,3.0,1.0,3.0,1.0,1.0,
,3.0,0.0,2.0,0.0,5.0,0.0,5.0,3.0,1.0,3.0,1.0,1.0,
,3.0,0.0,2.0,0.0,5.0,0.0,5.0,3.0,1.0,3.0,1.0,1.0,
,3.0,0.0,2.0,0.0,5.0,0.0,5.0,3.0,1.0,3.0,1.0,1.0,
,0.0,1.0,3.0,1.0,3.0,0.0,1.0,1.0,5.0,2.0,11.0,9.0,37.0
,0.0,1.0,3.0,1.0,3.0,0.0,1.0,1.0,5.0,2.0,11.0,9.0,
,0.0,1.0,3.0,1.0,3.0,0.0,1.0,1.0,5.0,2.0,11.0,9.0,
,0.0,1.0,3.0,1.0,3.0,0.0,1.0,1.0,5.0,2.0,11.0,9.0,
,0.0,1.0,3.0,1.0,3.0,0.0,1.0,1.0,5.0,2.0,11.0,9.0,
,0.0,1.0,3.0,1.0,3.0,0.0,1.0,1.0,5.0,2.0,11.0,9.0,
,0.0,1.0,3.0,1.0,3.0,0.0,1.0,1.0,5.0,2.0,11.0,9.0,
,0.0,1.0,3.0,1.0,3.0,0.0,1.0,1.0,5.0,2.0,11.0,9.0,
,0.0,1.0,3.0,1.0,3.0,0.0,1.0,1.0,5.0,2.0,11.0,9.0,
,0.0,1.0,3.0,1.0,3.0,0.0,1.0,1.0,5.0,2.0,11.0,9.0,
,0.0,1.0,3.0,1.0,3.0,0.0,1.0,1.0,5.0,2.0,11.0,9.0,
,0.0,1.0,3.0,1.0,3.0,0.0,1.0,1.0,5.0,2.0,11.0,9.0,
,1.0,14.0,1.0,0.0,1.0,2.0,0.0,2.0,4.0,0.0,1.0,3.0,29.0
,1.0,14.0,1.0,0.0,1.0,2.0,0.0,2.0,4.0,0.0,1.0,3.0,
,1.0,14.0,1.0,0.0,1.0,2.0,0.0,2.0,4.0,0.0,1.0,3.0,
,1.0,14.0,1.0,0.0,1.0,2.0,0.0,2.0,4.0,0.0,1.0,3.0,
,1.0,14.0,1.0,0.0,1.0,2.0,0.0,2.0,4.0,0.0,1.0,3.0,
,1.0,14.0,1.0,0.0,1.0,2.0,0.0,2.0,4.0,0.0,1.0,3.0,
,1.0,14.0,1.0,0.0,1.0,2.0,0.0,2.0,4.0,0.0,1.0,3.0,
,1.0,14.0,1.0,0.0,1.0,2.0,0.0,2.0,4.0,0.0,1.0,3.0,
,1.0,14.0,1.0,0.0,1.0,2.0,0.0,2.0,4.0,0.0,1.0,3.0,
,1.0,14.0,1.0,0.0,1.0,2.0,0.0,2.0,4.0,0.0,1.0,3.0,
,1.0,14.0,1.0,0.0,1.0,2.0,0.0,2.0,4.0,0.0,1.0,3.0,
,1.0,14.0,1.0,0.0,1.0,2.0,0.0,2.0,4.0,0.0,1.0,3.0,
,7.0,3.0,1.0,0.0,1.0,4.0,2.0,1.0,2.0,5.0,2.0,1.0,29.0
,7.0,3.0,1.0,0.0,1.0,4.0,2.0,1.0,2.0,5.0,2.0,1.0,
,7.0,3.0,1.0,0.0,1.0,4.0,2.0,1.0,2.0,5.0,2.0,1.0,
,7.0,3.0,1.0,0.0,1.0,4.0,2.0,1.0,2.0,5.0,2.0,1.0,
,7.0,3.0,1.0,0.0,1.0,4.0,2.0,1.0,2.0,5.0,2.0,1.0,
,7.0,3.0,1.0,0.0,1.0,4.0,2.0,1.0,2.0,5.0,2.0,1.0,
,7.0,3.0,1.0,0.0,1.0,4.0,2.0,1.0,2.0,5.0,2.0,1.0,
,7.0,3.0,1.0,0.0,1.0,4.0,2.0,1.0,2.0,5.0,2.0,1.0,
,7.0,3.0,1.0,0.0,1.0,4.0,2.0,1.0,2.0,5.0,2.0,1.0,
,7.0,3.0,1.0,0.0,1.0,4.0,2.0,1.0,2.0,5.0,2.0,1.0,
,7.0,3.0,1.0,0.0,1.0,4.0,2.0,1.0,2.0,5.0,2.0,1.0,
,7.0,3.0,1.0,0.0,1.0,4.0,2.0,1.0,2.0,5.0,2.0,1.0,
,2.0,7.0,1.0,2.0,2.0,3.0,2.0,13.0,4.0,10.0,6.0,6.0,58.0
,2.0,7.0,1.0,2.0,2.0,3.0,2.0,13.0,4.0,10.0,6.0,6.0,
,2.0,7.0,1.0,2.0,2.0,3.0,2.0,13.0,4.0,10.0,6.0,6.0,
,2.0,7.0,1.0,2.0,2.0,3.0,2.0,13.0,4.0,10.0,6.0,6.0,
,2.0,7.0,1.0,2.0,2.0,3.0,2.0,13.0,4.0,10.0,6.0,6.0,
,2.0,7.0,1.0,2.0,2.0,3.0,2.0,13.0,4.0,10.0,6.0,6.0,
,2.0,7.0,1.0,2.0,2.0,3.0,2.0,13.0,4.0,10.0,6.0,6.0,
,2.0,7.0,1.0,2.0,2.0,3.0,2.0,13.0,4.0,10.0,6.0,6.0,
,2.0,7.0,1.0,2.0,2.0,3.0,2.0,13.0,4.0,10.0,6.0,6.0,
,2.0,7.0,1.0,2.0,2.0,3.0,2.0,13.0,4.0,10.0,6.0,6.0,
,2.0,7.0,1.0,2.0,2.0,3.0,2.0,13.0,4.0,10.0,6.0,6.0,
,2.0,7.0,1.0,2.0,2.0,3.0,2.0,13.0,4.0,10.0,6.0,6.0,
,0.0,4.0,0.0,2.0,3.0,0.0,3.0,0.0,6.0,1.0,3.0,7.0,29.0
,0.0,4.0,0.0,2.0,3.0,0.0,3.0,0.0,6.0,1.0,3.0,7.0,
,0.0,4.0,0.0,2.0,3.0,0.0,3.0,0.0,6.0,1.0,3.0,7.0,
,0.0,4.0,0.0,2.0,3.0,0.0,3.0,0.0,6.0,1.0,3.0,7.0,
,0.0,4.0,0.0,2.0,3.0,0.0,3.0,0.0,6.0,1.0,3.0,7.0,
,0.0,4.0,0.0,2.0,3.0,0.0,3.0,0.0,6.0,1.0,3.0,7.0,
,0.0,4.0,0.0,2.0,3.0,0.0,3.0,0.0,6.0,1.0,3.0,7.0,
,0.0,4.0,0.0,2.0,3.0,0.0,3.0,0.0,6.0,1.0,3.0,7.0,
,0.0,4.0,0.0,2.0,3.0,0.0,3.0,0.0,6.0,1.0,3.0,7.0,
,0.0,4.0,0.0,2.0,3.0,0.0,3.0,0.0,6.0,1.0,3.0,7.0,
,0.0,4.0,0.0,2.0,3.0,0.0,3.0,0.0,6.0,1.0,3.0,7.0,
,0.0,4.0,0.0,2.0,3.0,0.0,3.0,0.0,6.0,1.0,3.0,7.0,
,10.0,5.0,4.0,7.0,1.0,4.0,3.0,3.0,5.0,5.0,6.0,8.0,61.0
,10.0,5.0,4.0,7.0,1.0,4.0,3.0,3.0,5.0,5.0,6.0,8.0,
,10.0,5.0,4.0,7.0,1.0,4.0,3.0,3.0,5.0,5.0,6.0,8.0,
,10.0,5.0,4.0,7.0,1.0,4.0,3.0,3.0,5.0,5.0,6.0,8.0,
,10.0,5.0,4.0,7.0,1.0,4.0,3.0,3.0,5.0,5.0,6.0,8.0,
,10.0,5.0,4.0,7.0,1.0,4.0,3.0,3.0,5.0,5.0,6.0,8.0,
,10.0,5.0,4.0,7.0,1.0,4.0,3.0,3.0,5.0,5.0,6.0,8.0,
,10.0,5.0,4.0,7.0,1.0,4.0,3.0,3.0,5.0,5.0,6.0,8.0,
,10.0,5.0,4.0,7.0,1.0,4.0,3.0,3.0,5.0,5.0,6.0,8.0,
,10.0,5.0,4.0,7.0,1.0,4.0,3.0,3.0,5.0,5.0,6.0,8.0,
,10.0,5.0,4.0,7.0,1.0,4.0,3.0,3.0,5.0,5.0,6.0,8.0,
,10.0,5.0,4.0,7.0,1.0,4.0,3.0,3.0,5.0,5.0,6.0,8.0,
,7.0,1.0,3.0,2.0,6.0,6.0,2.0,17.0,3.0,1.0,2.0,5.0,55.0
,7.0,1.0,3.0,2.0,6.0,6.0,2.0,17.0,3.0,1.0,2.0,5.0,
,7.0,1.0,3.0,2.0,6.0,6.0,2.0,17.0,3.0,1.0,2.0,5.0,
,7.0,1.0,3.0,2.0,6.0,6.0,2.0,17.0,3.0,1.0,2.0,5.0,
,7.0,1.0,3.0,2.0,6.0,6.0,2.0,17.0,3.0,1.0,2.0,5.0,
,7.0,1.0,3.0,2.0,6.0,6.0,2.0,17.0,3.0,1.0,2.0,5.0,
,7.0,1.0,3.0,2.0,6.0,6.0,2.0,17.0,3.0,1.0,2.0,5.0,
,7.0,1.0,3.0,2.0,6.0,6.0,2.0,17.0,3.0,1.0,2.0,5.0,
,7.0,1.0,3.0,2.0,6.0,6.0,2.0,17.0,3.0,1.0,2.0,5.0,
,7.0,1.0,3.0,2.0,6.0,6.0,2.0,17.0,3.0,1.0,2.0,5.0,
,7.0,1.0,3.0,2.0,6.0,6.0,2.0,17.0,3.0,1.0,2.0,5.0,
,7.0,1.0,3.0,2.0,6.0,6.0,2.0,17.0,3.0,1.0,2.0,5.0,
,1.0,5.0,0.0,15.0,2.0,0.0,2.0,4.0,0.0,2.0,2.0,3.0,36.0
,1.0,5.0,0.0,15.0,2.0,0.0,2.0,4.0,0.0,2.0,2.0,3.0,
,1.0,5.0,0.0,15.0,2.0,0.0,2.0,4.0,0.0,2.0,2.0,3.0,
,1.0,5.0,0.0,15.0,2.0,0.0,2.0,4.0,0.0,2.0,2.0,3.0,
,1.0,5.0,0.0,15.0,2.0,0.0,2.0,4.0,0.0,2.0,2.0,3.0,
,1.0,5.0,0.0,15.0,2.0,0.0,2.0,4.0,0.0,2.0,2.0,3.0,
,1.0,5.0,0.0,15.0,2.0,0.0,2.0,4.0,0.0,2.0,2.0,3.0,
,1.0,5.0,0.0,15.0,2.0,0.0,2.0,4.0,0.0,2.0,2.0,3.0,
,1.0,5.0,0.0,15.0,2.0,0.0,2.0,4.0,0.0,2.0,2.0,3.0,
,1.0,5.0,0.0,15.0,2.0,0.0,2.0,4.0,0.0,2.0,2.0,3.0,
,1.0,5.0,0.0,15.0,2.0,0.0,2.0,4.0,0.0,2.0,2.0,3.0,
,1.0,5.0,0.0,15.0,2.0,0.0,2.0,4.0,0.0,2.0,2.0,3.0,
,2.0,5.0,5.0,4.0,2.0,0.0,8.0,7.0,10.0,4.0,0.0,1.0,48.0
,2.0,5.0,5.0,4.0,2.0,0.0,8.0,7.0,10.0,4.0,0.0,1.0,
,2.0,5.0,5.0,4.0,2.0,0.0,8.0,7.0,10.0,4.0,0.0,1.0,
,2.0,5.0,5.0,4.0,2.0,0.0,8.0,7.0,10.0,4.0,0.0,1.0,
,2.0,5.0,5.0,4.0,2.0,0.0,8.0,7.0,10.0,4.0,0.0,1.0,
,2.0,5.0,5.0,4.0,2.0,0.0,8.0,7.0,10.0,4.0,0.0,1.0,
,2.0,5.0,5.0,4.0,2.0,0.0,8.0,7.0,10.0,4.0,0.0,1.0,
,2.0,5.0,5.0,4.0,2.0,0.0,8.0,7.0,10.0,4.0,0.0,1.0,
,2.0,5.0,5.0,4.0,2.0,0.0,8.0,7.0,10.0,4.0,0.0,1.0,
,2.0,5.0,5.0,4.0,2.0,0.0,8.0,7.0,10.0,4.0,0.0,1.0,
,2.0,5.0,5.0,4.0,2.0,0.0,8.0,7.0,10.0,4.0,0.0,1.0,
,2.0,5.0,5.0,4.0,2.0,0.0,8.0,7.0,10.0,4.0,0.0,1.0,
,2.0,0.0,0.0,8.0,5.0,2.0,2.0,1.0,9.0,4.0,5.0,5.0,43.0
,2.0,0.0,0.0,8.0,5.0,2.0,2.0,1.0,9.0,4.0,5.0,5.0,
,2.0,0.0,0.0,8.0,5.0,2.0,2.0,1.0,9.0,4.0,5.0,5.0,
,2.0,0.0,0.0,8.0,5.0,2.0,2.0,1.0,9.0,4.0,5.0,5.0,
,2.0,0.0,0.0,8.0,5.0,2.0,2.0,1.0,9.0,4.0,5.0,5.0,
,2.0,0.0,0.0,8.0,5.0,2.0,2.0,1.0,9.0,4.0,5.0,5.0,
,2.0,0.0,0.0,8.0,5.0,2.0,2.0,1.0,9.0,4.0,5.0,5.0,
,2.0,0.0,0.0,8.0,5.0,2.0,2.0,1.0,9.0,4.0,5.0,5.0,
,2.0,0.0,0.0,8.0,5.0,2.0,2.0,1.0,9.0,4.0,5.0,5.0,
,2.0,0.0,0.0,8.0,5.0,2.0,2.0,1.0,9.0,4.0,5.0,5.0,
,2.0,0.0,0.0,8.0,5.0,2.0,2.0,1.0,9.0,4.0,5.0,5.0,
,2.0,0.0,0.0,8.0,5.0,2.0,2.0,1.0,9.0,4.0,5.0,5.0,
,12.0,2.0,0.0,6.0,7.0,8.0,2.0,3.0,2.0,7.0,1.0,5.0,55.0
,12.0,2.0,0.0,6.0,7.0,8.0,2.0,3.0,2.0,7.0,1.0,5.0,
,12.0,2.0,0.0,6.0,7.0,8.0,2.0,3.0,2.0,7.0,1.0,5.0,
,12.0,2.0,0.0,6.0,7.0,8.0,2.0,3.0,2.0,7.0,1.0,5.0,
,12.0,2.0,0.0,6.0,7.0,8.0,2.0,3.0,2.0,7.0,1.0,5.0,
,12.0,2.0,0.0,6.0,7.0,8.0,2.0,3.0,2.0,7.0,1.0,5.0,
,12.0,2.0,0.0,6.0,7.0,8.0,2.0,3.0,2.0,7.0,1.0,5.0,
,12.0,2.0,0.0,6.0,7.0,8.0,2.0,3.0,2.0,7.0,1.0,5.0,
,12.0,2.0,0.0,6.0,7.0,8.0,2.0,3.0,2.0,7.0,1.0,5.0,
,12.0,2.0,0.0,6.0,7.0,8.0,2.0,3.0,2.0,7.0,1.0,5.0,
,12.0,2.0,0.0,6.0,7.0,8.0,2.0,3.0,2.0,7.0,1.0,5.0,
,12.0,2.0,0.0,6.0,7.0,8.0,2.0,3.0,2.0,7.0,1.0,5.0,
,3.0,6.0,5.0,5.0,2.0,8.0,5.0,1.0,1.0,5.0,5.0,2.0,48.0
,3.0,6.0,5.0,5.0,2.0,8.0,5.0,1.0,1.0,5.0,5.0,2.0,
,3.0,6.0,5.0,5.0,2.0,8.0,5.0,1.0,1.0,5.0,5.0,2.0,
,3.0,6.0,5.0,5.0,2.0,8.0,5.0,1.0,1.0,5.0,5.0,2.0,
,3.0,6.0,5.0,5.0,2.0,8.0,5.0,1.0,1.0,5.0,5.0,2.0,
,3.0,6.0,5.0,5.0,2.0,8.0,5.0,1.0,1.0,5.0,5.0,2.0,
,3.0,6.0,5.0,5.0,2.0,8.0,5.0,1.0,1.0,5.0,5.0,2.0,
,3.0,6.0,5.0,5.0,2.0,8.0,5.0,1.0,1.0,5.0,5.0,2.0,
,3.0,6.0,5.0,5.0,2.0,8.0,5.0,1.0,1.0,5.0,5.0,2.0,
,3.0,6.0,5.0,5.0,2.0,8.0,5.0,1.0,1.0,5.0,5.0,2.0,
,3.0,6.0,5.0,5.0,2.0,8.0,5.0,1.0,1.0,5.0,5.0,2.0,
,3.0,6.0,5.0,5.0,2.0,8.0,5.0,1.0,1.0,5.0,5.0,2.0,
,4.0,1.0,4.0,4.0,1.0,2.0,2.0,2.0,5.0,1.0,3.0,0.0,29.0
,4.0,1.0,4.0,4.0,1.0,2.0,2.0,2.0,5.0,1.0,3.0,0.0,
,4.0,1.0,4.0,4.0,1.0,2.0,2.0,2.0,5.0,1.0,3.0,0.0,
,4.0,1.0,4.0,4.0,1.0,2.0,2.0,2.0,5.0,1.0,3.0,0.0,
,4.0,1.0,4.0,4.0,1.0,2.0,2.0,2.0,5.0,1.0,3.0,0.0,
,4.0,1.0,4.0,4.0,1.0,2.0,2.0,2.0,5.0,1.0,3.0,0.0,
,4.0,1.0,4.0,4.0,1.0,2.0,2.0,2.0,5.0,1.0,3.0,0.0,
,4.0,1.0,4.0,4.0,1.0,2.0,2.0,2.0,5.0,1.0,3.0,0.0,
,4.0,1.0,4.0,4.0,1.0,2.0,2.0,2.0,5.0,1.0,3.0,0.0,
,4.0,1.0,4.0,4.0,1.0,2.0,2.0,2.0,5.0,1.0,3.0,0.0,
,4.0,1.0,4.0,4.0,1.0,2.0,2.0,2.0,5.0,1.0,3.0,0.0,
,4.0,1.0,4.0,4.0,1.0,2.0,2.0,2.0,5.0,1.0,3.0,0.0,
,9.0,4.0,0.0,1.0,0.0,0.0,8.0,3.0,0.0,1.0,3.0,6.0,35.0
,9.0,4.0,0.0,1.0,0.0,0.0,8.0,3.0,0.0,1.0,3.0,6.0,
,9.0,4.0,0.0,1.0,0.0,0.0,8.0,3.0,0.0,1.0,3.0,6.0,
,9.0,4.0,0.0,1.0,0.0,0.0,8.0,3.0,0.0,1.0,3.0,6.0,
,9.0,4.0,0.0,1.0,0.0,0.0,8.0,3.0,0.0,1.0,3.0,6.0,
,9.0,4.0,0.0,1.0,0.0,0.0,8.0,3.0,0.0,1.0,3.0,6.0,
,9.0,4.0,0.0,1.0,0.0,0.0,8.0,3.0,0.0,1.0,3.0,6.0,
,9.0,4.0,0.0,1.0,0.0,0.0,8.0,3.0,0.0,1.0,3.0,6.0,
,9.0,4.0,0.0,1.0,0.0,0.0,8.0,3.0,0.0,1.0,3.0,6.0,
,9.0,4.0,0.0,1.0,0.0,0.0,8.0,3.0,0.0,1.0,3.0,6.0,
,9.0,4.0,0.0,1.0,0.0,0.0,8.0,3.0,0.0,1.0,3.0,6.0,
,9.0,4.0,0.0,1.0,0.0,0.0,8.0,3.0,0.0,1.0,3.0,6.0,
,2.0,0.0,10.0,1.0,5.0,4.0,5.0,6.0,8.0,3.0,2.0,11.0,57.0
,2.0,0.0,10.0,1.0,5.0,4.0,5.0,6.0,8.0,3.0,2.0,11.0,
,2.0,0.0,10.0,1.0,5.0,4.0,5.0,6.0,8.0,3.0,2.0,11.0,
,2.0,0.0,10.0,1.0,5.0,4.0,5.0,6.0,8.0,3.0,2.0,11.0,
,2.0,0.0,10.0,1.0,5.0,4.0,5.0,6.0,8.0,3.0,2.0,11.0,
,2.0,0.0,10.0,1.0,5.0,4.0,5.0,6.0,8.0,3.0,2.0,11.0,
,2.0,0.0,10.0,1.0,5.0,4.0,5.0,6.0,8.0,3.0,2.0,11.0,
,2.0,0.0,10.0,1.0,5.0,4.0,5.0,6.0,8.0,3.0,2.0,11.0,
,2.0,0.0,10.0,1.0,5.0,4.0,5.0,6.0,8.0,3.0,2.0,11.0,
,2.0,0.0,10.0,1.0,5.0,4.0,5.0,6.0,8.0,3.0,2.0,11.0,
,2.0,0.0,10.0,1.0,5.0,4.0,5.0,6.0,8.0,3.0,2.0,11.0,
,2.0,0.0,10.0,1.0,5.0,4.0,5.0,6.0,8.0,3.0,2.0,11.0,
,4.0,5.0,10.0,11.0,8.0,13.0,0.0,6.0,8.0,7.0,11.0,0.0,83.0
,4.0,5.0,10.0,11.0,8.0,13.0,0.0,6.0,8.0,7.0,11.0,0.0,
,4.0,5.0,10.0,11.0,8.0,13.0,0.0,6.0,8.0,7.0,11.0,0.0,
,4.0,5.0,10.0,11.0,8.0,13.0,0.0,6.0,8.0,7.0,11.0,0.0,
,4.0,5.0,10.0,11.0,8.0,13.0,0.0,6.0,8.0,7.0,11.0,0.0,
,4.0,5.0,10.0,11.0,8.0,13.0,0.0,6.0,8.0,7.0,11.0,0.0,
,4.0,5.0,10.0,11.0,8.0,13.0,0.0,6.0,8.0,7.0,11.0,0.0,
,4.0,5.0,10.0,11.0,8.0,13.0,0.0,6.0,8.0,7.0,11.0,0.0,
,4.0,5.0,10.0,11.0,8.0,13.0,0.0,6.0,8.0,7.0,11.0,0.0,
,4.0,5.0,10.0,11.0,8.0,13.0,0.0,6.0,8.0,7.0,11.0,0.0,
,4.0,5.0,10.0,11.0,8.0,13.0,0.0,6.0,8.0,7.0,11.0,0.0,
,4.0,5.0,10.0,11.0,8.0,13.0,0.0,6.0,8.0,7.0,11.0,0.0,
,0.0,0.0,3.0,2.0,6.0,2.0,3.0,3.0,7.0,6.0,6.0,0.0,38.0
,0.0,0.0,3.0,2.0,6.0,2.0,3.0,3.0,7.0,6.0,6.0,0.0,
,0.0,0.0,3.0,2.0,6.0,2.0,3.0,3.0,7.0,6.0,6.0,0.0,
,0.0,0.0,3.0,2.0,6.0,2.0,3.0,3.0,7.0,6.0,6.0,0.0,
,0.0,0.0,3.0,2.0,6.0,2.0,3.0,3.0,7.0,6.0,6.0,0.0,
,0.0,0.0,3.0,2.0,6.0,2.0,3.0,3.0,7.0,6.0,6.0,0.0,
,0.0,0.0,3.0,2.0,6.0,2.0,3.0,3.0,7.0,6.0,6.0,0.0,
,0.0,0.0,3.0,2.0,6.0,2.0,3.0,3.0,7.0,6.0,6.0,0.0,
,0.0,0.0,3.0,2.0,6.0,2.0,3.0,3.0,7.0,6.0,6.0,0.0,
,0.0,0.0,3.0,2.0,6.0,2.0,3.0,3.0,7.0,6.0,6.0,0.0,
,0.0,0.0,3.0,2.0,6.0,2.0,3.0,3.0,7.0,6.0,6.0,0.0,
,0.0,0.0,3.0,2.0,6.0,2.0,3.0,3.0,7.0,6.0,6.0,0.0,
