year,jan,feb,mar,apr,may,jun,jul,aug,sep,oct,nov,dec,annual
,72.6,153.2,164.8,54.4,58.2,236.9,56.0,87.9,252.5,182.5,91.2,133.9,1544.1
,72.6,153.2,164.8,54.4,58.2,236.9,56.0,87.9,252.5,182.5,91.2,133.9,
,72.6,153.2,164.8,54.4,58.2,236.9,56.0,87.9,252.5,182.5,91.2,133.9,
,72.6,153.2,164.8,54.4,58.2,236.9,56.0,87.9,252.5,182.5,91.2,133.9,
,72.6,153.2,164.8,54.4,58.2,236.9,56.0,87.9,252.5,182.5,91.2,133.9,
,72.6,153.2,164.8,54.4,58.2,236.9,56.0,87.9,252.5,182.5,91.2,133.9,
,72.6,153.2,164.8,54.4,58.2,236.9,56.0,87.9,252.5,182.5,91.2,133.9,
,72.6,153.2,164.8,54.4,58.2,236.9,56.0,87.9,252.5,182.5,91.2,133.9,
,72.6,153.2,164.8,54.4,58.2,236.9,56.0,87.9,252.5,182.5,91.2,133.9,
,72.6,153.2,164.8,54.4,58.2,236.9,56.0,87.9,252.5,182.5,91.2,133.9,
,72.6,153.2,164.8,54.4,58.2,236.9,56.0,87.9,252.5,182.5,91.2,133.9,
,72.6,153.2,164.8,54.4,58.2,236.9,56.0,87.9,252.5,182.5,91.2,133.9,
,56.7,38.5,84.6,49.9,22.3,28.7,72.0,85.6,123.3,66.4,30.2,47.4,705.6
,56.7,38.5,84.6,49.9,22.3,28.7,72.0,85.6,123.3,66.4,30.2,47.4,
,56.7,38.5,84.6,49.9,22.3,28.7,72.0,85.6,123.3,66.4,30.2,47.4,
,56.7,38.5,84.6,49.9,22.3,28.7,72.0,85.6,123.3,66.4,30.2,47.4,
,56.7,38.5,84.6,49.9,22.3,28.7,72.0,85.6,123.3,66.4,30.2,47.4,
,56.7,38.5,84.6,49.9,22.3,28.7,72.0,85.6,123.3,66.4,30.2,47.4,
,56.7,38.5,84.6,49.9,22.3,28.7,72.0,85.6,123.3,66.4,30.2,47.4,
,56.7,38.5,84.6,49.9,22.3,28.7,72.0,85.6,123.3,66.4,30.2,47.4,
,56.7,38.5,84.6,49.9,22.3,28.7,72.0,85.6,123.3,66.4,30.2,47.4,
,56.7,38.5,84.6,49.9,22.3,28.7,72.0,85.6,123.3,66.4,30.2,47.4,
,56.7,38.5,84.6,49.9,22.3,28.7,72.0,85.6,123.3,66.4,30.2,47.4,
,56.7,38.5,84.6,49.9,22.3,28.7,72.0,85.6,123.3,66.4,30.2,47.4,
,88.9,75.2,95.6,35.4,40.2,79.6,61.9,160.0,113.6,302.7,179.7,69.4,1302.2
,88.9,75.2,95.6,35.4,40.2,79.6,61.9,160.0,113.6,302.7,179.7,69.4,
,88.9,75.2,95.6,35.4,40.2,79.6,61.9,160.0,113.6,302.7,179.7,69.4,
,88.9,75.2,95.6,35.4,40.2,79.6,61.9,160.0,113.6,302.7,179.7,69.4,
,88.9,75.2,95.6,35.4,40.2,79.6,61.9,160.0,113.6,302.7,179.7,69.4,
,88.9,75.2,95.6,35.4,40.2,79.6,61.9,160.0,113.6,302.7,179.7,69.4,
,88.9,75.2,95.6,35.4,40.2,79.6,61.9,160.0,113.6,302.7,179.7,69.4,
,88.9,75.2,95.6,35.4,40.2,79.6,61.9,160.0,113.6,302.7,179.7,69.4,
,88.9,75.2,95.6,35.4,40.2,79.6,61.9,160.0,113.6,302.7,179.7,69.4,
,88.9,75.2,95.6,35.4,40.2,79.6,61.9,160.0,113.6,302.7,179.7,69.4,
,88.9,75.2,95.6,35.4,40.2,79.6,61.9,160.0,113.6,302.7,179.7,69.4,
,88.9,75.2,95.6,35.4,40.2,79.6,61.9,160.0,113.6,302.7,179.7,69.4,
,18.3,107.2,49.5,54.0,47.4,65.5,163.7,173.0,112.9,72.3,48.1,113.9,1025.8
,18.3,107.2,49.5,54.0,47.4,65.5,163.7,173.0,112.9,72.3,48.1,113.9,
,18.3,107.2,49.5,54.0,47.4,65.5,163.7,173.0,112.9,72.3,48.1,113.9,
,18.3,107.2,49.5,54.0,47.4,65.5,163.7,173.0,112.9,72.3,48.1,113.9,
,18.3,107.2,49.5,54.0,47.4,65.5,163.7,173.0,112.9,72.3,48.1,113.9,
,18.3,107.2,49.5,54.0,47.4,65.5,163.7,173.0,112.9,72.3,48.1,113.9,
,18.3,107.2,49.5,54.0,47.4,65.5,163.7,173.0,112.9,72.3,48.1,113.9,
,18.3,107.2,49.5,54.0,47.4,65.5,163.7,173.0,112.9,72.3,48.1,113.9,
,18.3,107.2,49.5,54.0,47.4,65.5,163.7,173.0,112.9,72.3,48.1,113.9,
,18.3,107.2,49.5,54.0,47.4,65.5,163.7,173.0,112.9,72.3,48.1,113.9,
,18.3,107.2,49.5,54.0,47.4,65.5,163.7,173.0,112.9,72.3,48.1,113.9,
,18.3,107.2,49.5,54.0,47.4,65.5,163.7,173.0,112.9,72.3,48.1,113.9,
,91.0,57.8,97.1,25.5,91.7,45.5,84.7,329.6,240.0,249.2,51.1,142.5,1505.7
,91.0,57.8,97.1,25.5,91.7,45.5,84.7,329.6,240.0,249.2,51.1,142.5,
,91.0,57.8,97.1,25.5,91.7,45.5,84.7,329.6,240.0,249.2,51.1,142.5,
,91.0,57.8,97.1,25.5,91.7,45.5,84.7,329.6,240.0,249.2,51.1,142.5,
,91.0,57.8,97.1,25.5,91.7,45.5,84.7,329.6,240.0,249.2,51.1,142.5,
,91.0,57.8,97.1,25.5,91.7,45.5,84.7,329.6,240.0,249.2,51.1,142.5,
,91.0,57.8,97.1,25.5,91.7,45.5,84.7,329.6,240.0,249.2,51.1,142.5,
,91.0,57.8,97.1,25.5,91.7,45.5,84.7,329.6,240.0,249.2,51.1,142.5,
,91.0,57.8,97.1,25.5,91.7,45.5,84.7,329.6,240.0,249.2,51.1,142.5,
,91.0,57.8,97.1,25.5,91.7,45.5,84.7,329.6,240.0,249.2,51.1,142.5,
,91.0,57.8,97.1,25.5,91.7,45.5,84.7,329.6,240.0,249.2,51.1,142.5,
,91.0,57.8,97.1,25.5,91.7,45.5,84.7,329.6,240.0,249.2,51.1,142.5,
,104.7,198.8,107.3,31.2,2.3,118.5,193.5,221.4,125.4,135.0,48.7,220.2,1507.0
,104.7,198.8,107.3,31.2,2.3,118.5,193.5,221.4,125.4,135.0,48.7,220.2,
,104.7,198.8,107.3,31.2,2.3,118.5,193.5,221.4,125.4,135.0,48.7,220.2,
,104.7,198.8,107.3,31.2,2.3,118.5,193.5,221.4,125.4,135.0,48.7,220.2,
,104.7,198.8,107.3,31.2,2.3,118.5,193.5,221.4,125.4,135.0,48.7,220.2,
,104.7,198.8,107.3,31.2,2.3,118.5,193.5,221.4,125.4,135.0,48.7,220.2,
,104.7,198.8,107.3,31.2,2.3,118.5,193.5,221.4,125.4,135.0,48.7,220.2,
,104.7,198.8,107.3,31.2,2.3,118.5,193.5,221.4,125.4,135.0,48.7,220.2,
,104.7,198.8,107.3,31.2,2.3,118.5,193.5,221.4,125.4,135.0,48.7,220.2,
,104.7,198.8,107.3,31.2,2.3,118.5,193.5,221.4,125.4,135.0,48.7,220.2,
,104.7,198.8,107.3,31.2,2.3,118.5,193.5,221.4,125.4,135.0,48.7,220.2,
,104.7,198.8,107.3,31.2,2.3,118.5,193.5,221.4,125.4,135.0,48.7,220.2,
,134.2,88.9,56.8,40.3,40.4,97.1,41.6,94.0,297.3,66.0,54.3,57.0,1067.9
,134.2,88.9,56.8,40.3,40.4,97.1,41.6,94.0,297.3,66.0,54.3,57.0,
,134.2,88.9,56.8,40.3,40.4,97.1,41.6,94.0,297.3,66.0,54.3,57.0,
,134.2,88.9,56.8,40.3,40.4,97.1,41.6,94.0,297.3,66.0,54.3,57.0,
,134.2,88.9,56.8,40.3,40.4,97.1,41.6,94.0,297.3,66.0,54.3,57.0,
,134.2,88.9,56.8,40.3,40.4,97.1,41.6,94.0,297.3,66.0,54.3,57.0,
,134.2,88.9,56.8,40.3,40.4,97.1,41.6,94.0,297.3,66.0,54.3,57.0,
,134.2,88.9,56.8,40.3,40.4,97.1,41.6,94.0,297.3,66.0,54.3,57.0,
,134.2,88.9,56.8,40.3,40.4,97.1,41.6,94.0,297.3,66.0,54.3,57.0,
,134.2,88.9,56.8,40.3,40.4,97.1,41.6,94.0,297.3,66.0,54.3,57.0,
,134.2,88.9,56.8,40.3,40.4,97.1,41.6,94.0,297.3,66.0,54.3,57.0,
,134.2,88.9,56.8,40.3,40.4,97.1,41.6,94.0,297.3,66.0,54.3,57.0,
,143.6,76.3,175.2,88.4,32.3,54.5,69.6,11.6,165.5,140.9,94.8,67.3,1120.0
,143.6,76.3,175.2,88.4,32.3,54.5,69.6,11.6,165.5,140.9,94.8,67.3,
,143.6,76.3,175.2,88.4,32.3,54.5,69.6,11.6,165.5,140.9,94.8,67.3,
,143.6,76.3,175.2,88.4,32.3,54.5,69.6,11.6,165.5,140.9,94.8,67.3,
,143.6,76.3,175.2,88.4,32.3,54.5,69.6,11.6,165.5,140.9,94.8,67.3,
,143.6,76.3,175.2,88.4,32.3,54.5,69.6,11.6,165.5,140.9,94.8,67.3,
,143.6,76.3,175.2,88.4,32.3,54.5,69.6,11.6,165.5,140.9,94.8,67.3,
,143.6,76.3,175.2,88.4,32.3,54.5,69.6,11.6,165.5,140.9,94.8,67.3,
,143.6,76.3,175.2,88.4,32.3,54.5,69.6,11.6,165.5,140.9,94.8,67.3,
,143.6,76.3,175.2,88.4,32.3,54.5,69.6,11.6,165.5,140.9,94.8,67.3,
,143.6,76.3,175.2,88.4,32.3,54.5,69.6,11.6,165.5,140.9,94.8,67.3,
,143.6,76.3,175.2,88.4,32.3,54.5,69.6,11.6,165.5,140.9,94.8,67.3,
,97.7,186.5,62.3,69.3,94.4,72.8,43.4,92.2,82.6,21.5,97.1,51.7,971.5
,97.7,186.5,62.3,69.3,94.4,72.8,43.4,92.2,82.6,21.5,97.1,51.7,
,97.7,186.5,62.3,69.3,94.4,72.8,43.4,92.2,82.6,21.5,97.1,51.7,
,97.7,186.5,62.3,69.3,94.4,72.8,43.4,92.2,82.6,21.5,97.1,51.7,
,97.7,186.5,62.3,69.3,94.4,72.8,43.4,92.2,82.6,21.5,97.1,51.7,
,97.7,186.5,62.3,69.3,94.4,72.8,43.4,92.2,82.6,21.5,97.1,51.7,
,97.7,186.5,62.3,69.3,94.4,72.8,43.4,92.2,82.6,21.5,97.1,51.7,
,97.7,186.5,62.3,69.3,94.4,72.8,43.4,92.2,82.6,21.5,97.1,51.7,
,97.7,186.5,62.3,69.3,94.4,72.8,43.4,92.2,82.6,21.5,97.1,51.7,
,97.7,186.5,62.3,69.3,94.4,72.8,43.4,92.2,82.6,21.5,97.1,51.7,
,97.7,186.5,62.3,69.3,94.4,72.8,43.4,92.2,82.6,21.5,97.1,51.7,
,97.7,186.5,62.3,69.3,94.4,72.8,43.4,92.2,82.6,21.5,97.1,51.7,
,35.3,91.5,144.4,36.2,186.1,219.1,178.1,95.1,13.4,139.6,51.5,70.5,1260.8
,35.3,91.5,144.4,36.2,186.1,219.1,178.1,95.1,13.4,139.6,51.5,70.5,
,35.3,91.5,144.4,36.2,186.1,219.1,178.1,95.1,13.4,139.6,51.5,70.5,
,35.3,91.5,144.4,36.2,186.1,219.1,178.1,95.1,13.4,139.6,51.5,70.5,
,35.3,91.5,144.4,36.2,186.1,219.1,178.1,95.1,13.4,139.6,51.5,70.5,
,35.3,91.5,144.4,36.2,186.1,219.1,178.1,95.1,13.4,139.6,51.5,70.5,
,35.3,91.5,144.4,36.2,186.1,219.1,178.1,95.1,13.4,139.6,51.5,70.5,
,35.3,91.5,144.4,36.2,186.1,219.1,178.1,95.1,13.4,139.6,51.5,70.5,
,35.3,91.5,144.4,36.2,186.1,219.1,178.1,95.1,13.4,139.6,51.5,70.5,
,35.3,91.5,144.4,36.2,186.1,219.1,178.1,95.1,13.4,139.6,51.5,70.5,
,35.3,91.5,144.4,36.2,186.1,219.1,178.1,95.1,13.4,139.6,51.5,70.5,
,35.3,91.5,144.4,36.2,186.1,219.1,178.1,95.1,13.4,139.6,51.5,70.5,
,109.5,94.0,140.3,58.5,83.5,157.7,60.9,136.9,64.4,30.1,55.6,116.7,1108.1
,109.5,94.0,140.3,58.5,83.5,157.7,60.9,136.9,64.4,30.1,55.6,116.7,
,109.5,94.0,140.3,58.5,83.5,157.7,60.9,136.9,64.4,30.1,55.6,116.7,
,109.5,94.0,140.3,58.5,83.5,157.7,60.9,136.9,64.4,30.1,55.6,116.7,
,109.5,94.0,140.3,58.5,83.5,157.7,60.9,136.9,64.4,30.1,55.6,116.7,
,109.5,94.0,140.3,58.5,83.5,157.7,60.9,136.9,64.4,30.1,55.6,116.7,
,109.5,94.0,140.3,58.5,83.5,157.7,60.9,136.9,64.4,30.1,55.6,116.7,
,109.5,94.0,140.3,58.5,83.5,157.7,60.9,136.9,64.4,30.1,55.6,116.7,
,109.5,94.0,140.3,58.5,83.5,157.7,60.9,136.9,64.4,30.1,55.6,116.7,
,109.5,94.0,140.3,58.5,83.5,157.7,60.9,136.9,64.4,30.1,55.6,116.7,
,109.5,94.0,140.3,58.5,83.5,157.7,60.9,136.9,64.4,30.1,55.6,116.7,
,109.5,94.0,140.3,58.5,83.5,157.7,60.9,136.9,64.4,30.1,55.6,116.7,
,213.6,186.6,190.5,122.5,75.2,250.5,184.7,236.5,218.3,140.6,113.8,34.4,1967.2
,213.6,186.6,190.5,122.5,75.2,250.5,184.7,236.5,218.3,140.6,113.8,34.4,
,213.6,186.6,190.5,122.5,75.2,250.5,184.7,236.5,218.3,140.6,113.8,34.4,
,213.6,186.6,190.5,122.5,75.2,250.5,184.7,236.5,218.3,140.6,113.8,34.4,
,213.6,186.6,190.5,122.5,75.2,250.5,184.7,236.5,218.3,140.6,113.8,34.4,
,213.6,186.6,190.5,122.5,75.2,250.5,184.7,236.5,218.3,140.6,113.8,34.4,
,213.6,186.6,190.5,122.5,75.2,250.5,184.7,236.5,218.3,140.6,113.8,34.4,
,213.6,186.6,190.5,122.5,75.2,250.5,184.7,236.5,218.3,140.6,113.8,34.4,
,213.6,186.6,190.5,122.5,75.2,250.5,184.7,236.5,218.3,140.6,113.8,34.4,
,213.6,186.6,190.5,122.5,75.2,250.5,184.7,236.5,218.3,140.6,113.8,34.4,
,213.6,186.6,190.5,122.5,75.2,250.5,184.7,236.5,218.3,140.6,113.8,34.4,
,213.6,186.6,190.5,122.5,75.2,250.5,184.7,236.5,218.3,140.6,113.8,34.4,
,183.5,143.3,79.9,76.6,124.6,65.7,199.8,145.1,136.6,86.5,7.3,98.7,1347.6
,183.5,143.3,79.9,76.6,124.6,65.7,199.8,145.1,136.6,86.5,7.3,98.7,
,183.5,143.3,79.9,76.6,124.6,65.7,199.8,145.1,136.6,86.5,7.3,98.7,
,183.5,143.3,79.9,76.6,124.6,65.7,199.8,145.1,136.6,86.5,7.3,98.7,
,183.5,143.3,79.9,76.6,124.6,65.7,199.8,145.1,136.6,86.5,7.3,98.7,
,183.5,143.3,79.9,76.6,124.6,65.7,199.8,145.1,136.6,86.5,7.3,98.7,
,183.5,143.3,79.9,76.6,124.6,65.7,199.8,145.1,136.6,86.5,7.3,98.7,
,183.5,143.3,79.9,76.6,124.6,65.7,199.8,145.1,136.6,86.5,7.3,98.7,
,183.5,143.3,79.9,76.6,124.6,65.7,199.8,145.1,136.6,86.5,7.3,98.7,
,183.5,143.3,79.9,76.6,124.6,65.7,199.8,145.1,136.6,86.5,7.3,98.7,
,183.5,143.3,79.9,76.6,124.6,65.7,199.8,145.1,136.6,86.5,7.3,98.7,
,183.5,143.3,79.9,76.6,124.6,65.7,199.8,145.1,136.6,86.5,7.3,98.7,
,84.3,69.7,103.2,0.0,126.3,199.6,59.4,107.8,46.3,33.0,143.4,142.9,1115.9
,84.3,69.7,103.2,0.0,126.3,199.6,59.4,107.8,46.3,33.0,143.4,142.9,
,84.3,69.7,103.2,0.0,126.3,199.6,59.4,107.8,46.3,33.0,143.4,142.9,
,84.3,69.7,103.2,0.0,126.3,199.6,59.4,107.8,46.3,33.0,143.4,142.9,
,84.3,69.7,103.2,0.0,126.3,199.6,59.4,107.8,46.3,33.0,143.4,142.9,
,84.3,69.7,103.2,0.0,126.3,199.6,59.4,107.8,46.3,33.0,143.4,142.9,
,84.3,69.7,103.2,0.0,126.3,199.6,59.4,107.8,46.3,33.0,143.4,142.9,
,84.3,69.7,103.2,0.0,126.3,199.6,59.4,107.8,46.3,33.0,143.4,142.9,
,84.3,69.7,103.2,0.0,126.3,199.6,59.4,107.8,46.3,33.0,143.4,142.9,
,84.3,69.7,103.2,0.0,126.3,199.6,59.4,107.8,46.3,33.0,143.4,142.9,
,84.3,69.7,103.2,0.0,126.3,199.6,59.4,107.8,46.3,33.0,143.4,142.9,
,84.3,69.7,103.2,0.0,126.3,199.6,59.4,107.8,46.3,33.0,143.4,142.9,
,104.3,101.1,66.0,40.1,86.6,121.3,68.2,262.5,155.0,67.6,90.3,110.6,1273.6
,104.3,101.1,66.0,40.1,86.6,121.3,68.2,262.5,155.0,67.6,90.3,110.6,
,104.3,101.1,66.0,40.1,86.6,121.3,68.2,262.5,155.0,67.6,90.3,110.6,
,104.3,101.1,66.0,40.1,86.6,121.3,68.2,262.5,155.0,67.6,90.3,110.6,
,104.3,101.1,66.0,40.1,86.6,121.3,68.2,262.5,155.0,67.6,90.3,110.6,
,104.3,101.1,66.0,40.1,86.6,121.3,68.2,262.5,155.0,67.6,90.3,110.6,
,104.3,101.1,66.0,40.1,86.6,121.3,68.2,262.5,155.0,67.6,90.3,110.6,
,104.3,101.1,66.0,40.1,86.6,121.3,68.2,262.5,155.0,67.6,90.3,110.6,
,104.3,101.1,66.0,40.1,86.6,121.3,68.2,262.5,155.0,67.6,90.3,110.6,
,104.3,101.1,66.0,40.1,86.6,121.3,68.2,262.5,155.0,67.6,90.3,110.6,
,104.3,101.1,66.0,40.1,86.6,121.3,68.2,262.5,155.0,67.6,90.3,110.6,
,104.3,101.1,66.0,40.1,86.6,121.3,68.2,262.5,155.0,67.6,90.3,110.6,
,97.2,80.1,142.4,107.1,184.4,110.4,250.3,92.6,114.6,83.8,106.1,168.4,1537.4
,97.2,80.1,142.4,107.1,184.4,110.4,250.3,92.6,114.6,83.8,106.1,168.4,
,97.2,80.1,142.4,107.1,184.4,110.4,250.3,92.6,114.6,83.8,106.1,168.4,
,97.2,80.1,142.4,107.1,184.4,110.4,250.3,92.6,114.6,83.8,106.1,168.4,
,97.2,80.1,142.4,107.1,184.4,110.4,250.3,92.6,114.6,83.8,106.1,168.4,
,97.2,80.1,142.4,107.1,184.4,110.4,250.3,92.6,114.6,83.8,106.1,168.4,
,97.2,80.1,142.4,107.1,184.4,110.4,250.3,92.6,114.6,83.8,106.1,168.4,
,97.2,80.1,142.4,107.1,184.4,110.4,250.3,92.6,114.6,83.8,106.1,168.4,
,97.2,80.1,142.4,107.1,184.4,110.4,250.3,92.6,114.6,83.8,106.1,168.4,
,97.2,80.1,142.4,107.1,184.4,110.4,250.3,92.6,114.6,83.8,106.1,168.4,
,97.2,80.1,142.4,107.1,184.4,110.4,250.3,92.6,114.6,83.8,106.1,168.4,
,97.2,80.1,142.4,107.1,184.4,110.4,250.3,92.6,114.6,83.8,106.1,168.4,
,80.2,74.8,104.3,106.6,71.3,220.3,214.1,132.0,71.7,54.2,84.0,88.0,1301.5
,80.2,74.8,104.3,106.6,71.3,220.3,214.1,132.0,71.7,54.2,84.0,88.0,
,80.2,74.8,104.3,106.6,71.3,220.3,214.1,132.0,71.7,54.2,84.0,88.0,
,80.2,74.8,104.3,106.6,71.3,220.3,214.1,132.0,71.7,54.2,84.0,88.0,
,80.2,74.8,104.3,106.6,71.3,220.3,214.1,132.0,71.7,54.2,84.0,88.0,
,80.2,74.8,104.3,106.6,71.3,220.3,214.1,132.0,71.7,54.2,84.0,88.0,
,80.2,74.8,104.3,106.6,71.3,220.3,214.1,132.0,71.7,54.2,84.0,88.0,
,80.2,74.8,104.3,106.6,71.3,220.3,214.1,132.0,71.7,54.2,84.0,88.0,
,80.2,74.8,104.3,106.6,71.3,220.3,214.1,132.0,71.7,54.2,84.0,88.0,
,80.2,74.8,104.3,106.6,71.3,220.3,214.1,132.0,71.7,54.2,84.0,88.0,
,80.2,74.8,104.3,106.6,71.3,220.3,214.1,132.0,71.7,54.2,84.0,88.0,
,80.2,74.8,104.3,106.6,71.3,220.3,214.1,132.0,71.7,54.2,84.0,88.0,
,110.9,35.3,48.8,14.7,25.9,91.5,91.9,178.7,89.7,157.2,132.5,86.9,1064.0
,110.9,35.3,48.8,14.7,25.9,91.5,91.9,178.7,89.7,157.2,132.5,86.9,
,110.9,35.3,48.8,14.7,25.9,91.5,91.9,178.7,89.7,157.2,132.5,86.9,
,110.9,35.3,48.8,14.7,25.9,91.5,91.9,178.7,89.7,157.2,132.5,86.9,
,110.9,35.3,48.8,14.7,25.9,91.5,91.9,178.7,89.7,157.2,132.5,86.9,
,110.9,35.3,48.8,14.7,25.9,91.5,91.9,178.7,89.7,157.2,132.5,86.9,
,110.9,35.3,48.8,14.7,25.9,91.5,91.9,178.7,89.7,157.2,132.5,86.9,
,110.9,35.3,48.8,14.7,25.9,91.5,91.9,178.7,89.7,157.2,132.5,86.9,
,110.9,35.3,48.8,14.7,25.9,91.5,91.9,178.7,89.7,157.2,132.5,86.9,
,110.9,35.3,48.8,14.7,25.9,91.5,91.9,178.7,89.7,157.2,132.5,86.9,
,110.9,35.3,48.8,14.7,25.9,91.5,91.9,178.7,89.7,157.2,132.5,86.9,
,110.9,35.3,48.8,14.7,25.9,91.5,91.9,178.7,89.7,157.2,132.5,86.9,
,27.3,91.1,58.1,183.5,140.2,58.1,133.5,102.2,106.6,56.1,112.8,127.6,1197.1
,27.3,91.1,58.1,183.5,140.2,58.1,133.5,102.2,106.6,56.1,112.8,127.6,
,27.3,91.1,58.1,183.5,140.2,58.1,133.5,102.2,106.6,56.1,112.8,127.6,
,27.3,91.1,58.1,183.5,140.2,58.1,133.5,102.2,106.6,56.1,112.8,127.6,
,27.3,91.1,58.1,183.5,140.2,58.1,133.5,102.2,106.6,56.1,112.8,127.6,
,27.3,91.1,58.1,183.5,140.2,58.1,133.5,102.2,106.6,56.1,112.8,127.6,
,27.3,91.1,58.1,183.5,140.2,58.1,133.5,102.2,106.6,56.1,112.8,127.6,
,27.3,91.1,58.1,183.5,140.2,58.1,133.5,102.2,106.6,56.1,112.8,127.6,
,27.3,91.1,58.1,183.5,140.2,58.1,133.5,102.2,106.6,56.1,112.8,127.6,
,27.3,91.1,58.1,183.5,140.2,58.1,133.5,102.2,106.6,56.1,112.8,127.6,
,27.3,91.1,58.1,183.5,140.2,58.1,133.5,102.2,106.6,56.1,112.8,127.6,
,27.3,91.1,58.1,183.5,140.2,58.1,133.5,102.2,106.6,56.1,112.8,127.6,
,74.8,118.0,89.3,124.3,113.3,83.9,190.9,49.4,73.0,93.3,95.5,215.8,1321.5
,74.8,118.0,89.3,124.3,113.3,83.9,190.9,49.4,73.0,93.3,95.5,215.8,
,74.8,118.0,89.3,124.3,113.3,83.9,190.9,49.4,73.0,93.3,95.5,215.8,
,74.8,118.0,89.3,124.3,113.3,83.9,190.9,49.4,73.0,93.3,95.5,215.8,
,74.8,118.0,89.3,124.3,113.3,83.9,190.9,49.4,73.0,93.3,95.5,215.8,
,74.8,118.0,89.3,124.3,113.3,83.9,190.9,49.4,73.0,93.3,95.5,215.8,
,74.8,118.0,89.3,124.3,113.3,83.9,190.9,49.4,73.0,93.3,95.5,215.8,
,74.8,118.0,89.3,124.3,113.3,83.9,190.9,49.4,73.0,93.3,95.5,215.8,
,74.8,118.0,89.3,124.3,113.3,83.9,190.9,49.4,73.0,93.3,95.5,215.8,
,74.8,118.0,89.3,124.3,113.3,83.9,190.9,49.4,73.0,93.3,95.5,215.8,
,74.8,118.0,89.3,124.3,113.3,83.9,190.9,49.4,73.0,93.3,95.5,215.8,
,74.8,118.0,89.3,124.3,113.3,83.9,190.9,49.4,73.0,93.3,95.5,215.8,
,123.9,231.7,13.2,107.3,49.9,137.5,79.9,49.6,194.5,19.0,74.1,90.6,1171.2
,123.9,231.7,13.2,107.3,49.9,137.5,79.9,49.6,194.5,19.0,74.1,90.6,
,123.9,231.7,13.2,107.3,49.9,137.5,79.9,49.6,194.5,19.0,74.1,90.6,
,123.9,231.7,13.2,107.3,49.9,137.5,79.9,49.6,194.5,19.0,74.1,90.6,
,123.9,231.7,13.2,107.3,49.9,137.5,79.9,49.6,194.5,19.0,74.1,90.6,
,123.9,231.7,13.2,107.3,49.9,137.5,79.9,49.6,194.5,19.0,74.1,90.6,
,123.9,231.7,13.2,107.3,49.9,137.5,79.9,49.6,194.5,19.0,74.1,90.6,
,123.9,231.7,13.2,107.3,49.9,137.5,79.9,49.6,194.5,19.0,74.1,90.6,
,123.9,231.7,13.2,107.3,49.9,137.5,79.9,49.6,194.5,19.0,74.1,90.6,
,123.9,231.7,13.2,107.3,49.9,137.5,79.9,49.6,194.5,19.0,74.1,90.6,
,123.9,231.7,13.2,107.3,49.9,137.5,79.9,49.6,194.5,19.0,74.1,90.6,
,123.9,231.7,13.2,107.3,49.9,137.5,79.9,49.6,194.5,19.0,74.1,90.6,
,9.1,106.8,42.2,13.4,48.5,364.3,141.2,193.4,192.9,234.0,214.5,80.8,1641.1
,9.1,106.8,42.2,13.4,48.5,364.3,141.2,193.4,192.9,234.0,214.5,80.8,
,9.1,106.8,42.2,13.4,48.5,364.3,141.2,193.4,192.9,234.0,214.5,80.8,
,9.1,106.8,42.2,13.4,48.5,364.3,141.2,193.4,192.9,234.0,214.5,80.8,
,9.1,106.8,42.2,13.4,48.5,364.3,141.2,193.4,192.9,234.0,214.5,80.8,
,9.1,106.8,42.2,13.4,48.5,364.3,141.2,193.4,192.9,234.0,214.5,80.8,
,9.1,106.8,42.2,13.4,48.5,364.3,141.2,193.4,192.9,234.0,214.5,80.8,
,9.1,106.8,42.2,13.4,48.5,364.3,141.2,193.4,192.9,234.0,214.5,80.8,
,9.1,106.8,42.2,13.4,48.5,364.3,141.2,193.4,192.9,234.0,214.5,80.8,
,9.1,106.8,42.2,13.4,48.5,364.3,141.2,193.4,192.9,234.0,214.5,80.8,
,9.1,106.8,42.2,13.4,48.5,364.3,141.2,193.4,192.9,234.0,214.5,80.8,
,9.1,106.8,42.2,13.4,48.5,364.3,141.2,193.4,192.9,234.0,214.5,80.8,
,86.6,157.9,166.0,90.1,171.6,105.0,217.6,226.9,55.9,155.0,132.7,42.7,1608.0
,86.6,157.9,166.0,90.1,171.6,105.0,217.6,226.9,55.9,155.0,132.7,42.7,
,86.6,157.9,166.0,90.1,171.6,105.0,217.6,226.9,55.9,155.0,132.7,42.7,
,86.6,157.9,166.0,90.1,171.6,105.0,217.6,226.9,55.9,155.0,132.7,42.7,
,86.6,157.9,166.0,90.1,171.6,105.0,217.6,226.9,55.9,155.0,132.7,42.7,
,86.6,157.9,166.0,90.1,171.6,105.0,217.6,226.9,55.9,155.0,132.7,42.7,
,86.6,157.9,166.0,90.1,171.6,105.0,217.6,226.9,55.9,155.0,132.7,42.7,
,86.6,157.9,166.0,90.1,171.6,105.0,217.6,226.9,55.9,155.0,132.7,42.7,
,86.6,157.9,166.0,90.1,171.6,105.0,217.6,226.9,55.9,155.0,132.7,42.7,
,86.6,157.9,166.0,90.1,171.6,105.0,217.6,226.9,55.9,155.0,132.7,42.7,
,86.6,157.9,166.0,90.1,171.6,105.0,217.6,226.9,55.9,155.0,132.7,42.7,
,86.6,157.9,166.0,90.1,171.6,105.0,217.6,226.9,55.9,155.0,132.7,42.7,
,151.1,98.1,98.0,243.2,267.7,339.4,125.0,94.9,62.8,69.3,68.4,41.5,1659.4
,151.1,98.1,98.0,243.2,267.7,339.4,125.0,94.9,62.8,69.3,68.4,41.5,
,151.1,98.1,98.0,243.2,267.7,339.4,125.0,94.9,62.8,69.3,68.4,41.5,
,151.1,98.1,98.0,243.2,267.7,339.4,125.0,94.9,62.8,69.3,68.4,41.5,
,151.1,98.1,98.0,243.2,267.7,339.4,125.0,94.9,62.8,69.3,68.4,41.5,
,151.1,98.1,98.0,243.2,267.7,339.4,125.0,94.9,62.8,69.3,68.4,41.5,
,151.1,98.1,98.0,243.2,267.7,339.4,125.0,94.9,62.8,69.3,68.4,41.5,
,151.1,98.1,98.0,243.2,267.7,339.4,125.0,94.9,62.8,69.3,68.4,41.5,
,151.1,98.1,98.0,243.2,267.7,339.4,125.0,94.9,62.8,69.3,68.4,41.5,
,151.1,98.1,98.0,243.2,267.7,339.4,125.0,94.9,62.8,69.3,68.4,41.5,
,151.1,98.1,98.0,243.2,267.7,339.4,125.0,94.9,62.8,69.3,68.4,41.5,
,151.1,98.1,98.0,243.2,267.7,339.4,125.0,94.9,62.8,69.3,68.4,41.5,
,61.7,100.1,247.2,130.5,110.4,108.3,106.8,231.1,149.0,63.2,22.6,161.3,1492.2
,61.7,100.1,247.2,130.5,110.4,108.3,106.8,231.1,149.0,63.2,22.6,161.3,
,61.7,100.1,247.2,130.5,110.4,108.3,106.8,231.1,149.0,63.2,22.6,161.3,
,61.7,100.1,247.2,130.5,110.4,108.3,106.8,231.1,149.0,63.2,22.6,161.3,
,61.7,100.1,247.2,130.5,110.4,108.3,106.8,231.1,149.0,63.2,22.6,161.3,
,61.7,100.1,247.2,130.5,110.4,108.3,106.8,231.1,149.0,63.2,22.6,161.3,
,61.7,100.1,247.2,130.5,110.4,108.3,106.8,231.1,149.0,63.2,22.6,161.3,
,61.7,100.1,247.2,130.5,110.4,108.3,106.8,231.1,149.0,63.2,22.6,161.3,
,61.7,100.1,247.2,130.5,110.4,108.3,106.8,231.1,149.0,63.2,22.6,161.3,
,61.7,100.1,247.2,130.5,110.4,108.3,106.8,231.1,149.0,63.2,22.6,161.3,
,61.7,100.1,247.2,130.5,110.4,108.3,106.8,231.1,149.0,63.2,22.6,161.3,
,61.7,100.1,247.2,130.5,110.4,108.3,106.8,231.1,149.0,63.2,22.6,161.3,
,39.0,141.0,136.5,156.8,164.3,60.4,126.3,141.8,162.6,137.4,283.2,102.0,1651.3
,39.0,141.0,136.5,156.8,164.3,60.4,126.3,141.8,162.6,137.4,283.2,102.0,
,39.0,141.0,136.5,156.8,164.3,60.4,126.3,141.8,162.6,137.4,283.2,102.0,
,39.0,141.0,136.5,156.8,164.3,60.4,126.3,141.8,162.6,137.4,283.2,102.0,
,39.0,141.0,136.5,156.8,164.3,60.4,126.3,141.8,162.6,137.4,283.2,102.0,
,39.0,141.0,136.5,156.8,164.3,60.4,126.3,141.8,162.6,137.4,283.2,102.0,
,39.0,141.0,136.5,156.8,164.3,60.4,126.3,141.8,162.6,137.4,283.2,102.0,
,39.0,141.0,136.5,156.8,164.3,60.4,126.3,141.8,162.6,137.4,283.2,102.0,
,39.0,141.0,136.5,156.8,164.3,60.4,126.3,141.8,162.6,137.4,283.2,102.0,
,39.0,141.0,136.5,156.8,164.3,60.4,126.3,141.8,162.6,137.4,283.2,102.0,
,39.0,141.0,136.5,156.8,164.3,60.4,126.3,141.8,162.6,137.4,283.2,102.0,
,39.0,141.0,136.5,156.8,164.3,60.4,126.3,141.8,162.6,137.4,283.2,102.0,
,169.9,117.2,87.5,113.7,200.7,82.1,218.7,276.7,125.5,102.5,170.1,102.8,1767.4
,169.9,117.2,87.5,113.7,200.7,82.1,218.7,276.7,125.5,102.5,170.1,102.8,
,169.9,117.2,87.5,113.7,200.7,82.1,218.7,276.7,125.5,102.5,170.1,102.8,
,169.9,117.2,87.5,113.7,200.7,82.1,218.7,276.7,125.5,102.5,170.1,102.8,
,169.9,117.2,87.5,113.7,200.7,82.1,218.7,276.7,125.5,102.5,170.1,102.8,
,169.9,117.2,87.5,113.7,200.7,82.1,218.7,276.7,125.5,102.5,170.1,102.8,
,169.9,117.2,87.5,113.7,200.7,82.1,218.7,276.7,125.5,102.5,170.1,102.8,
,169.9,117.2,87.5,113.7,200.7,82.1,218.7,276.7,125.5,102.5,170.1,102.8,
,169.9,117.2,87.5,113.7,200.7,82.1,218.7,276.7,125.5,102.5,170.1,102.8,
,169.9,117.2,87.5,113.7,200.7,82.1,218.7,276.7,125.5,102.5,170.1,102.8,
,169.9,117.2,87.5,113.7,200.7,82.1,218.7,276.7,125.5,102.5,170.1,102.8,
,169.9,117.2,87.5,113.7,200.7,82.1,218.7,276.7,125.5,102.5,170.1,102.8,
,147.8,23.8,4.7,74.3,43.4,167.3,48.6,20.3,234.1,129.9,130.1,28.6,1052.9
,147.8,23.8,4.7,74.3,43.4,167.3,48.6,20.3,234.1,129.9,130.1,28.6,
,147.8,23.8,4.7,74.3,43.4,167.3,48.6,20.3,234.1,129.9,130.1,28.6,
,147.8,23.8,4.7,74.3,43.4,167.3,48.6,20.3,234.1,129.9,130.1,28.6,
,147.8,23.8,4.7,74.3,43.4,167.3,48.6,20.3,234.1,129.9,130.1,28.6,
,147.8,23.8,4.7,74.3,43.4,167.3,48.6,20.3,234.1,129.9,130.1,28.6,
,147.8,23.8,4.7,74.3,43.4,167.3,48.6,20.3,234.1,129.9,130.1,28.6,
,147.8,23.8,4.7,74.3,43.4,167.3,48.6,20.3,234.1,129.9,130.1,28.6,
,147.8,23.8,4.7,74.3,43.4,167.3,48.6,20.3,234.1,129.9,130.1,28.6,
,147.8,23.8,4.7,74.3,43.4,167.3,48.6,20.3,234.1,129.9,130.1,28.6,
,147.8,23.8,4.7,74.3,43.4,167.3,48.6,20.3,234.1,129.9,130.1,28.6,
,147.8,23.8,4.7,74.3,43.4,167.3,48.6,20.3,234.1,129.9,130.1,28.6,
,193.6,22.4,130.3,143.7,61.0,85.8,95.6,122.5,145.3,72.9,101.3,43.9,1218.3
,193.6,22.4,130.3,143.7,61.0,85.8,95.6,122.5,145.3,72.9,101.3,43.9,
,193.6,22.4,130.3,143.7,61.0,85.8,95.6,122.5,145.3,72.9,101.3,43.9,
,193.6,22.4,130.3,143.7,61.0,85.8,95.6,122.5,145.3,72.9,101.3,43.9,
,193.6,22.4,130.3,143.7,61.0,85.8,95.6,122.5,145.3,72.9,101.3,43.9,
,193.6,22.4,130.3,143.7,61.0,85.8,95.6,122.5,145.3,72.9,101.3,43.9,
,193.6,22.4,130.3,143.7,61.0,85.8,95.6,122.5,145.3,72.9,101.3,43.9,
,193.6,22.4,130.3,143.7,61.0,85.8,95.6,122.5,145.3,72.9,101.3,43.9,
,193.6,22.4,130.3,143.7,61.0,85.8,95.6,122.5,145.3,72.9,101.3,43.9,
,193.6,22.4,130.3,143.7,61.0,85.8,95.6,122.5,145.3,72.9,101.3,43.9,
,193.6,22.4,130.3,143.7,61.0,85.8,95.6,122.5,145.3,72.9,101.3,43.9,
,193.6,22.4,130.3,143.7,61.0,85.8,95.6,122.5,145.3,72.9,101.3,43.9,
,63.3,163.9,106.9,194.2,53.3,110.3,46.6,20.4,231.0,244.6,219.1,152.4,1606.0
,63.3,163.9,106.9,194.2,53.3,110.3,46.6,20.4,231.0,244.6,219.1,152.4,
,63.3,163.9,106.9,194.2,53.3,110.3,46.6,20.4,231.0,244.6,219.1,152.4,
,63.3,163.9,106.9,194.2,53.3,110.3,46.6,20.4,231.0,244.6,219.1,152.4,
,63.3,163.9,106.9,194.2,53.3,110.3,46.6,20.4,231.0,244.6,219.1,152.4,
,63.3,163.9,106.9,194.2,53.3,110.3,46.6,20.4,231.0,244.6,219.1,152.4,
,63.3,163.9,106.9,194.2,53.3,110.3,46.6,20.4,231.0,244.6,219.1,152.4,
,63.3,163.9,106.9,194.2,53.3,110.3,46.6,20.4,231.0,244.6,219.1,152.4,
,63.3,163.9,106.9,194.2,53.3,110.3,46.6,20.4,231.0,244.6,219.1,152.4,
,63.3,163.9,106.9,194.2,53.3,110.3,46.6,20.4,231.0,244.6,219.1,152.4,
,63.3,163.9,106.9,194.2,53.3,110.3,46.6,20.4,231.0,244.6,219.1,152.4,
,63.3,163.9,106.9,194.2,53.3,110.3,46.6,20.4,231.0,244.6,219.1,152.4,
,54.9,81.3,61.1,208.7,31.9,103.4,179.9,113.1,59.0,88.3,66.4,124.8,1172.8
,54.9,81.3,61.1,208.7,31.9,103.4,179.9,113.1,59.0,88.3,66.4,124.8,
,54.9,81.3,61.1,208.7,31.9,103.4,179.9,113.1,59.0,88.3,66.4,124.8,
,54.9,81.3,61.1,208.7,31.9,103.4,179.9,113.1,59.0,88.3,66.4,124.8,
,54.9,81.3,61.1,208.7,31.9,103.4,179.9,113.1,59.0,88.3,66.4,124.8,
,54.9,81.3,61.1,208.7,31.9,103.4,179.9,113.1,59.0,88.3,66.4,124.8,
,54.9,81.3,61.1,208.7,31.9,103.4,179.9,113.1,59.0,88.3,66.4,124.8,
,54.9,81.3,61.1,208.7,31.9,103.4,179.9,113.1,59.0,88.3,66.4,124.8,
,54.9,81.3,61.1,208.7,31.9,103.4,179.9,113.1,59.0,88.3,66.4,124.8,
,54.9,81.3,61.1,208.7,31.9,103.4,179.9,113.1,59.0,88.3,66.4,124.8,
,54.9,81.3,61.1,208.7,31.9,103.4,179.9,113.1,59.0,88.3,66.4,124.8,
,54.9,81.3,61.1,208.7,31.9,103.4,179.9,113.1,59.0,88.3,66.4,124.8,
,165.7,85.6,197.2,165.5,79.5,118.4,227.1,66.3,199.0,93.4,51.4,65.6,1514.7
,165.7,85.6,197.2,165.5,79.5,118.4,227.1,66.3,199.0,93.4,51.4,65.6,
,165.7,85.6,197.2,165.5,79.5,118.4,227.1,66.3,199.0,93.4,51.4,65.6,
,165.7,85.6,197.2,165.5,79.5,118.4,227.1,66.3,199.0,93.4,51.4,65.6,
,165.7,85.6,197.2,165.5,79.5,118.4,227.1,66.3,199.0,93.4,51.4,65.6,
,165.7,85.6,197.2,165.5,79.5,118.4,227.1,66.3,199.0,93.4,51.4,65.6,
,165.7,85.6,197.2,165.5,79.5,118.4,227.1,66.3,199.0,93.4,51.4,65.6,
,165.7,85.6,197.2,165.5,79.5,118.4,227.1,66.3,199.0,93.4,51.4,65.6,
,165.7,85.6,197.2,165.5,79.5,118.4,227.1,66.3,199.0,93.4,51.4,65.6,
,165.7,85.6,197.2,165.5,79.5,118.4,227.1,66.3,199.0,93.4,51.4,65.6,
,165.7,85.6,197.2,165.5,79.5,118.4,227.1,66.3,199.0,93.4,51.4,65.6,
,165.7,85.6,197.2,165.5,79.5,118.4,227.1,66.3,199.0,93.4,51.4,65.6,
,165.7,105.4,71.1,34.3,184.9,102.3,196.9,36.5,70.8,147.5,174.6,197.5,1487.5
,165.7,105.4,71.1,34.3,184.9,102.3,196.9,36.5,70.8,147.5,174.6,197.5,
,165.7,105.4,71.1,34.3,184.9,102.3,196.9,36.5,70.8,147.5,174.6,197.5,
,165.7,105.4,71.1,34.3,184.9,102.3,196.9,36.5,70.8,147.5,174.6,197.5,
,165.7,105.4,71.1,34.3,184.9,102.3,196.9,36.5,70.8,147.5,174.6,197.5,
,165.7,105.4,71.1,34.3,184.9,102.3,196.9,36.5,70.8,147.5,174.6,197.5,
,165.7,105.4,71.1,34.3,184.9,102.3,196.9,36.5,70.8,147.5,174.6,197.5,
,165.7,105.4,71.1,34.3,184.9,102.3,196.9,36.5,70.8,147.5,174.6,197.5,
,165.7,105.4,71.1,34.3,184.9,102.3,196.9,36.5,70.8,147.5,174.6,197.5,
,165.7,105.4,71.1,34.3,184.9,102.3,196.9,36.5,70.8,147.5,174.6,197.5,
,165.7,105.4,71.1,34.3,184.9,102.3,196.9,36.5,70.8,147.5,174.6,197.5,
,165.7,105.4,71.1,34.3,184.9,102.3,196.9,36.5,70.8,147.5,174.6,197.5,
,73.2,249.5,139.2,155.6,139.6,131.6,180.2,147.6,36.3,228.0,77.3,103.1,1661.2
,73.2,249.5,139.2,155.6,139.6,131.6,180.2,147.6,36.3,228.0,77.3,103.1,
,73.2,249.5,139.2,155.6,139.6,131.6,180.2,147.6,36.3,228.0,77.3,103.1,
,73.2,249.5,139.2,155.6,139.6,131.6,180.2,147.6,36.3,228.0,77.3,103.1,
,73.2,249.5,139.2,155.6,139.6,131.6,180.2,147.6,36.3,228.0,77.3,103.1,
,73.2,249.5,139.2,155.6,139.6,131.6,180.2,147.6,36.3,228.0,77.3,103.1,
,73.2,249.5,139.2,155.6,139.6,131.6,180.2,147.6,36.3,228.0,77.3,103.1,
,73.2,249.5,139.2,155.6,139.6,131.6,180.2,147.6,36.3,228.0,77.3,103.1,
,73.2,249.5,139.2,155.6,139.6,131.6,180.2,147.6,36.3,228.0,77.3,103.1,
,73.2,249.5,139.2,155.6,139.6,131.6,180.2,147.6,36.3,228.0,77.3,103.1,
,73.2,249.5,139.2,155.6,139.6,131.6,180.2,147.6,36.3,228.0,77.3,103.1,
,73.2,249.5,139.2,155.6,139.6,131.6,180.2,147.6,36.3,228.0,77.3,103.1,
,87.1,85.5,58.9,84.2,63.5,181.1,249.0,151.5,184.4,85.9,54.0,136.2,1421.3
,87.1,85.5,58.9,84.2,63.5,181.1,249.0,151.5,184.4,85.9,54.0,136.2,
,87.1,85.5,58.9,84.2,63.5,181.1,249.0,151.5,184.4,85.9,54.0,136.2,
,87.1,85.5,58.9,84.2,63.5,181.1,249.0,151.5,184.4,85.9,54.0,136.2,
,87.1,85.5,58.9,84.2,63.5,181.1,249.0,151.5,184.4,85.9,54.0,136.2,
,87.1,85.5,58.9,84.2,63.5,181.1,249.0,151.5,184.4,85.9,54.0,136.2,
,87.1,85.5,58.9,84.2,63.5,181.1,249.0,151.5,184.4,85.9,54.0,136.2,
,87.1,85.5,58.9,84.2,63.5,181.1,249.0,151.5,184.4,85.9,54.0,136.2,
,87.1,85.5,58.9,84.2,63.5,181.1,249.0,151.5,184.4,85.9,54.0,136.2,
,87.1,85.5,58.9,84.2,63.5,181.1,249.0,151.5,184.4,85.9,54.0,136.2,
,87.1,85.5,58.9,84.2,63.5,181.1,249.0,151.5,184.4,85.9,54.0,136.2,
,87.1,85.5,58.9,84.2,63.5,181.1,249.0,151.5,184.4,85.9,54.0,136.2,
,176.6,85.4,87.8,73.7,10.2,156.0,24.4,156.4,135.1,185.4,91.4,110.2,1292.6
,176.6,85.4,87.8,73.7,10.2,156.0,24.4,156.4,135.1,185.4,91.4,110.2,
,176.6,85.4,87.8,73.7,10.2,156.0,24.4,156.4,135.1,185.4,91.4,110.2,
,176.6,85.4,87.8,73.7,10.2,156.0,24.4,156.4,135.1,185.4,91.4,110.2,
,176.6,85.4,87.8,73.7,10.2,156.0,24.4,156.4,135.1,185.4,91.4,110.2,
,176.6,85.4,87.8,73.7,10.2,156.0,24.4,156.4,135.1,185.4,91.4,110.2,
,176.6,85.4,87.8,73.7,10.2,156.0,24.4,156.4,135.1,185.4,91.4,110.2,
,176.6,85.4,87.8,73.7,10.2,156.0,24.4,156.4,135.1,185.4,91.4,110.2,
,176.6,85.4,87.8,73.7,10.2,156.0,24.4,156.4,135.1,185.4,91.4,110.2,
,176.6,85.4,87.8,73.7,10.2,156.0,24.4,156.4,135.1,185.4,91.4,110.2,
,176.6,85.4,87.8,73.7,10.2,156.0,24.4,156.4,135.1,185.4,91.4,110.2,
,176.6,85.4,87.8,73.7,10.2,156.0,24.4,156.4,135.1,185.4,91.4,110.2,
,101.5,124.3,47.4,63.2,62.4,171.3,103.3,185.0,52.2,265.8,117.3,195.1,1488.8
,101.5,124.3,47.4,63.2,62.4,171.3,103.3,185.0,52.2,265.8,117.3,195.1,
,101.5,124.3,47.4,63.2,62.4,171.3,103.3,185.0,52.2,265.8,117.3,195.1,
,101.5,124.3,47.4,63.2,62.4,171.3,103.3,185.0,52.2,265.8,117.3,195.1,
,101.5,124.3,47.4,63.2,62.4,171.3,103.3,185.0,52.2,265.8,117.3,195.1,
,101.5,124.3,47.4,63.2,62.4,171.3,103.3,185.0,52.2,265.8,117.3,195.1,
,101.5,124.3,47.4,63.2,62.4,171.3,103.3,185.0,52.2,265.8,117.3,195.1,
,101.5,124.3,47.4,63.2,62.4,171.3,103.3,185.0,52.2,265.8,117.3,195.1,
,101.5,124.3,47.4,63.2,62.4,171.3,103.3,185.0,52.2,265.8,117.3,195.1,
,101.5,124.3,47.4,63.2,62.4,171.3,103.3,185.0,52.2,265.8,117.3,195.1,
,101.5,124.3,47.4,63.2,62.4,171.3,103.3,185.0,52.2,265.8,117.3,195.1,
,101.5,124.3,47.4,63.2,62.4,171.3,103.3,185.0,52.2,265.8,117.3,195.1,
,133.3,127.3,146.3,99.8,152.7,48.2,235.3,144.6,134.9,44.0,46.0,134.3,1446.7
,133.3,127.3,146.3,99.8,152.7,48.2,235.3,144.6,134.9,44.0,46.0,134.3,
,133.3,127.3,146.3,99.8,152.7,48.2,235.3,144.6,134.9,44.0,46.0,134.3,
,133.3,127.3,146.3,99.8,152.7,48.2,235.3,144.6,134.9,44.0,46.0,134.3,
,133.3,127.3,146.3,99.8,152.7,48.2,235.3,144.6,134.9,44.0,46.0,134.3,
,133.3,127.3,146.3,99.8,152.7,48.2,235.3,144.6,134.9,44.0,46.0,134.3,
,133.3,127.3,146.3,99.8,152.7,48.2,235.3,144.6,134.9,44.0,46.0,134.3,
,133.3,127.3,146.3,99.8,152.7,48.2,235.3,144.6,134.9,44.0,46.0,134.3,
,133.3,127.3,146.3,99.8,152.7,48.2,235.3,144.6,134.9,44.0,46.0,134.3,
,133.3,127.3,146.3,99.8,152.7,48.2,235.3,144.6,134.9,44.0,46.0,134.3,
,133.3,127.3,146.3,99.8,152.7,48.2,235.3,144.6,134.9,44.0,46.0,134.3,
,133.3,127.3,146.3,99.8,152.7,48.2,235.3,144.6,134.9,44.0,46.0,134.3,
,99.1,80.2,52.1,162.2,109.5,150.8,168.0,69.3,107.3,113.1,107.7,64.6,1283.9
,99.1,80.2,52.1,162.2,109.5,150.8,168.0,69.3,107.3,113.1,107.7,64.6,
,99.1,80.2,52.1,162.2,109.5,150.8,168.0,69.3,107.3,113.1,107.7,64.6,
,99.1,80.2,52.1,162.2,109.5,150.8,168.0,69.3,107.3,113.1,107.7,64.6,
,99.1,80.2,52.1,162.2,109.5,150.8,168.0,69.3,107.3,113.1,107.7,64.6,
,99.1,80.2,52.1,162.2,109.5,150.8,168.0,69.3,107.3,113.1,107.7,64.6,
,99.1,80.2,52.1,162.2,109.5,150.8,168.0,69.3,107.3,113.1,107.7,64.6,
,99.1,80.2,52.1,162.2,109.5,150.8,168.0,69.3,107.3,113.1,107.7,64.6,
,99.1,80.2,52.1,162.2,109.5,150.8,168.0,69.3,107.3,113.1,107.7,64.6,
,99.1,80.2,52.1,162.2,109.5,150.8,168.0,69.3,107.3,113.1,107.7,64.6,
,99.1,80.2,52.1,162.2,109.5,150.8,168.0,69.3,107.3,113.1,107.7,64.6,
,99.1,80.2,52.1,162.2,109.5,150.8,168.0,69.3,107.3,113.1,107.7,64.6,
,41.1,107.0,107.9,140.5,129.3,230.0,122.0,93.7,240.1,140.8,140.7,71.4,1564.5
,41.1,107.0,107.9,140.5,129.3,230.0,122.0,93.7,240.1,140.8,140.7,71.4,
,41.1,107.0,107.9,140.5,129.3,230.0,122.0,93.7,240.1,140.8,140.7,71.4,
,41.1,107.0,107.9,140.5,129.3,230.0,122.0,93.7,240.1,140.8,140.7,71.4,
,41.1,107.0,107.9,140.5,129.3,230.0,122.0,93.7,240.1,140.8,140.7,71.4,
,41.1,107.0,107.9,140.5,129.3,230.0,122.0,93.7,240.1,140.8,140.7,71.4,
,41.1,107.0,107.9,140.5,129.3,230.0,122.0,93.7,240.1,140.8,140.7,71.4,
,41.1,107.0,107.9,140.5,129.3,230.0,122.0,93.7,240.1,140.8,140.7,71.4,
,41.1,107.0,107.9,140.5,129.3,230.0,122.0,93.7,240.1,140.8,140.7,71.4,
,41.1,107.0,107.9,140.5,129.3,230.0,122.0,93.7,240.1,140.8,140.7,71.4,
,41.1,107.0,107.9,140.5,129.3,230.0,122.0,93.7,240.1,140.8,140.7,71.4,
,41.1,107.0,107.9,140.5,129.3,230.0,122.0,93.7,240.1,140.8,140.7,71.4,
,236.7,100.7,121.5,294.1,43.8,97.2,193.9,31.0,158.2,142.5,180.7,74.8,1675.1
,236.7,100.7,121.5,294.1,43.8,97.2,193.9,31.0,158.2,142.5,180.7,74.8,
,236.7,100.7,121.5,294.1,43.8,97.2,193.9,31.0,158.2,142.5,180.7,74.8,
,236.7,100.7,121.5,294.1,43.8,97.2,193.9,31.0,158.2,142.5,180.7,74.8,
,236.7,100.7,121.5,294.1,43.8,97.2,193.9,31.0,158.2,142.5,180.7,74.8,
,236.7,100.7,121.5,294.1,43.8,97.2,193.9,31.0,158.2,142.5,180.7,74.8,
,236.7,100.7,121.5,294.1,43.8,97.2,193.9,31.0,158.2,142.5,180.7,74.8,
,236.7,100.7,121.5,294.1,43.8,97.2,193.9,31.0,158.2,142.5,180.7,74.8,
,236.7,100.7,121.5,294.1,43.8,97.2,193.9,31.0,158.2,142.5,180.7,74.8,
,236.7,100.7,121.5,294.1,43.8,97.2,193.9,31.0,158.2,142.5,180.7,74.8,
,236.7,100.7,121.5,294.1,43.8,97.2,193.9,31.0,158.2,142.5,180.7,74.8,
,236.7,100.7,121.5,294.1,43.8,97.2,193.9,31.0,158.2,142.5,180.7,74.8,
,70.2,81.5,150.6,138.6,150.4,178.4,185.9,152.7,167.7,176.0,116.7,136.4,1705.1
,70.2,81.5,150.6,138.6,150.4,178.4,185.9,152.7,167.7,176.0,116.7,136.4,
,70.2,81.5,150.6,138.6,150.4,178.4,185.9,152.7,167.7,176.0,116.7,136.4,
,70.2,81.5,150.6,138.6,150.4,178.4,185.9,152.7,167.7,176.0,116.7,136.4,
,70.2,81.5,150.6,138.6,150.4,178.4,185.9,152.7,167.7,176.0,116.7,136.4,
,70.2,81.5,150.6,138.6,150.4,178.4,185.9,152.7,167.7,176.0,116.7,136.4,
,70.2,81.5,150.6,138.6,150.4,178.4,185.9,152.7,167.7,176.0,116.7,136.4,
,70.2,81.5,150.6,138.6,150.4,178.4,185.9,152.7,167.7,176.0,116.7,136.4,
,70.2,81.5,150.6,138.6,150.4,178.4,185.9,152.7,167.7,176.0,116.7,136.4,
,70.2,81.5,150.6,138.6,150.4,178.4,185.9,152.7,167.7,176.0,116.7,136.4,
,70.2,81.5,150.6,138.6,150.4,178.4,185.9,152.7,167.7,176.0,116.7,136.4,
,70.2,81.5,150.6,138.6,150.4,178.4,185.9,152.7,167.7,176.0,116.7,136.4,
,129.7,197.6,107.1,88.6,45.7,164.3,157.6,56.5,54.9,190.2,137.1,184.6,1513.9
,129.7,197.6,107.1,88.6,45.7,164.3,157.6,56.5,54.9,190.2,137.1,184.6,
,129.7,197.6,107.1,88.6,45.7,164.3,157.6,56.5,54.9,190.2,137.1,184.6,
,129.7,197.6,107.1,88.6,45.7,164.3,157.6,56.5,54.9,190.2,137.1,184.6,
,129.7,197.6,107.1,88.6,45.7,164.3,157.6,56.5,54.9,190.2,137.1,184.6,
,129.7,197.6,107.1,88.6,45.7,164.3,157.6,56.5,54.9,190.2,137.1,184.6,
,129.7,197.6,107.1,88.6,45.7,164.3,157.6,56.5,54.9,190.2,137.1,184.6,
,129.7,197.6,107.1,88.6,45.7,164.3,157.6,56.5,54.9,190.2,137.1,184.6,
,129.7,197.6,107.1,88.6,45.7,164.3,157.6,56.5,54.9,190.2,137.1,184.6,
,129.7,197.6,107.1,88.6,45.7,164.3,157.6,56.5,54.9,190.2,137.1,184.6,
,129.7,197.6,107.1,88.6,45.7,164.3,157.6,56.5,54.9,190.2,137.1,184.6,
,129.7,197.6,107.1,88.6,45.7,164.3,157.6,56.5,54.9,190.2,137.1,184.6,
,57.8,86.0,23.6,63.9,185.5,102.1,140.6,71.1,192.4,74.9,116.4,32.6,1146.9
,57.8,86.0,23.6,63.9,185.5,102.1,140.6,71.1,192.4,74.9,116.4,32.6,
,57.8,86.0,23.6,63.9,185.5,102.1,140.6,71.1,192.4,74.9,116.4,32.6,
,57.8,86.0,23.6,63.9,185.5,102.1,140.6,71.1,192.4,74.9,116.4,32.6,
,57.8,86.0,23.6,63.9,185.5,102.1,140.6,71.1,192.4,74.9,116.4,32.6,
,57.8,86.0,23.6,63.9,185.5,102.1,140.6,71.1,192.4,74.9,116.4,32.6,
,57.8,86.0,23.6,63.9,185.5,102.1,140.6,71.1,192.4,74.9,116.4,32.6,
,57.8,86.0,23.6,63.9,185.5,102.1,140.6,71.1,192.4,74.9,116.4,32.6,
,57.8,86.0,23.6,63.9,185.5,102.1,140.6,71.1,192.4,74.9,116.4,32.6,
,57.8,86.0,23.6,63.9,185.5,102.1,140.6,71.1,192.4,74.9,116.4,32.6,
,57.8,86.0,23.6,63.9,185.5,102.1,140.6,71.1,192.4,74.9,116.4,32.6,
,57.8,86.0,23.6,63.9,185.5,102.1,140.6,71.1,192.4,74.9,116.4,32.6,
,28.0,40.3,139.2,144.1,152.2,33.6,57.7,154.4,162.6,270.2,78.7,55.1,1316.1
,28.0,40.3,139.2,144.1,152.2,33.6,57.7,154.4,162.6,270.2,78.7,55.1,
,28.0,40.3,139.2,144.1,152.2,33.6,57.7,154.4,162.6,270.2,78.7,55.1,
,28.0,40.3,139.2,144.1,152.2,33.6,57.7,154.4,162.6,270.2,78.7,55.1,
,28.0,40.3,139.2,144.1,152.2,33.6,57.7,154.4,162.6,270.2,78.7,55.1,
,28.0,40.3,139.2,144.1,152.2,33.6,57.7,154.4,162.6,270.2,78.7,55.1,
,28.0,40.3,139.2,144.1,152.2,33.6,57.7,154.4,162.6,270.2,78.7,55.1,
,28.0,40.3,139.2,144.1,152.2,33.6,57.7,154.4,162.6,270.2,78.7,55.1,
,28.0,40.3,139.2,144.1,152.2,33.6,57.7,154.4,162.6,270.2,78.7,55.1,
,28.0,40.3,139.2,144.1,152.2,33.6,57.7,154.4,162.6,270.2,78.7,55.1,
,28.0,40.3,139.2,144.1,152.2,33.6,57.7,154.4,162.6,270.2,78.7,55.1,
,28.0,40.3,139.2,144.1,152.2,33.6,57.7,154.4,162.6,270.2,78.7,55.1,
,174.0,86.1,80.9,16.5,170.6,65.0,66.1,84.1,99.1,37.9,117.3,135.7,1133.3
,174.0,86.1,80.9,16.5,170.6,65.0,66.1,84.1,99.1,37.9,117.3,135.7,
,174.0,86.1,80.9,16.5,170.6,65.0,66.1,84.1,99.1,37.9,117.3,135.7,
,174.0,86.1,80.9,16.5,170.6,65.0,66.1,84.1,99.1,37.9,117.3,135.7,
,174.0,86.1,80.9,16.5,170.6,65.0,66.1,84.1,99.1,37.9,117.3,135.7,
,174.0,86.1,80.9,16.5,170.6,65.0,66.1,84.1,99.1,37.9,117.3,135.7,
,174.0,86.1,80.9,16.5,170.6,65.0,66.1,84.1,99.1,37.9,117.3,135.7,
,174.0,86.1,80.9,16.5,170.6,65.0,66.1,84.1,99.1,37.9,117.3,135.7,
,174.0,86.1,80.9,16.5,170.6,65.0,66.1,84.1,99.1,37.9,117.3,135.7,
,174.0,86.1,80.9,16.5,170.6,65.0,66.1,84.1,99.1,37.9,117.3,135.7,
,174.0,86.1,80.9,16.5,170.6,65.0,66.1,84.1,99.1,37.9,117.3,135.7,
,174.0,86.1,80.9,16.5,170.6,65.0,66.1,84.1,99.1,37.9,117.3,135.7,
,87.9,166.1,107.7,38.0,133.7,233.2,178.2,147.1,174.3,68.6,131.8,86.7,1553.3
,87.9,166.1,107.7,38.0,133.7,233.2,178.2,147.1,174.3,68.6,131.8,86.7,
,87.9,166.1,107.7,38.0,133.7,233.2,178.2,147.1,174.3,68.6,131.8,86.7,
,87.9,166.1,107.7,38.0,133.7,233.2,178.2,147.1,174.3,68.6,131.8,86.7,
,87.9,166.1,107.7,38.0,133.7,233.2,178.2,147.1,174.3,68.6,131.8,86.7,
,87.9,166.1,107.7,38.0,133.7,233.2,178.2,147.1,174.3,68.6,131.8,86.7,
,87.9,166.1,107.7,38.0,133.7,233.2,178.2,147.1,174.3,68.6,131.8,86.7,
,87.9,166.1,107.7,38.0,133.7,233.2,178.2,147.1,174.3,68.6,131.8,86.7,
,87.9,166.1,107.7,38.0,133.7,233.2,178.2,147.1,174.3,68.6,131.8,86.7,
,87.9,166.1,107.7,38.0,133.7,233.2,178.2,147.1,174.3,68.6,131.8,86.7,
,87.9,166.1,107.7,38.0,133.7,233.2,178.2,147.1,174.3,68.6,131.8,86.7,
,87.9,166.1,107.7,38.0,133.7,233.2,178.2,147.1,174.3,68.6,131.8,86.7,
,105.0,71.6,73.7,121.6,220.3,123.3,137.8,121.1,156.3,217.8,19.3,119.7,1487.5
,105.0,71.6,73.7,121.6,220.3,123.3,137.8,121.1,156.3,217.8,19.3,119.7,
,105.0,71.6,73.7,121.6,220.3,123.3,137.8,121.1,156.3,217.8,19.3,119.7,
,105.0,71.6,73.7,121.6,220.3,123.3,137.8,121.1,156.3,217.8,19.3,119.7,
,105.0,71.6,73.7,121.6,220.3,123.3,137.8,121.1,156.3,217.8,19.3,119.7,
,105.0,71.6,73.7,121.6,220.3,123.3,137.8,121.1,156.3,217.8,19.3,119.7,
,105.0,71.6,73.7,121.6,220.3,123.3,137.8,121.1,156.3,217.8,19.3,119.7,
,105.0,71.6,73.7,121.6,220.3,123.3,137.8,121.1,156.3,217.8,19.3,119.7,
,105.0,71.6,73.7,121.6,220.3,123.3,137.8,121.1,156.3,217.8,19.3,119.7,
,105.0,71.6,73.7,121.6,220.3,123.3,137.8,121.1,156.3,217.8,19.3,119.7,
,105.0,71.6,73.7,121.6,220.3,123.3,137.8,121.1,156.3,217.8,19.3,119.7,
,105.0,71.6,73.7,121.6,220.3,123.3,137.8,121.1,156.3,217.8,19.3,119.7,
,168.6,110.9,70.4,30.7,105.5,55.7,56.9,263.3,293.5,123.5,286.0,142.9,1707.9
,168.6,110.9,70.4,30.7,105.5,55.7,56.9,263.3,293.5,123.5,286.0,142.9,
,168.6,110.9,70.4,30.7,105.5,55.7,56.9,263.3,293.5,123.5,286.0,142.9,
,168.6,110.9,70.4,30.7,105.5,55.7,56.9,263.3,293.5,123.5,286.0,142.9,
,168.6,110.9,70.4,30.7,105.5,55.7,56.9,263.3,293.5,123.5,286.0,142.9,
,168.6,110.9,70.4,30.7,105.5,55.7,56.9,263.3,293.5,123.5,286.0,142.9,
,168.6,110.9,70.4,30.7,105.5,55.7,56.9,263.3,293.5,123.5,286.0,142.9,
,168.6,110.9,70.4,30.7,105.5,55.7,56.9,263.3,293.5,123.5,286.0,142.9,
,168.6,110.9,70.4,30.7,105.5,55.7,56.9,263.3,293.5,123.5,286.0,142.9,
,168.6,110.9,70.4,30.7,105.5,55.7,56.9,263.3,293.5,123.5,286.0,142.9,
,168.6,110.9,70.4,30.7,105.5,55.7,56.9,263.3,293.5,123.5,286.0,142.9,
,168.6,110.9,70.4,30.7,105.5,55.7,56.9,263.3,293.5,123.5,286.0,142.9,
,173.0,109.9,101.8,69.1,116.7,203.9,169.3,94.4,180.3,55.6,71.4,92.1,1437.5
,173.0,109.9,101.8,69.1,116.7,203.9,169.3,94.4,180.3,55.6,71.4,92.1,
,173.0,109.9,101.8,69.1,116.7,203.9,169.3,94.4,180.3,55.6,71.4,92.1,
,173.0,109.9,101.8,69.1,116.7,203.9,169.3,94.4,180.3,55.6,71.4,92.1,
,173.0,109.9,101.8,69.1,116.7,203.9,169.3,94.4,180.3,55.6,71.4,92.1,
,173.0,109.9,101.8,69.1,116.7,203.9,169.3,94.4,180.3,55.6,71.4,92.1,
,173.0,109.9,101.8,69.1,116.7,203.9,169.3,94.4,180.3,55.6,71.4,92.1,
,173.0,109.9,101.8,69.1,116.7,203.9,169.3,94.4,180.3,55.6,71.4,92.1,
,173.0,109.9,101.8,69.1,116.7,203.9,169.3,94.4,180.3,55.6,71.4,92.1,
,173.0,109.9,101.8,69.1,116.7,203.9,169.3,94.4,180.3,55.6,71.4,92.1,
,173.0,109.9,101.8,69.1,116.7,203.9,169.3,94.4,180.3,55.6,71.4,92.1,
,173.0,109.9,101.8,69.1,116.7,203.9,169.3,94.4,180.3,55.6,71.4,92.1,
,135.3,118.8,81.7,171.5,48.3,109.0,225.1,180.5,51.5,122.1,13.7,50.5,1308.0
,135.3,118.8,81.7,171.5,48.3,109.0,225.1,180.5,51.5,122.1,13.7,50.5,
,135.3,118.8,81.7,171.5,48.3,109.0,225.1,180.5,51.5,122.1,13.7,50.5,
,135.3,118.8,81.7,171.5,48.3,109.0,225.1,180.5,51.5,122.1,13.7,50.5,
,135.3,118.8,81.7,171.5,48.3,109.0,225.1,180.5,51.5,122.1,13.7,50.5,
,135.3,118.8,81.7,171.5,48.3,109.0,225.1,180.5,51.5,122.1,13.7,50.5,
,135.3,118.8,81.7,171.5,48.3,109.0,225.1,180.5,51.5,122.1,13.7,50.5,
,135.3,118.8,81.7,171.5,48.3,109.0,225.1,180.5,51.5,122.1,13.7,50.5,
,135.3,118.8,81.7,171.5,48.3,109.0,225.1,180.5,51.5,122.1,13.7,50.5,
,135.3,118.8,81.7,171.5,48.3,109.0,225.1,180.5,51.5,122.1,13.7,50.5,
,135.3,118.8,81.7,171.5,48.3,109.0,225.1,180.5,51.5,122.1,13.7,50.5,
,135.3,118.8,81.7,171.5,48.3,109.0,225.1,180.5,51.5,122.1,13.7,50.5,
,164.8,138.6,121.5,76.4,34.8,30.4,144.4,92.4,271.0,120.0,25.9,195.9,1416.1
,164.8,138.6,121.5,76.4,34.8,30.4,144.4,92.4,271.0,120.0,25.9,195.9,
,164.8,138.6,121.5,76.4,34.8,30.4,144.4,92.4,271.0,120.0,25.9,195.9,
,164.8,138.6,121.5,76.4,34.8,30.4,144.4,92.4,271.0,120.0,25.9,195.9,
,164.8,138.6,121.5,76.4,34.8,30.4,144.4,92.4,271.0,120.0,25.9,195.9,
,164.8,138.6,121.5,76.4,34.8,30.4,144.4,92.4,271.0,120.0,25.9,195.9,
,164.8,138.6,121.5,76.4,34.8,30.4,144.4,92.4,271.0,120.0,25.9,195.9,
,164.8,138.6,121.5,76.4,34.8,30.4,144.4,92.4,271.0,120.0,25.9,195.9,
,164.8,138.6,121.5,76.4,34.8,30.4,144.4,92.4,271.0,120.0,25.9,195.9,
,164.8,138.6,121.5,76.4,34.8,30.4,144.4,92.4,271.0,120.0,25.9,195.9,
,164.8,138.6,121.5,76.4,34.8,30.4,144.4,92.4,271.0,120.0,25.9,195.9,
,164.8,138.6,121.5,76.4,34.8,30.4,144.4,92.4,271.0,120.0,25.9,195.9,
,105.3,110.7,76.4,107.7,63.5,99.2,115.5,245.6,133.2,130.9,182.9,76.0,1446.9
,105.3,110.7,76.4,107.7,63.5,99.2,115.5,245.6,133.2,130.9,182.9,76.0,
,105.3,110.7,76.4,107.7,63.5,99.2,115.5,245.6,133.2,130.9,182.9,76.0,
,105.3,110.7,76.4,107.7,63.5,99.2,115.5,245.6,133.2,130.9,182.9,76.0,
,105.3,110.7,76.4,107.7,63.5,99.2,115.5,245.6,133.2,130.9,182.9,76.0,
,105.3,110.7,76.4,107.7,63.5,99.2,115.5,245.6,133.2,130.9,182.9,76.0,
,105.3,110.7,76.4,107.7,63.5,99.2,115.5,245.6,133.2,130.9,182.9,76.0,
,105.3,110.7,76.4,107.7,63.5,99.2,115.5,245.6,133.2,130.9,182.9,76.0,
,105.3,110.7,76.4,107.7,63.5,99.2,115.5,245.6,133.2,130.9,182.9,76.0,
,105.3,110.7,76.4,107.7,63.5,99.2,115.5,245.6,133.2,130.9,182.9,76.0,
,105.3,110.7,76.4,107.7,63.5,99.2,115.5,245.6,133.2,130.9,182.9,76.0,
,105.3,110.7,76.4,107.7,63.5,99.2,115.5,245.6,133.2,130.9,182.9,76.0,
,75.8,146.9,125.6,82.5,69.3,226.8,252.4,127.4,152.2,185.0,100.9,171.7,1716.5
,75.8,146.9,125.6,82.5,69.3,226.8,252.4,127.4,152.2,185.0,100.9,171.7,
,75.8,146.9,125.6,82.5,69.3,226.8,252.4,127.4,152.2,185.0,100.9,171.7,
,75.8,146.9,125.6,82.5,69.3,226.8,252.4,127.4,152.2,185.0,100.9,171.7,
,75.8,146.9,125.6,82.5,69.3,226.8,252.4,127.4,152.2,185.0,100.9,171.7,
,75.8,146.9,125.6,82.5,69.3,226.8,252.4,127.4,152.2,185.0,100.9,171.7,
,75.8,146.9,125.6,82.5,69.3,226.8,252.4,127.4,152.2,185.0,100.9,171.7,
,75.8,146.9,125.6,82.5,69.3,226.8,252.4,127.4,152.2,185.0,100.9,171.7,
,75.8,146.9,125.6,82.5,69.3,226.8,252.4,127.4,152.2,185.0,100.9,171.7,
,75.8,146.9,125.6,82.5,69.3,226.8,252.4,127.4,152.2,185.0,100.9,171.7,
,75.8,146.9,125.6,82.5,69.3,226.8,252.4,127.4,152.2,185.0,100.9,171.7,
,75.8,146.9,125.6,82.5,69.3,226.8,252.4,127.4,152.2,185.0,100.9,171.7,
,160.2,91.9,51.6,70.9,134.7,168.7,306.9,108.0,182.8,306.1,123.1,94.5,1799.4
,160.2,91.9,51.6,70.9,134.7,168.7,306.9,108.0,182.8,306.1,123.1,94.5,
,160.2,91.9,51.6,70.9,134.7,168.7,306.9,108.0,182.8,306.1,123.1,94.5,
,160.2,91.9,51.6,70.9,134.7,168.7,306.9,108.0,182.8,306.1,123.1,94.5,
,160.2,91.9,51.6,70.9,134.7,168.7,306.9,108.0,182.8,306.1,123.1,94.5,
,160.2,91.9,51.6,70.9,134.7,168.7,306.9,108.0,182.8,306.1,123.1,94.5,
,160.2,91.9,51.6,70.9,134.7,168.7,306.9,108.0,182.8,306.1,123.1,94.5,
,160.2,91.9,51.6,70.9,134.7,168.7,306.9,108.0,182.8,306.1,123.1,94.5,
,160.2,91.9,51.6,70.9,134.7,168.7,306.9,108.0,182.8,306.1,123.1,94.5,
,160.2,91.9,51.6,70.9,134.7,168.7,306.9,108.0,182.8,306.1,123.1,94.5,
,160.2,91.9,51.6,70.9,134.7,168.7,306.9,108.0,182.8,306.1,123.1,94.5,
,160.2,91.9,51.6,70.9,134.7,168.7,306.9,108.0,182.8,306.1,123.1,94.5,
,108.2,138.3,302.1,215.9,68.8,5.7,149.2,97.2,89.3,191.4,102.4,127.7,1596.2
,108.2,138.3,302.1,215.9,68.8,5.7,149.2,97.2,89.3,191.4,102.4,127.7,
,108.2,138.3,302.1,215.9,68.8,5.7,149.2,97.2,89.3,191.4,102.4,127.7,
,108.2,138.3,302.1,215.9,68.8,5.7,149.2,97.2,89.3,191.4,102.4,127.7,
,108.2,138.3,302.1,215.9,68.8,5.7,149.2,97.2,89.3,191.4,102.4,127.7,
,108.2,138.3,302.1,215.9,68.8,5.7,149.2,97.2,89.3,191.4,102.4,127.7,
,108.2,138.3,302.1,215.9,68.8,5.7,149.2,97.2,89.3,191.4,102.4,127.7,
,108.2,138.3,302.1,215.9,68.8,5.7,149.2,97.2,89.3,191.4,102.4,127.7,
,108.2,138.3,302.1,215.9,68.8,5.7,149.2,97.2,89.3,191.4,102.4,127.7,
,108.2,138.3,302.1,215.9,68.8,5.7,149.2,97.2,89.3,191.4,102.4,127.7,
,108.2,138.3,302.1,215.9,68.8,5.7,149.2,97.2,89.3,191.4,102.4,127.7,
,108.2,138.3,302.1,215.9,68.8,5.7,149.2,97.2,89.3,191.4,102.4,127.7,
,196.3,50.0,165.5,114.9,181.9,196.0,17.3,103.5,163.5,289.7,137.1,152.5,1768.2
,196.3,50.0,165.5,114.9,181.9,196.0,17.3,103.5,163.5,289.7,137.1,152.5,
,196.3,50.0,165.5,114.9,181.9,196.0,17.3,103.5,163.5,289.7,137.1,152.5,
,196.3,50.0,165.5,114.9,181.9,196.0,17.3,103.5,163.5,289.7,137.1,152.5,
,196.3,50.0,165.5,114.9,181.9,196.0,17.3,103.5,163.5,289.7,137.1,152.5,
,196.3,50.0,165.5,114.9,181.9,196.0,17.3,103.5,163.5,289.7,137.1,152.5,
,196.3,50.0,165.5,114.9,181.9,196.0,17.3,103.5,163.5,289.7,137.1,152.5,
,196.3,50.0,165.5,114.9,181.9,196.0,17.3,103.5,163.5,289.7,137.1,152.5,
,196.3,50.0,165.5,114.9,181.9,196.0,17.3,103.5,163.5,289.7,137.1,152.5,
,196.3,50.0,165.5,114.9,181.9,196.0,17.3,103.5,163.5,289.7,137.1,152.5,
,196.3,50.0,165.5,114.9,181.9,196.0,17.3,103.5,163.5,289.7,137.1,152.5,
,196.3,50.0,165.5,114.9,181.9,196.0,17.3,103.5,163.5,289.7,137.1,152.5,
,148.9,118.3,97.3,102.9,87.3,148.5,184.3,122.8,167.8,89.0,125.0,61.4,1453.5
,148.9,118.3,97.3,102.9,87.3,148.5,184.3,122.8,167.8,89.0,125.0,61.4,
,148.9,118.3,97.3,102.9,87.3,148.5,184.3,122.8,167.8,89.0,125.0,61.4,
,148.9,118.3,97.3,102.9,87.3,148.5,184.3,122.8,167.8,89.0,125.0,61.4,
,148.9,118.3,97.3,102.9,87.3,148.5,184.3,122.8,167.8,89.0,125.0,61.4,
,148.9,118.3,97.3,102.9,87.3,148.5,184.3,122.8,167.8,89.0,125.0,61.4,
,148.9,118.3,97.3,102.9,87.3,148.5,184.3,122.8,167.8,89.0,125.0,61.4,
,148.9,118.3,97.3,102.9,87.3,148.5,184.3,122.8,167.8,89.0,125.0,61.4,
,148.9,118.3,97.3,102.9,87.3,148.5,184.3,122.8,167.8,89.0,125.0,61.4,
,148.9,118.3,97.3,102.9,87.3,148.5,184.3,122.8,167.8,89.0,125.0,61.4,
,148.9,118.3,97.3,102.9,87.3,148.5,184.3,122.8,167.8,89.0,125.0,61.4,
,148.9,118.3,97.3,102.9,87.3,148.5,184.3,122.8,167.8,89.0,125.0,61.4,
,99.9,110.9,75.6,240.1,242.4,42.7,156.9,77.0,91.3,278.5,88.9,19.0,1523.2
,99.9,110.9,75.6,240.1,242.4,42.7,156.9,77.0,91.3,278.5,88.9,19.0,
,99.9,110.9,75.6,240.1,242.4,42.7,156.9,77.0,91.3,278.5,88.9,19.0,
,99.9,110.9,75.6,240.1,242.4,42.7,156.9,77.0,91.3,278.5,88.9,19.0,
,99.9,110.9,75.6,240.1,242.4,42.7,156.9,77.0,91.3,278.5,88.9,19.0,
,99.9,110.9,75.6,240.1,242.4,42.7,156.9,77.0,91.3,278.5,88.9,19.0,
,99.9,110.9,75.6,240.1,242.4,42.7,156.9,77.0,91.3,278.5,88.9,19.0,
,99.9,110.9,75.6,240.1,242.4,42.7,156.9,77.0,91.3,278.5,88.9,19.0,
,99.9,110.9,75.6,240.1,242.4,42.7,156.9,77.0,91.3,278.5,88.9,19.0,
,99.9,110.9,75.6,240.1,242.4,42.7,156.9,77.0,91.3,278.5,88.9,19.0,
,99.9,110.9,75.6,240.1,242.4,42.7,156.9,77.0,91.3,278.5,88.9,19.0,
,99.9,110.9,75.6,240.1,242.4,42.7,156.9,77.0,91.3,278.5,88.9,19.0,
,70.4,83.7,22.2,27.9,127.7,200.8,298.0,77.3,223.7,101.7,50.3,123.3,1407.0
,70.4,83.7,22.2,27.9,127.7,200.8,298.0,77.3,223.7,101.7,50.3,123.3,
,70.4,83.7,22.2,27.9,127.7,200.8,298.0,77.3,223.7,101.7,50.3,123.3,
,70.4,83.7,22.2,27.9,127.7,200.8,298.0,77.3,223.7,101.7,50.3,123.3,
,70.4,83.7,22.2,27.9,127.7,200.8,298.0,77.3,223.7,101.7,50.3,123.3,
,70.4,83.7,22.2,27.9,127.7,200.8,298.0,77.3,223.7,101.7,50.3,123.3,
,70.4,83.7,22.2,27.9,127.7,200.8,298.0,77.3,223.7,101.7,50.3,123.3,
,70.4,83.7,22.2,27.9,127.7,200.8,298.0,77.3,223.7,101.7,50.3,123.3,
,70.4,83.7,22.2,27.9,127.7,200.8,298.0,77.3,223.7,101.7,50.3,123.3,
,70.4,83.7,22.2,27.9,127.7,200.8,298.0,77.3,223.7,101.7,50.3,123.3,
,70.4,83.7,22.2,27.9,127.7,200.8,298.0,77.3,223.7,101.7,50.3,123.3,
,70.4,83.7,22.2,27.9,127.7,200.8,298.0,77.3,223.7,101.7,50.3,123.3,
,125.1,29.1,75.5,25.8,166.2,169.4,42.8,138.8,200.2,63.5,86.5,86.0,1208.9
,125.1,29.1,75.5,25.8,166.2,169.4,42.8,138.8,200.2,63.5,86.5,86.0,
,125.1,29.1,75.5,25.8,166.2,169.4,42.8,138.8,200.2,63.5,86.5,86.0,
,125.1,29.1,75.5,25.8,166.2,169.4,42.8,138.8,200.2,63.5,86.5,86.0,
,125.1,29.1,75.5,25.8,166.2,169.4,42.8,138.8,200.2,63.5,86.5,86.0,
,125.1,29.1,75.5,25.8,166.2,169.4,42.8,138.8,200.2,63.5,86.5,86.0,
,125.1,29.1,75.5,25.8,166.2,169.4,42.8,138.8,200.2,63.5,86.5,86.0,
,125.1,29.1,75.5,25.8,166.2,169.4,42.8,138.8,200.2,63.5,86.5,86.0,
,125.1,29.1,75.5,25.8,166.2,169.4,42.8,138.8,200.2,63.5,86.5,86.0,
,125.1,29.1,75.5,25.8,166.2,169.4,42.8,138.8,200.2,63.5,86.5,86.0,
,125.1,29.1,75.5,25.8,166.2,169.4,42.8,138.8,200.2,63.5,86.5,86.0,
,125.1,29.1,75.5,25.8,166.2,169.4,42.8,138.8,200.2,63.5,86.5,86.0,
,192.9,22.2,187.1,105.5,154.7,99.2,152.4,102.6,64.8,64.5,87.1,62.6,1295.6
,192.9,22.2,187.1,105.5,154.7,99.2,152.4,102.6,64.8,64.5,87.1,62.6,
,192.9,22.2,187.1,105.5,154.7,99.2,152.4,102.6,64.8,64.5,87.1,62.6,
,192.9,22.2,187.1,105.5,154.7,99.2,152.4,102.6,64.8,64.5,87.1,62.6,
,192.9,22.2,187.1,105.5,154.7,99.2,152.4,102.6,64.8,64.5,87.1,62.6,
,192.9,22.2,187.1,105.5,154.7,99.2,152.4,102.6,64.8,64.5,87.1,62.6,
,192.9,22.2,187.1,105.5,154.7,99.2,152.4,102.6,64.8,64.5,87.1,62.6,
,192.9,22.2,187.1,105.5,154.7,99.2,152.4,102.6,64.8,64.5,87.1,62.6,
,192.9,22.2,187.1,105.5,154.7,99.2,152.4,102.6,64.8,64.5,87.1,62.6,
,192.9,22.2,187.1,105.5,154.7,99.2,152.4,102.6,64.8,64.5,87.1,62.6,
,192.9,22.2,187.1,105.5,154.7,99.2,152.4,102.6,64.8,64.5,87.1,62.6,
,192.9,22.2,187.1,105.5,154.7,99.2,152.4,102.6,64.8,64.5,87.1,62.6,
,51.6,112.1,94.5,33.8,114.0,254.3,214.7,79.5,445.1,120.7,323.2,91.4,1934.9
,51.6,112.1,94.5,33.8,114.0,254.3,214.7,79.5,445.1,120.7,323.2,91.4,
,51.6,112.1,94.5,33.8,114.0,254.3,214.7,79.5,445.1,120.7,323.2,91.4,
,51.6,112.1,94.5,33.8,114.0,254.3,214.7,79.5,445.1,120.7,323.2,91.4,
,51.6,112.1,94.5,33.8,114.0,254.3,214.7,79.5,445.1,120.7,323.2,91.4,
,51.6,112.1,94.5,33.8,114.0,254.3,214.7,79.5,445.1,120.7,323.2,91.4,
,51.6,112.1,94.5,33.8,114.0,254.3,214.7,79.5,445.1,120.7,323.2,91.4,
,51.6,112.1,94.5,33.8,114.0,254.3,214.7,79.5,445.1,120.7,323.2,91.4,
,51.6,112.1,94.5,33.8,114.0,254.3,214.7,79.5,445.1,120.7,323.2,91.4,
,51.6,112.1,94.5,33.8,114.0,254.3,214.7,79.5,445.1,120.7,323.2,91.4,
,51.6,112.1,94.5,33.8,114.0,254.3,214.7,79.5,445.1,120.7,323.2,91.4,
,51.6,112.1,94.5,33.8,114.0,254.3,214.7,79.5,445.1,120.7,323.2,91.4,
,226.1,82.1,80.6,220.0,537.9,185.6,75.0,46.3,209.3,61.5,70.2,216.3,2010.9
,226.1,82.1,80.6,220.0,537.9,185.6,75.0,46.3,209.3,61.5,70.2,216.3,
,226.1,82.1,80.6,220.0,537.9,185.6,75.0,46.3,209.3,61.5,70.2,216.3,
,226.1,82.1,80.6,220.0,537.9,185.6,75.0,46.3,209.3,61.5,70.2,216.3,
,226.1,82.1,80.6,220.0,537.9,185.6,75.0,46.3,209.3,61.5,70.2,216.3,
,226.1,82.1,80.6,220.0,537.9,185.6,75.0,46.3,209.3,61.5,70.2,216.3,
,226.1,82.1,80.6,220.0,537.9,185.6,75.0,46.3,209.3,61.5,70.2,216.3,
,226.1,82.1,80.6,220.0,537.9,185.6,75.0,46.3,209.3,61.5,70.2,216.3,
,226.1,82.1,80.6,220.0,537.9,185.6,75.0,46.3,209.3,61.5,70.2,216.3,
,226.1,82.1,80.6,220.0,537.9,185.6,75.0,46.3,209.3,61.5,70.2,216.3,
,226.1,82.1,80.6,220.0,537.9,185.6,75.0,46.3,209.3,61.5,70.2,216.3,
,226.1,82.1,80.6,220.0,537.9,185.6,75.0,46.3,209.3,61.5,70.2,216.3,
,94.5,136.8,44.4,64.9,166.6,256.2,86.0,67.5,205.5,127.2,46.3,,
,94.5,136.8,44.4,64.9,166.6,256.2,86.0,67.5,205.5,127.2,46.3,,
,94.5,136.8,44.4,64.9,166.6,256.2,86.0,67.5,205.5,127.2,46.3,,
,94.5,136.8,44.4,64.9,166.6,256.2,86.0,67.5,205.5,127.2,46.3,,
,94.5,136.8,44.4,64.9,166.6,256.2,86.0,67.5,205.5,127.2,46.3,,
,94.5,136.8,44.4,64.9,166.6,256.2,86.0,67.5,205.5,127.2,46.3,,
,94.5,136.8,44.4,64.9,166.6,256.2,86.0,67.5,205.5,127.2,46.3,,
,94.5,136.8,44.4,64.9,166.6,256.2,86.0,67.5,205.5,127.2,46.3,,
,94.5,136.8,44.4,64.9,166.6,256.2,86.0,67.5,205.5,127.2,46.3,,
,94.5,136.8,44.4,64.9,166.6,256.2,86.0,67.5,205.5,127.2,46.3,,
,94.5,136.8,44.4,64.9,166.6,256.2,86.0,67.5,205.5,127.2,46.3,,
,94.5,136.8,44.4,64.9,166.6,256.2,86.0,67.5,205.5,127.2,46.3,,
