year,jan,feb,mar,apr,may,jun,jul,aug,sep,oct,nov,dec,annual
,10.0,7.0,5.0,9.0,13.0,8.0,5.0,15.0,3.0,5.0,7.0,13.0,100.0
,10.0,7.0,5.0,9.0,13.0,8.0,5.0,15.0,3.0,5.0,7.0,13.0,
,10.0,7.0,5.0,9.0,13.0,8.0,5.0,15.0,3.0,5.0,7.0,13.0,
,10.0,7.0,5.0,9.0,13.0,8.0,5.0,15.0,3.0,5.0,7.0,13.0,
,10.0,7.0,5.0,9.0,13.0,8.0,5.0,15.0,3.0,5.0,7.0,13.0,
,10.0,7.0,5.0,9.0,13.0,8.0,5.0,15.0,3.0,5.0,7.0,13.0,
,10.0,7.0,5.0,9.0,13.0,8.0,5.0,15.0,3.0,5.0,7.0,13.0,
,10.0,7.0,5.0,9.0,13.0,8.0,5.0,15.0,3.0,5.0,7.0,13.0,
,10.0,7.0,5.0,9.0,13.0,8.0,5.0,15.0,3.0,5.0,7.0,13.0,
,10.0,7.0,5.0,9.0,13.0,8.0,5.0,15.0,3.0,5.0,7.0,13.0,
,10.0,7.0,5.0,9.0,13.0,8.0,5.0,15.0,3.0,5.0,7.0,13.0,
,10.0,7.0,5.0,9.0,13.0,8.0,5.0,15.0,3.0,5.0,7.0,13.0,
,10.0,10.0,6.0,15.0,13.0,9.0,8.0,9.0,9.0,9.0,14.0,12.0,124.0
,10.0,10.0,6.0,15.0,13.0,9.0,8.0,9.0,9.0,9.0,14.0,12.0,
,10.0,10.0,6.0,15.0,13.0,9.0,8.0,9.0,9.0,9.0,14.0,12.0,
,10.0,10.0,6.0,15.0,13.0,9.0,8.0,9.0,9.0,9.0,14.0,12.0,
,10.0,10.0,6.0,15.0,13.0,9.0,8.0,9.0,9.0,9.0,14.0,12.0,
,10.0,10.0,6.0,15.0,13.0,9.0,8.0,9.0,9.0,9.0,14.0,12.0,
,10.0,10.0,6.0,15.0,13.0,9.0,8.0,9.0,9.0,9.0,14.0,12.0,
,10.0,10.0,6.0,15.0,13.0,9.0,8.0,9.0,9.0,9.0,14.0,12.0,
,10.0,10.0,6.0,15.0,13.0,9.0,8.0,9.0,9.0,9.0,14.0,12.0,
,10.0,10.0,6.0,15.0,13.0,9.0,8.0,9.0,9.0,9.0,14.0,12.0,
,10.0,10.0,6.0,15.0,13.0,9.0,8.0,9.0,9.0,9.0,14.0,12.0,
,10.0,10.0,6.0,15.0,13.0,9.0,8.0,9.0,9.0,9.0,14.0,12.0,
,8.0,14.0,7.0,14.0,9.0,14.0,9.0,11.0,5.0,4.0,9.0,11.0,115.0
,8.0,14.0,7.0,14.0,9.0,14.0,9.0,11.0,5.0,4.0,9.0,11.0,
,8.0,14.0,7.0,14.0,9.0,14.0,9.0,11.0,5.0,4.0,9.0,11.0,
,8.0,14.0,7.0,14.0,9.0,14.0,9.0,11.0,5.0,4.0,9.0,11.0,
,8.0,14.0,7.0,14.0,9.0,14.0,9.0,11.0,5.0,4.0,9.0,11.0,
,8.0,14.0,7.0,14.0,9.0,14.0,9.0,11.0,5.0,4.0,9.0,11.0,
,8.0,14.0,7.0,14.0,9.0,14.0,9.0,11.0,5.0,4.0,9.0,11.0,
,8.0,14.0,7.0,14.0,9.0,14.0,9.0,11.0,5.0,4.0,9.0,11.0,
,8.0,14.0,7.0,14.0,9.0,14.0,9.0,11.0,5.0,4.0,9.0,11.0,
,8.0,14.0,7.0,14.0,9.0,14.0,9.0,11.0,5.0,4.0,9.0,11.0,
,8.0,14.0,7.0,14.0,9.0,14.0,9.0,11.0,5.0,4.0,9.0,11.0,
,8.0,14.0,7.0,14.0,9.0,14.0,9.0,11.0,5.0,4.0,9.0,11.0,
,23.0,7.0,13.0,12.0,13.0,6.0,7.0,11.0,9.0,10.0,6.0,11.0,128.0
,23.0,7.0,13.0,12.0,13.0,6.0,7.0,11.0,9.0,10.0,6.0,11.0,
,23.0,7.0,13.0,12.0,13.0,6.0,7.0,11.0,9.0,10.0,6.0,11.0,
,23.0,7.0,13.0,12.0,13.0,6.0,7.0,11.0,9.0,10.0,6.0,11.0,
,23.0,7.0,13.0,12.0,13.0,6.0,7.0,11.0,9.0,10.0,6.0,11.0,
,23.0,7.0,13.0,12.0,13.0,6.0,7.0,11.0,9.0,10.0,6.0,11.0,
,23.0,7.0,13.0,12.0,13.0,6.0,7.0,11.0,9.0,10.0,6.0,11.0,
,23.0,7.0,13.0,12.0,13.0,6.0,7.0,11.0,9.0,10.0,6.0,11.0,
,23.0,7.0,13.0,12.0,13.0,6.0,7.0,11.0,9.0,10.0,6.0,11.0,
,23.0,7.0,13.0,12.0,13.0,6.0,7.0,11.0,9.0,10.0,6.0,11.0,
,23.0,7.0,13.0,12.0,13.0,6.0,7.0,11.0,9.0,10.0,6.0,11.0,
,23.0,7.0,13.0,12.0,13.0,6.0,7.0,11.0,9.0,10.0,6.0,11.0,
,14.0,13.0,8.0,5.0,11.0,19.0,7.0,7.0,5.0,7.0,10.0,4.0,110.0
,14.0,13.0,8.0,5.0,11.0,19.0,7.0,7.0,5.0,7.0,10.0,4.0,
,14.0,13.0,8.0,5.0,11.0,19.0,7.0,7.0,5.0,7.0,10.0,4.0,
,14.0,13.0,8.0,5.0,11.0,19.0,7.0,7.0,5.0,7.0,10.0,4.0,
,14.0,13.0,8.0,5.0,11.0,19.0,7.0,7.0,5.0,7.0,10.0,4.0,
,14.0,13.0,8.0,5.0,11.0,19.0,7.0,7.0,5.0,7.0,10.0,4.0,
,14.0,13.0,8.0,5.0,11.0,19.0,7.0,7.0,5.0,7.0,10.0,4.0,
,14.0,13.0,8.0,5.0,11.0,19.0,7.0,7.0,5.0,7.0,10.0,4.0,
,14.0,13.0,8.0,5.0,11.0,19.0,7.0,7.0,5.0,7.0,10.0,4.0,
,14.0,13.0,8.0,5.0,11.0,19.0,7.0,7.0,5.0,7.0,10.0,4.0,
,14.0,13.0,8.0,5.0,11.0,19.0,7.0,7.0,5.0,7.0,10.0,4.0,
,14.0,13.0,8.0,5.0,11.0,19.0,7.0,7.0,5.0,7.0,10.0,4.0,
,5.0,3.0,7.0,6.0,28.0,11.0,12.0,8.0,8.0,7.0,12.0,11.0,118.0
,5.0,3.0,7.0,6.0,28.0,11.0,12.0,8.0,8.0,7.0,12.0,11.0,
,5.0,3.0,7.0,6.0,28.0,11.0,12.0,8.0,8.0,7.0,12.0,11.0,
,5.0,3.0,7.0,6.0,28.0,11.0,12.0,8.0,8.0,7.0,12.0,11.0,
,5.0,3.0,7.0,6.0,28.0,11.0,12.0,8.0,8.0,7.0,12.0,11.0,
,5.0,3.0,7.0,6.0,28.0,11.0,12.0,8.0,8.0,7.0,12.0,11.0,
,5.0,3.0,7.0,6.0,28.0,11.0,12.0,8.0,8.0,7.0,12.0,11.0,
,5.0,3.0,7.0,6.0,28.0,11.0,12.0,8.0,8.0,7.0,12.0,11.0,
,5.0,3.0,7.0,6.0,28.0,11.0,12.0,8.0,8.0,7.0,12.0,11.0,
,5.0,3.0,7.0,6.0,28.0,11.0,12.0,8.0,8.0,7.0,12.0,11.0,
,5.0,3.0,7.0,6.0,28.0,11.0,12.0,8.0,8.0,7.0,12.0,11.0,
,5.0,3.0,7.0,6.0,28.0,11.0,12.0,8.0,8.0,7.0,12.0,11.0,
,9.0,7.0,8.0,16.0,17.0,9.0,10.0,6.0,10.0,8.0,15.0,13.0,128.0
,9.0,7.0,8.0,16.0,17.0,9.0,10.0,6.0,10.0,8.0,15.0,13.0,
,9.0,7.0,8.0,16.0,17.0,9.0,10.0,6.0,10.0,8.0,15.0,13.0,
,9.0,7.0,8.0,16.0,17.0,9.0,10.0,6.0,10.0,8.0,15.0,13.0,
,9.0,7.0,8.0,16.0,17.0,9.0,10.0,6.0,10.0,8.0,15.0,13.0,
,9.0,7.0,8.0,16.0,17.0,9.0,10.0,6.0,10.0,8.0,15.0,13.0,
,9.0,7.0,8.0,16.0,17.0,9.0,10.0,6.0,10.0,8.0,15.0,13.0,
,9.0,7.0,8.0,16.0,17.0,9.0,10.0,6.0,10.0,8.0,15.0,13.0,
,9.0,7.0,8.0,16.0,17.0,9.0,10.0,6.0,10.0,8.0,15.0,13.0,
,9.0,7.0,8.0,16.0,17.0,9.0,10.0,6.0,10.0,8.0,15.0,13.0,
,9.0,7.0,8.0,16.0,17.0,9.0,10.0,6.0,10.0,8.0,15.0,13.0,
,9.0,7.0,8.0,16.0,17.0,9.0,10.0,6.0,10.0,8.0,15.0,13.0,
,8.0,11.0,6.0,18.0,13.0,11.0,10.0,10.0,10.0,6.0,19.0,9.0,131.0
,8.0,11.0,6.0,18.0,13.0,11.0,10.0,10.0,10.0,6.0,19.0,9.0,
,8.0,11.0,6.0,18.0,13.0,11.0,10.0,10.0,10.0,6.0,19.0,9.0,
,8.0,11.0,6.0,18.0,13.0,11.0,10.0,10.0,10.0,6.0,19.0,9.0,
,8.0,11.0,6.0,18.0,13.0,11.0,10.0,10.0,10.0,6.0,19.0,9.0,
,8.0,11.0,6.0,18.0,13.0,11.0,10.0,10.0,10.0,6.0,19.0,9.0,
,8.0,11.0,6.0,18.0,13.0,11.0,10.0,10.0,10.0,6.0,19.0,9.0,
,8.0,11.0,6.0,18.0,13.0,11.0,10.0,10.0,10.0,6.0,19.0,9.0,
,8.0,11.0,6.0,18.0,13.0,11.0,10.0,10.0,10.0,6.0,19.0,9.0,
,8.0,11.0,6.0,18.0,13.0,11.0,10.0,10.0,10.0,6.0,19.0,9.0,
,8.0,11.0,6.0,18.0,13.0,11.0,10.0,10.0,10.0,6.0,19.0,9.0,
,8.0,11.0,6.0,18.0,13.0,11.0,10.0,10.0,10.0,6.0,19.0,9.0,
,8.0,7.0,20.0,15.0,8.0,13.0,18.0,10.0,9.0,15.0,12.0,11.0,146.0
,8.0,7.0,20.0,15.0,8.0,13.0,18.0,10.0,9.0,15.0,12.0,11.0,
,8.0,7.0,20.0,15.0,8.0,13.0,18.0,10.0,9.0,15.0,12.0,11.0,
,8.0,7.0,20.0,15.0,8.0,13.0,18.0,10.0,9.0,15.0,12.0,11.0,
,8.0,7.0,20.0,15.0,8.0,13.0,18.0,10.0,9.0,15.0,12.0,11.0,
,8.0,7.0,20.0,15.0,8.0,13.0,18.0,10.0,9.0,15.0,12.0,11.0,
,8.0,7.0,20.0,15.0,8.0,13.0,18.0,10.0,9.0,15.0,12.0,11.0,
,8.0,7.0,20.0,15.0,8.0,13.0,18.0,10.0,9.0,15.0,12.0,11.0,
,8.0,7.0,20.0,15.0,8.0,13.0,18.0,10.0,9.0,15.0,12.0,11.0,
,8.0,7.0,20.0,15.0,8.0,13.0,18.0,10.0,9.0,15.0,12.0,11.0,
,8.0,7.0,20.0,15.0,8.0,13.0,18.0,10.0,9.0,15.0,12.0,11.0,
,8.0,7.0,20.0,15.0,8.0,13.0,18.0,10.0,9.0,15.0,12.0,11.0,
,14.0,9.0,7.0,13.0,7.0,4.0,13.0,6.0,13.0,4.0,10.0,6.0,106.0
,14.0,9.0,7.0,13.0,7.0,4.0,13.0,6.0,13.0,4.0,10.0,6.0,
,14.0,9.0,7.0,13.0,7.0,4.0,13.0,6.0,13.0,4.0,10.0,6.0,
,14.0,9.0,7.0,13.0,7.0,4.0,13.0,6.0,13.0,4.0,10.0,6.0,
,14.0,9.0,7.0,13.0,7.0,4.0,13.0,6.0,13.0,4.0,10.0,6.0,
,14.0,9.0,7.0,13.0,7.0,4.0,13.0,6.0,13.0,4.0,10.0,6.0,
,14.0,9.0,7.0,13.0,7.0,4.0,13.0,6.0,13.0,4.0,10.0,6.0,
,14.0,9.0,7.0,13.0,7.0,4.0,13.0,6.0,13.0,4.0,10.0,6.0,
,14.0,9.0,7.0,13.0,7.0,4.0,13.0,6.0,13.0,4.0,10.0,6.0,
,14.0,9.0,7.0,13.0,7.0,4.0,13.0,6.0,13.0,4.0,10.0,6.0,
,14.0,9.0,7.0,13.0,7.0,4.0,13.0,6.0,13.0,4.0,10.0,6.0,
,14.0,9.0,7.0,13.0,7.0,4.0,13.0,6.0,13.0,4.0,10.0,6.0,
,7.0,5.0,8.0,9.0,7.0,11.0,11.0,8.0,5.0,13.0,11.0,9.0,104.0
,7.0,5.0,8.0,9.0,7.0,11.0,11.0,8.0,5.0,13.0,11.0,9.0,
,7.0,5.0,8.0,9.0,7.0,11.0,11.0,8.0,5.0,13.0,11.0,9.0,
,7.0,5.0,8.0,9.0,7.0,11.0,11.0,8.0,5.0,13.0,11.0,9.0,
,7.0,5.0,8.0,9.0,7.0,11.0,11.0,8.0,5.0,13.0,11.0,9.0,
,7.0,5.0,8.0,9.0,7.0,11.0,11.0,8.0,5.0,13.0,11.0,9.0,
,7.0,5.0,8.0,9.0,7.0,11.0,11.0,8.0,5.0,13.0,11.0,9.0,
,7.0,5.0,8.0,9.0,7.0,11.0,11.0,8.0,5.0,13.0,11.0,9.0,
,7.0,5.0,8.0,9.0,7.0,11.0,11.0,8.0,5.0,13.0,11.0,9.0,
,7.0,5.0,8.0,9.0,7.0,11.0,11.0,8.0,5.0,13.0,11.0,9.0,
,7.0,5.0,8.0,9.0,7.0,11.0,11.0,8.0,5.0,13.0,11.0,9.0,
,7.0,5.0,8.0,9.0,7.0,11.0,11.0,8.0,5.0,13.0,11.0,9.0,
,6.0,7.0,5.0,10.0,9.0,8.0,7.0,7.0,6.0,7.0,6.0,19.0,97.0
,6.0,7.0,5.0,10.0,9.0,8.0,7.0,7.0,6.0,7.0,6.0,19.0,
,6.0,7.0,5.0,10.0,9.0,8.0,7.0,7.0,6.0,7.0,6.0,19.0,
,6.0,7.0,5.0,10.0,9.0,8.0,7.0,7.0,6.0,7.0,6.0,19.0,
,6.0,7.0,5.0,10.0,9.0,8.0,7.0,7.0,6.0,7.0,6.0,19.0,
,6.0,7.0,5.0,10.0,9.0,8.0,7.0,7.0,6.0,7.0,6.0,19.0,
,6.0,7.0,5.0,10.0,9.0,8.0,7.0,7.0,6.0,7.0,6.0,19.0,
,6.0,7.0,5.0,10.0,9.0,8.0,7.0,7.0,6.0,7.0,6.0,19.0,
,6.0,7.0,5.0,10.0,9.0,8.0,7.0,7.0,6.0,7.0,6.0,19.0,
,6.0,7.0,5.0,10.0,9.0,8.0,7.0,7.0,6.0,7.0,6.0,19.0,
,6.0,7.0,5.0,10.0,9.0,8.0,7.0,7.0,6.0,7.0,6.0,19.0,
,6.0,7.0,5.0,10.0,9.0,8.0,7.0,7.0,6.0,7.0,6.0,19.0,
,9.0,4.0,11.0,7.0,11.0,4.0,6.0,8.0,11.0,7.0,18.0,11.0,107.0
,9.0,4.0,11.0,7.0,11.0,4.0,6.0,8.0,11.0,7.0,18.0,11.0,
,9.0,4.0,11.0,7.0,11.0,4.0,6.0,8.0,11.0,7.0,18.0,11.0,
,9.0,4.0,11.0,7.0,11.0,4.0,6.0,8.0,11.0,7.0,18.0,11.0,
,9.0,4.0,11.0,7.0,11.0,4.0,6.0,8.0,11.0,7.0,18.0,11.0,
,9.0,4.0,11.0,7.0,11.0,4.0,6.0,8.0,11.0,7.0,18.0,11.0,
,9.0,4.0,11.0,7.0,11.0,4.0,6.0,8.0,11.0,7.0,18.0,11.0,
,9.0,4.0,11.0,7.0,11.0,4.0,6.0,8.0,11.0,7.0,18.0,11.0,
,9.0,4.0,11.0,7.0,11.0,4.0,6.0,8.0,11.0,7.0,18.0,11.0,
,9.0,4.0,11.0,7.0,11.0,4.0,6.0,8.0,11.0,7.0,18.0,11.0,
,9.0,4.0,11.0,7.0,11.0,4.0,6.0,8.0,11.0,7.0,18.0,11.0,
,9.0,4.0,11.0,7.0,11.0,4.0,6.0,8.0,11.0,7.0,18.0,11.0,
,9.0,6.0,7.0,30.0,6.0,5.0,14.0,9.0,8.0,8.0,6.0,7.0,115.0
,9.0,6.0,7.0,30.0,6.0,5.0,14.0,9.0,8.0,8.0,6.0,7.0,
,9.0,6.0,7.0,30.0,6.0,5.0,14.0,9.0,8.0,8.0,6.0,7.0,
,9.0,6.0,7.0,30.0,6.0,5.0,14.0,9.0,8.0,8.0,6.0,7.0,
,9.0,6.0,7.0,30.0,6.0,5.0,14.0,9.0,8.0,8.0,6.0,7.0,
,9.0,6.0,7.0,30.0,6.0,5.0,14.0,9.0,8.0,8.0,6.0,7.0,
,9.0,6.0,7.0,30.0,6.0,5.0,14.0,9.0,8.0,8.0,6.0,7.0,
,9.0,6.0,7.0,30.0,6.0,5.0,14.0,9.0,8.0,8.0,6.0,7.0,
,9.0,6.0,7.0,30.0,6.0,5.0,14.0,9.0,8.0,8.0,6.0,7.0,
,9.0,6.0,7.0,30.0,6.0,5.0,14.0,9.0,8.0,8.0,6.0,7.0,
,9.0,6.0,7.0,30.0,6.0,5.0,14.0,9.0,8.0,8.0,6.0,7.0,
,9.0,6.0,7.0,30.0,6.0,5.0,14.0,9.0,8.0,8.0,6.0,7.0,
,14.0,4.0,8.0,8.0,12.0,9.0,8.0,7.0,6.0,8.0,7.0,8.0,99.0
,14.0,4.0,8.0,8.0,12.0,9.0,8.0,7.0,6.0,8.0,7.0,8.0,
,14.0,4.0,8.0,8.0,12.0,9.0,8.0,7.0,6.0,8.0,7.0,8.0,
,14.0,4.0,8.0,8.0,12.0,9.0,8.0,7.0,6.0,8.0,7.0,8.0,
,14.0,4.0,8.0,8.0,12.0,9.0,8.0,7.0,6.0,8.0,7.0,8.0,
,14.0,4.0,8.0,8.0,12.0,9.0,8.0,7.0,6.0,8.0,7.0,8.0,
,14.0,4.0,8.0,8.0,12.0,9.0,8.0,7.0,6.0,8.0,7.0,8.0,
,14.0,4.0,8.0,8.0,12.0,9.0,8.0,7.0,6.0,8.0,7.0,8.0,
,14.0,4.0,8.0,8.0,12.0,9.0,8.0,7.0,6.0,8.0,7.0,8.0,
,14.0,4.0,8.0,8.0,12.0,9.0,8.0,7.0,6.0,8.0,7.0,8.0,
,14.0,4.0,8.0,8.0,12.0,9.0,8.0,7.0,6.0,8.0,7.0,8.0,
,14.0,4.0,8.0,8.0,12.0,9.0,8.0,7.0,6.0,8.0,7.0,8.0,
,4.0,13.0,8.0,7.0,7.0,6.0,9.0,10.0,15.0,6.0,10.0,7.0,102.0
,4.0,13.0,8.0,7.0,7.0,6.0,9.0,10.0,15.0,6.0,10.0,7.0,
,4.0,13.0,8.0,7.0,7.0,6.0,9.0,10.0,15.0,6.0,10.0,7.0,
,4.0,13.0,8.0,7.0,7.0,6.0,9.0,10.0,15.0,6.0,10.0,7.0,
,4.0,13.0,8.0,7.0,7.0,6.0,9.0,10.0,15.0,6.0,10.0,7.0,
,4.0,13.0,8.0,7.0,7.0,6.0,9.0,10.0,15.0,6.0,10.0,7.0,
,4.0,13.0,8.0,7.0,7.0,6.0,9.0,10.0,15.0,6.0,10.0,7.0,
,4.0,13.0,8.0,7.0,7.0,6.0,9.0,10.0,15.0,6.0,10.0,7.0,
,4.0,13.0,8.0,7.0,7.0,6.0,9.0,10.0,15.0,6.0,10.0,7.0,
,4.0,13.0,8.0,7.0,7.0,6.0,9.0,10.0,15.0,6.0,10.0,7.0,
,4.0,13.0,8.0,7.0,7.0,6.0,9.0,10.0,15.0,6.0,10.0,7.0,
,4.0,13.0,8.0,7.0,7.0,6.0,9.0,10.0,15.0,6.0,10.0,7.0,
,6.0,5.0,9.0,7.0,11.0,14.0,8.0,7.0,6.0,10.0,10.0,21.0,114.0
,6.0,5.0,9.0,7.0,11.0,14.0,8.0,7.0,6.0,10.0,10.0,21.0,
,6.0,5.0,9.0,7.0,11.0,14.0,8.0,7.0,6.0,10.0,10.0,21.0,
,6.0,5.0,9.0,7.0,11.0,14.0,8.0,7.0,6.0,10.0,10.0,21.0,
,6.0,5.0,9.0,7.0,11.0,14.0,8.0,7.0,6.0,10.0,10.0,21.0,
,6.0,5.0,9.0,7.0,11.0,14.0,8.0,7.0,6.0,10.0,10.0,21.0,
,6.0,5.0,9.0,7.0,11.0,14.0,8.0,7.0,6.0,10.0,10.0,21.0,
,6.0,5.0,9.0,7.0,11.0,14.0,8.0,7.0,6.0,10.0,10.0,21.0,
,6.0,5.0,9.0,7.0,11.0,14.0,8.0,7.0,6.0,10.0,10.0,21.0,
,6.0,5.0,9.0,7.0,11.0,14.0,8.0,7.0,6.0,10.0,10.0,21.0,
,6.0,5.0,9.0,7.0,11.0,14.0,8.0,7.0,6.0,10.0,10.0,21.0,
,6.0,5.0,9.0,7.0,11.0,14.0,8.0,7.0,6.0,10.0,10.0,21.0,
,12.0,11.0,8.0,10.0,15.0,7.0,8.0,9.0,12.0,4.0,7.0,7.0,110.0
,12.0,11.0,8.0,10.0,15.0,7.0,8.0,9.0,12.0,4.0,7.0,7.0,
,12.0,11.0,8.0,10.0,15.0,7.0,8.0,9.0,12.0,4.0,7.0,7.0,
,12.0,11.0,8.0,10.0,15.0,7.0,8.0,9.0,12.0,4.0,7.0,7.0,
,12.0,11.0,8.0,10.0,15.0,7.0,8.0,9.0,12.0,4.0,7.0,7.0,
,12.0,11.0,8.0,10.0,15.0,7.0,8.0,9.0,12.0,4.0,7.0,7.0,
,12.0,11.0,8.0,10.0,15.0,7.0,8.0,9.0,12.0,4.0,7.0,7.0,
,12.0,11.0,8.0,10.0,15.0,7.0,8.0,9.0,12.0,4.0,7.0,7.0,
,12.0,11.0,8.0,10.0,15.0,7.0,8.0,9.0,12.0,4.0,7.0,7.0,
,12.0,11.0,8.0,10.0,15.0,7.0,8.0,9.0,12.0,4.0,7.0,7.0,
,12.0,11.0,8.0,10.0,15.0,7.0,8.0,9.0,12.0,4.0,7.0,7.0,
,12.0,11.0,8.0,10.0,15.0,7.0,8.0,9.0,12.0,4.0,7.0,7.0,
,22.0,7.0,8.0,6.0,8.0,11.0,12.0,6.0,12.0,9.0,7.0,11.0,119.0
,22.0,7.0,8.0,6.0,8.0,11.0,12.0,6.0,12.0,9.0,7.0,11.0,
,22.0,7.0,8.0,6.0,8.0,11.0,12.0,6.0,12.0,9.0,7.0,11.0,
,22.0,7.0,8.0,6.0,8.0,11.0,12.0,6.0,12.0,9.0,7.0,11.0,
,22.0,7.0,8.0,6.0,8.0,11.0,12.0,6.0,12.0,9.0,7.0,11.0,
,22.0,7.0,8.0,6.0,8.0,11.0,12.0,6.0,12.0,9.0,7.0,11.0,
,22.0,7.0,8.0,6.0,8.0,11.0,12.0,6.0,12.0,9.0,7.0,11.0,
,22.0,7.0,8.0,6.0,8.0,11.0,12.0,6.0,12.0,9.0,7.0,11.0,
,22.0,7.0,8.0,6.0,8.0,11.0,12.0,6.0,12.0,9.0,7.0,11.0,
,22.0,7.0,8.0,6.0,8.0,11.0,12.0,6.0,12.0,9.0,7.0,11.0,
,22.0,7.0,8.0,6.0,8.0,11.0,12.0,6.0,12.0,9.0,7.0,11.0,
,22.0,7.0,8.0,6.0,8.0,11.0,12.0,6.0,12.0,9.0,7.0,11.0,
,8.0,5.0,12.0,15.0,8.0,10.0,6.0,10.0,11.0,9.0,6.0,6.0,106.0
,8.0,5.0,12.0,15.0,8.0,10.0,6.0,10.0,11.0,9.0,6.0,6.0,
,8.0,5.0,12.0,15.0,8.0,10.0,6.0,10.0,11.0,9.0,6.0,6.0,
,8.0,5.0,12.0,15.0,8.0,10.0,6.0,10.0,11.0,9.0,6.0,6.0,
,8.0,5.0,12.0,15.0,8.0,10.0,6.0,10.0,11.0,9.0,6.0,6.0,
,8.0,5.0,12.0,15.0,8.0,10.0,6.0,10.0,11.0,9.0,6.0,6.0,
,8.0,5.0,12.0,15.0,8.0,10.0,6.0,10.0,11.0,9.0,6.0,6.0,
,8.0,5.0,12.0,15.0,8.0,10.0,6.0,10.0,11.0,9.0,6.0,6.0,
,8.0,5.0,12.0,15.0,8.0,10.0,6.0,10.0,11.0,9.0,6.0,6.0,
,8.0,5.0,12.0,15.0,8.0,10.0,6.0,10.0,11.0,9.0,6.0,6.0,
,8.0,5.0,12.0,15.0,8.0,10.0,6.0,10.0,11.0,9.0,6.0,6.0,
,8.0,5.0,12.0,15.0,8.0,10.0,6.0,10.0,11.0,9.0,6.0,6.0,
,6.0,8.0,23.0,8.0,5.0,8.0,10.0,12.0,6.0,12.0,8.0,7.0,113.0
,6.0,8.0,23.0,8.0,5.0,8.0,10.0,12.0,6.0,12.0,8.0,7.0,
,6.0,8.0,23.0,8.0,5.0,8.0,10.0,12.0,6.0,12.0,8.0,7.0,
,6.0,8.0,23.0,8.0,5.0,8.0,10.0,12.0,6.0,12.0,8.0,7.0,
,6.0,8.0,23.0,8.0,5.0,8.0,10.0,12.0,6.0,12.0,8.0,7.0,
,6.0,8.0,23.0,8.0,5.0,8.0,10.0,12.0,6.0,12.0,8.0,7.0,
,6.0,8.0,23.0,8.0,5.0,8.0,10.0,12.0,6.0,12.0,8.0,7.0,
,6.0,8.0,23.0,8.0,5.0,8.0,10.0,12.0,6.0,12.0,8.0,7.0,
,6.0,8.0,23.0,8.0,5.0,8.0,10.0,12.0,6.0,12.0,8.0,7.0,
,6.0,8.0,23.0,8.0,5.0,8.0,10.0,12.0,6.0,12.0,8.0,7.0,
,6.0,8.0,23.0,8.0,5.0,8.0,10.0,12.0,6.0,12.0,8.0,7.0,
,6.0,8.0,23.0,8.0,5.0,8.0,10.0,12.0,6.0,12.0,8.0,7.0,
,10.0,5.0,12.0,14.0,8.0,9.0,4.0,14.0,6.0,4.0,6.0,7.0,99.0
,10.0,5.0,12.0,14.0,8.0,9.0,4.0,14.0,6.0,4.0,6.0,7.0,
,10.0,5.0,12.0,14.0,8.0,9.0,4.0,14.0,6.0,4.0,6.0,7.0,
,10.0,5.0,12.0,14.0,8.0,9.0,4.0,14.0,6.0,4.0,6.0,7.0,
,10.0,5.0,12.0,14.0,8.0,9.0,4.0,14.0,6.0,4.0,6.0,7.0,
,10.0,5.0,12.0,14.0,8.0,9.0,4.0,14.0,6.0,4.0,6.0,7.0,
,10.0,5.0,12.0,14.0,8.0,9.0,4.0,14.0,6.0,4.0,6.0,7.0,
,10.0,5.0,12.0,14.0,8.0,9.0,4.0,14.0,6.0,4.0,6.0,7.0,
,10.0,5.0,12.0,14.0,8.0,9.0,4.0,14.0,6.0,4.0,6.0,7.0,
,10.0,5.0,12.0,14.0,8.0,9.0,4.0,14.0,6.0,4.0,6.0,7.0,
,10.0,5.0,12.0,14.0,8.0,9.0,4.0,14.0,6.0,4.0,6.0,7.0,
,10.0,5.0,12.0,14.0,8.0,9.0,4.0,14.0,6.0,4.0,6.0,7.0,
,9.0,8.0,12.0,11.0,3.0,7.0,8.0,5.0,10.0,7.0,8.0,9.0,97.0
,9.0,8.0,12.0,11.0,3.0,7.0,8.0,5.0,10.0,7.0,8.0,9.0,
,9.0,8.0,12.0,11.0,3.0,7.0,8.0,5.0,10.0,7.0,8.0,9.0,
,9.0,8.0,12.0,11.0,3.0,7.0,8.0,5.0,10.0,7.0,8.0,9.0,
,9.0,8.0,12.0,11.0,3.0,7.0,8.0,5.0,10.0,7.0,8.0,9.0,
,9.0,8.0,12.0,11.0,3.0,7.0,8.0,5.0,10.0,7.0,8.0,9.0,
,9.0,8.0,12.0,11.0,3.0,7.0,8.0,5.0,10.0,7.0,8.0,9.0,
,9.0,8.0,12.0,11.0,3.0,7.0,8.0,5.0,10.0,7.0,8.0,9.0,
,9.0,8.0,12.0,11.0,3.0,7.0,8.0,5.0,10.0,7.0,8.0,9.0,
,9.0,8.0,12.0,11.0,3.0,7.0,8.0,5.0,10.0,7.0,8.0,9.0,
,9.0,8.0,12.0,11.0,3.0,7.0,8.0,5.0,10.0,7.0,8.0,9.0,
,9.0,8.0,12.0,11.0,3.0,7.0,8.0,5.0,10.0,7.0,8.0,9.0,
,8.0,14.0,13.0,11.0,8.0,3.0,9.0,6.0,14.0,11.0,14.0,13.0,124.0
,8.0,14.0,13.0,11.0,8.0,3.0,9.0,6.0,14.0,11.0,14.0,13.0,
,8.0,14.0,13.0,11.0,8.0,3.0,9.0,6.0,14.0,11.0,14.0,13.0,
,8.0,14.0,13.0,11.0,8.0,3.0,9.0,6.0,14.0,11.0,14.0,13.0,
,8.0,14.0,13.0,11.0,8.0,3.0,9.0,6.0,14.0,11.0,14.0,13.0,
,8.0,14.0,13.0,11.0,8.0,3.0,9.0,6.0,14.0,11.0,14.0,13.0,
,8.0,14.0,13.0,11.0,8.0,3.0,9.0,6.0,14.0,11.0,14.0,13.0,
,8.0,14.0,13.0,11.0,8.0,3.0,9.0,6.0,14.0,11.0,14.0,13.0,
,8.0,14.0,13.0,11.0,8.0,3.0,9.0,6.0,14.0,11.0,14.0,13.0,
,8.0,14.0,13.0,11.0,8.0,3.0,9.0,6.0,14.0,11.0,14.0,13.0,
,8.0,14.0,13.0,11.0,8.0,3.0,9.0,6.0,14.0,11.0,14.0,13.0,
,8.0,14.0,13.0,11.0,8.0,3.0,9.0,6.0,14.0,11.0,14.0,13.0,
,6.0,5.0,7.0,9.0,8.0,12.0,17.0,5.0,8.0,9.0,16.0,11.0,113.0
,6.0,5.0,7.0,9.0,8.0,12.0,17.0,5.0,8.0,9.0,16.0,11.0,
,6.0,5.0,7.0,9.0,8.0,12.0,17.0,5.0,8.0,9.0,16.0,11.0,
,6.0,5.0,7.0,9.0,8.0,12.0,17.0,5.0,8.0,9.0,16.0,11.0,
,6.0,5.0,7.0,9.0,8.0,12.0,17.0,5.0,8.0,9.0,16.0,11.0,
,6.0,5.0,7.0,9.0,8.0,12.0,17.0,5.0,8.0,9.0,16.0,11.0,
,6.0,5.0,7.0,9.0,8.0,12.0,17.0,5.0,8.0,9.0,16.0,11.0,
,6.0,5.0,7.0,9.0,8.0,12.0,17.0,5.0,8.0,9.0,16.0,11.0,
,6.0,5.0,7.0,9.0,8.0,12.0,17.0,5.0,8.0,9.0,16.0,11.0,
,6.0,5.0,7.0,9.0,8.0,12.0,17.0,5.0,8.0,9.0,16.0,11.0,
,6.0,5.0,7.0,9.0,8.0,12.0,17.0,5.0,8.0,9.0,16.0,11.0,
,6.0,5.0,7.0,9.0,8.0,12.0,17.0,5.0,8.0,9.0,16.0,11.0,
,12.0,6.0,8.0,10.0,9.0,9.0,15.0,8.0,10.0,9.0,8.0,13.0,117.0
,12.0,6.0,8.0,10.0,9.0,9.0,15.0,8.0,10.0,9.0,8.0,13.0,
,12.0,6.0,8.0,10.0,9.0,9.0,15.0,8.0,10.0,9.0,8.0,13.0,
,12.0,6.0,8.0,10.0,9.0,9.0,15.0,8.0,10.0,9.0,8.0,13.0,
,12.0,6.0,8.0,10.0,9.0,9.0,15.0,8.0,10.0,9.0,8.0,13.0,
,12.0,6.0,8.0,10.0,9.0,9.0,15.0,8.0,10.0,9.0,8.0,13.0,
,12.0,6.0,8.0,10.0,9.0,9.0,15.0,8.0,10.0,9.0,8.0,13.0,
,12.0,6.0,8.0,10.0,9.0,9.0,15.0,8.0,10.0,9.0,8.0,13.0,
,12.0,6.0,8.0,10.0,9.0,9.0,15.0,8.0,10.0,9.0,8.0,13.0,
,12.0,6.0,8.0,10.0,9.0,9.0,15.0,8.0,10.0,9.0,8.0,13.0,
,12.0,6.0,8.0,10.0,9.0,9.0,15.0,8.0,10.0,9.0,8.0,13.0,
,12.0,6.0,8.0,10.0,9.0,9.0,15.0,8.0,10.0,9.0,8.0,13.0,
,9.0,7.0,13.0,11.0,9.0,8.0,5.0,6.0,11.0,9.0,5.0,4.0,97.0
,9.0,7.0,13.0,11.0,9.0,8.0,5.0,6.0,11.0,9.0,5.0,4.0,
,9.0,7.0,13.0,11.0,9.0,8.0,5.0,6.0,11.0,9.0,5.0,4.0,
,9.0,7.0,13.0,11.0,9.0,8.0,5.0,6.0,11.0,9.0,5.0,4.0,
,9.0,7.0,13.0,11.0,9.0,8.0,5.0,6.0,11.0,9.0,5.0,4.0,
,9.0,7.0,13.0,11.0,9.0,8.0,5.0,6.0,11.0,9.0,5.0,4.0,
,9.0,7.0,13.0,11.0,9.0,8.0,5.0,6.0,11.0,9.0,5.0,4.0,
,9.0,7.0,13.0,11.0,9.0,8.0,5.0,6.0,11.0,9.0,5.0,4.0,
,9.0,7.0,13.0,11.0,9.0,8.0,5.0,6.0,11.0,9.0,5.0,4.0,
,9.0,7.0,13.0,11.0,9.0,8.0,5.0,6.0,11.0,9.0,5.0,4.0,
,9.0,7.0,13.0,11.0,9.0,8.0,5.0,6.0,11.0,9.0,5.0,4.0,
,9.0,7.0,13.0,11.0,9.0,8.0,5.0,6.0,11.0,9.0,5.0,4.0,
,7.0,19.0,14.0,8.0,8.0,5.0,14.0,10.0,6.0,8.0,7.0,11.0,117.0
,7.0,19.0,14.0,8.0,8.0,5.0,14.0,10.0,6.0,8.0,7.0,11.0,
,7.0,19.0,14.0,8.0,8.0,5.0,14.0,10.0,6.0,8.0,7.0,11.0,
,7.0,19.0,14.0,8.0,8.0,5.0,14.0,10.0,6.0,8.0,7.0,11.0,
,7.0,19.0,14.0,8.0,8.0,5.0,14.0,10.0,6.0,8.0,7.0,11.0,
,7.0,19.0,14.0,8.0,8.0,5.0,14.0,10.0,6.0,8.0,7.0,11.0,
,7.0,19.0,14.0,8.0,8.0,5.0,14.0,10.0,6.0,8.0,7.0,11.0,
,7.0,19.0,14.0,8.0,8.0,5.0,14.0,10.0,6.0,8.0,7.0,11.0,
,7.0,19.0,14.0,8.0,8.0,5.0,14.0,10.0,6.0,8.0,7.0,11.0,
,7.0,19.0,14.0,8.0,8.0,5.0,14.0,10.0,6.0,8.0,7.0,11.0,
,7.0,19.0,14.0,8.0,8.0,5.0,14.0,10.0,6.0,8.0,7.0,11.0,
,7.0,19.0,14.0,8.0,8.0,5.0,14.0,10.0,6.0,8.0,7.0,11.0,
,7.0,13.0,8.0,15.0,19.0,11.0,7.0,8.0,6.0,7.0,8.0,11.0,120.0
,7.0,13.0,8.0,15.0,19.0,11.0,7.0,8.0,6.0,7.0,8.0,11.0,
,7.0,13.0,8.0,15.0,19.0,11.0,7.0,8.0,6.0,7.0,8.0,11.0,
,7.0,13.0,8.0,15.0,19.0,11.0,7.0,8.0,6.0,7.0,8.0,11.0,
,7.0,13.0,8.0,15.0,19.0,11.0,7.0,8.0,6.0,7.0,8.0,11.0,
,7.0,13.0,8.0,15.0,19.0,11.0,7.0,8.0,6.0,7.0,8.0,11.0,
,7.0,13.0,8.0,15.0,19.0,11.0,7.0,8.0,6.0,7.0,8.0,11.0,
,7.0,13.0,8.0,15.0,19.0,11.0,7.0,8.0,6.0,7.0,8.0,11.0,
,7.0,13.0,8.0,15.0,19.0,11.0,7.0,8.0,6.0,7.0,8.0,11.0,
,7.0,13.0,8.0,15.0,19.0,11.0,7.0,8.0,6.0,7.0,8.0,11.0,
,7.0,13.0,8.0,15.0,19.0,11.0,7.0,8.0,6.0,7.0,8.0,11.0,
,7.0,13.0,8.0,15.0,19.0,11.0,7.0,8.0,6.0,7.0,8.0,11.0,
,10.0,10.0,11.0,7.0,10.0,6.0,5.0,15.0,7.0,9.0,8.0,4.0,102.0
,10.0,10.0,11.0,7.0,10.0,6.0,5.0,15.0,7.0,9.0,8.0,4.0,
,10.0,10.0,11.0,7.0,10.0,6.0,5.0,15.0,7.0,9.0,8.0,4.0,
,10.0,10.0,11.0,7.0,10.0,6.0,5.0,15.0,7.0,9.0,8.0,4.0,
,10.0,10.0,11.0,7.0,10.0,6.0,5.0,15.0,7.0,9.0,8.0,4.0,
,10.0,10.0,11.0,7.0,10.0,6.0,5.0,15.0,7.0,9.0,8.0,4.0,
,10.0,10.0,11.0,7.0,10.0,6.0,5.0,15.0,7.0,9.0,8.0,4.0,
,10.0,10.0,11.0,7.0,10.0,6.0,5.0,15.0,7.0,9.0,8.0,4.0,
,10.0,10.0,11.0,7.0,10.0,6.0,5.0,15.0,7.0,9.0,8.0,4.0,
,10.0,10.0,11.0,7.0,10.0,6.0,5.0,15.0,7.0,9.0,8.0,4.0,
,10.0,10.0,11.0,7.0,10.0,6.0,5.0,15.0,7.0,9.0,8.0,4.0,
,10.0,10.0,11.0,7.0,10.0,6.0,5.0,15.0,7.0,9.0,8.0,4.0,
,9.0,8.0,8.0,5.0,8.0,8.0,7.0,19.0,9.0,13.0,7.0,6.0,107.0
,9.0,8.0,8.0,5.0,8.0,8.0,7.0,19.0,9.0,13.0,7.0,6.0,
,9.0,8.0,8.0,5.0,8.0,8.0,7.0,19.0,9.0,13.0,7.0,6.0,
,9.0,8.0,8.0,5.0,8.0,8.0,7.0,19.0,9.0,13.0,7.0,6.0,
,9.0,8.0,8.0,5.0,8.0,8.0,7.0,19.0,9.0,13.0,7.0,6.0,
,9.0,8.0,8.0,5.0,8.0,8.0,7.0,19.0,9.0,13.0,7.0,6.0,
,9.0,8.0,8.0,5.0,8.0,8.0,7.0,19.0,9.0,13.0,7.0,6.0,
,9.0,8.0,8.0,5.0,8.0,8.0,7.0,19.0,9.0,13.0,7.0,6.0,
,9.0,8.0,8.0,5.0,8.0,8.0,7.0,19.0,9.0,13.0,7.0,6.0,
,9.0,8.0,8.0,5.0,8.0,8.0,7.0,19.0,9.0,13.0,7.0,6.0,
,9.0,8.0,8.0,5.0,8.0,8.0,7.0,19.0,9.0,13.0,7.0,6.0,
,9.0,8.0,8.0,5.0,8.0,8.0,7.0,19.0,9.0,13.0,7.0,6.0,
,19.0,6.0,5.0,10.0,9.0,12.0,8.0,11.0,7.0,5.0,7.0,7.0,106.0
,19.0,6.0,5.0,10.0,9.0,12.0,8.0,11.0,7.0,5.0,7.0,7.0,
,19.0,6.0,5.0,10.0,9.0,12.0,8.0,11.0,7.0,5.0,7.0,7.0,
,19.0,6.0,5.0,10.0,9.0,12.0,8.0,11.0,7.0,5.0,7.0,7.0,
,19.0,6.0,5.0,10.0,9.0,12.0,8.0,11.0,7.0,5.0,7.0,7.0,
,19.0,6.0,5.0,10.0,9.0,12.0,8.0,11.0,7.0,5.0,7.0,7.0,
,19.0,6.0,5.0,10.0,9.0,12.0,8.0,11.0,7.0,5.0,7.0,7.0,
,19.0,6.0,5.0,10.0,9.0,12.0,8.0,11.0,7.0,5.0,7.0,7.0,
,19.0,6.0,5.0,10.0,9.0,12.0,8.0,11.0,7.0,5.0,7.0,7.0,
,19.0,6.0,5.0,10.0,9.0,12.0,8.0,11.0,7.0,5.0,7.0,7.0,
,19.0,6.0,5.0,10.0,9.0,12.0,8.0,11.0,7.0,5.0,7.0,7.0,
,19.0,6.0,5.0,10.0,9.0,12.0,8.0,11.0,7.0,5.0,7.0,7.0,
,9.0,6.0,5.0,7.0,11.0,8.0,15.0,16.0,17.0,7.0,9.0,10.0,120.0
,9.0,6.0,5.0,7.0,11.0,8.0,15.0,16.0,17.0,7.0,9.0,10.0,
,9.0,6.0,5.0,7.0,11.0,8.0,15.0,16.0,17.0,7.0,9.0,10.0,
,9.0,6.0,5.0,7.0,11.0,8.0,15.0,16.0,17.0,7.0,9.0,10.0,
,9.0,6.0,5.0,7.0,11.0,8.0,15.0,16.0,17.0,7.0,9.0,10.0,
,9.0,6.0,5.0,7.0,11.0,8.0,15.0,16.0,17.0,7.0,9.0,10.0,
,9.0,6.0,5.0,7.0,11.0,8.0,15.0,16.0,17.0,7.0,9.0,10.0,
,9.0,6.0,5.0,7.0,11.0,8.0,15.0,16.0,17.0,7.0,9.0,10.0,
,9.0,6.0,5.0,7.0,11.0,8.0,15.0,16.0,17.0,7.0,9.0,10.0,
,9.0,6.0,5.0,7.0,11.0,8.0,15.0,16.0,17.0,7.0,9.0,10.0,
,9.0,6.0,5.0,7.0,11.0,8.0,15.0,16.0,17.0,7.0,9.0,10.0,
,9.0,6.0,5.0,7.0,11.0,8.0,15.0,16.0,17.0,7.0,9.0,10.0,
,14.0,5.0,8.0,9.0,8.0,8.0,12.0,6.0,12.0,6.0,8.0,8.0,104.0
,14.0,5.0,8.0,9.0,8.0,8.0,12.0,6.0,12.0,6.0,8.0,8.0,
,14.0,5.0,8.0,9.0,8.0,8.0,12.0,6.0,12.0,6.0,8.0,8.0,
,14.0,5.0,8.0,9.0,8.0,8.0,12.0,6.0,12.0,6.0,8.0,8.0,
,14.0,5.0,8.0,9.0,8.0,8.0,12.0,6.0,12.0,6.0,8.0,8.0,
,14.0,5.0,8.0,9.0,8.0,8.0,12.0,6.0,12.0,6.0,8.0,8.0,
,14.0,5.0,8.0,9.0,8.0,8.0,12.0,6.0,12.0,6.0,8.0,8.0,
,14.0,5.0,8.0,9.0,8.0,8.0,12.0,6.0,12.0,6.0,8.0,8.0,
,14.0,5.0,8.0,9.0,8.0,8.0,12.0,6.0,12.0,6.0,8.0,8.0,
,14.0,5.0,8.0,9.0,8.0,8.0,12.0,6.0,12.0,6.0,8.0,8.0,
,14.0,5.0,8.0,9.0,8.0,8.0,12.0,6.0,12.0,6.0,8.0,8.0,
,14.0,5.0,8.0,9.0,8.0,8.0,12.0,6.0,12.0,6.0,8.0,8.0,
,5.0,4.0,9.0,7.0,14.0,7.0,8.0,9.0,9.0,8.0,13.0,20.0,113.0
,5.0,4.0,9.0,7.0,14.0,7.0,8.0,9.0,9.0,8.0,13.0,20.0,
,5.0,4.0,9.0,7.0,14.0,7.0,8.0,9.0,9.0,8.0,13.0,20.0,
,5.0,4.0,9.0,7.0,14.0,7.0,8.0,9.0,9.0,8.0,13.0,20.0,
,5.0,4.0,9.0,7.0,14.0,7.0,8.0,9.0,9.0,8.0,13.0,20.0,
,5.0,4.0,9.0,7.0,14.0,7.0,8.0,9.0,9.0,8.0,13.0,20.0,
,5.0,4.0,9.0,7.0,14.0,7.0,8.0,9.0,9.0,8.0,13.0,20.0,
,5.0,4.0,9.0,7.0,14.0,7.0,8.0,9.0,9.0,8.0,13.0,20.0,
,5.0,4.0,9.0,7.0,14.0,7.0,8.0,9.0,9.0,8.0,13.0,20.0,
,5.0,4.0,9.0,7.0,14.0,7.0,8.0,9.0,9.0,8.0,13.0,20.0,
,5.0,4.0,9.0,7.0,14.0,7.0,8.0,9.0,9.0,8.0,13.0,20.0,
,5.0,4.0,9.0,7.0,14.0,7.0,8.0,9.0,9.0,8.0,13.0,20.0,
,5.0,9.0,7.0,14.0,30.0,15.0,15.0,11.0,6.0,6.0,13.0,11.0,142.0
,5.0,9.0,7.0,14.0,30.0,15.0,15.0,11.0,6.0,6.0,13.0,11.0,
,5.0,9.0,7.0,14.0,30.0,15.0,15.0,11.0,6.0,6.0,13.0,11.0,
,5.0,9.0,7.0,14.0,30.0,15.0,15.0,11.0,6.0,6.0,13.0,11.0,
,5.0,9.0,7.0,14.0,30.0,15.0,15.0,11.0,6.0,6.0,13.0,11.0,
,5.0,9.0,7.0,14.0,30.0,15.0,15.0,11.0,6.0,6.0,13.0,11.0,
,5.0,9.0,7.0,14.0,30.0,15.0,15.0,11.0,6.0,6.0,13.0,11.0,
,5.0,9.0,7.0,14.0,30.0,15.0,15.0,11.0,6.0,6.0,13.0,11.0,
,5.0,9.0,7.0,14.0,30.0,15.0,15.0,11.0,6.0,6.0,13.0,11.0,
,5.0,9.0,7.0,14.0,30.0,15.0,15.0,11.0,6.0,6.0,13.0,11.0,
,5.0,9.0,7.0,14.0,30.0,15.0,15.0,11.0,6.0,6.0,13.0,11.0,
,5.0,9.0,7.0,14.0,30.0,15.0,15.0,11.0,6.0,6.0,13.0,11.0,
,9.0,7.0,8.0,7.0,19.0,5.0,9.0,8.0,9.0,5.0,7.0,7.0,100.0
,9.0,7.0,8.0,7.0,19.0,5.0,9.0,8.0,9.0,5.0,7.0,7.0,
,9.0,7.0,8.0,7.0,19.0,5.0,9.0,8.0,9.0,5.0,7.0,7.0,
,9.0,7.0,8.0,7.0,19.0,5.0,9.0,8.0,9.0,5.0,7.0,7.0,
,9.0,7.0,8.0,7.0,19.0,5.0,9.0,8.0,9.0,5.0,7.0,7.0,
,9.0,7.0,8.0,7.0,19.0,5.0,9.0,8.0,9.0,5.0,7.0,7.0,
,9.0,7.0,8.0,7.0,19.0,5.0,9.0,8.0,9.0,5.0,7.0,7.0,
,9.0,7.0,8.0,7.0,19.0,5.0,9.0,8.0,9.0,5.0,7.0,7.0,
,9.0,7.0,8.0,7.0,19.0,5.0,9.0,8.0,9.0,5.0,7.0,7.0,
,9.0,7.0,8.0,7.0,19.0,5.0,9.0,8.0,9.0,5.0,7.0,7.0,
,9.0,7.0,8.0,7.0,19.0,5.0,9.0,8.0,9.0,5.0,7.0,7.0,
,9.0,7.0,8.0,7.0,19.0,5.0,9.0,8.0,9.0,5.0,7.0,7.0,
,6.0,12.0,6.0,6.0,10.0,8.0,8.0,5.0,4.0,6.0,8.0,5.0,84.0
,6.0,12.0,6.0,6.0,10.0,8.0,8.0,5.0,4.0,6.0,8.0,5.0,
,6.0,12.0,6.0,6.0,10.0,8.0,8.0,5.0,4.0,6.0,8.0,5.0,
,6.0,12.0,6.0,6.0,10.0,8.0,8.0,5.0,4.0,6.0,8.0,5.0,
,6.0,12.0,6.0,6.0,10.0,8.0,8.0,5.0,4.0,6.0,8.0,5.0,
,6.0,12.0,6.0,6.0,10.0,8.0,8.0,5.0,4.0,6.0,8.0,5.0,
,6.0,12.0,6.0,6.0,10.0,8.0,8.0,5.0,4.0,6.0,8.0,5.0,
,6.0,12.0,6.0,6.0,10.0,8.0,8.0,5.0,4.0,6.0,8.0,5.0,
,6.0,12.0,6.0,6.0,10.0,8.0,8.0,5.0,4.0,6.0,8.0,5.0,
,6.0,12.0,6.0,6.0,10.0,8.0,8.0,5.0,4.0,6.0,8.0,5.0,
,6.0,12.0,6.0,6.0,10.0,8.0,8.0,5.0,4.0,6.0,8.0,5.0,
,6.0,12.0,6.0,6.0,10.0,8.0,8.0,5.0,4.0,6.0,8.0,5.0,
,6.0,8.0,10.0,11.0,12.0,8.0,11.0,11.0,13.0,15.0,16.0,12.0,133.0
,6.0,8.0,10.0,11.0,12.0,8.0,11.0,11.0,13.0,15.0,16.0,12.0,
,6.0,8.0,10.0,11.0,12.0,8.0,11.0,11.0,13.0,15.0,16.0,12.0,
,6.0,8.0,10.0,11.0,12.0,8.0,11.0,11.0,13.0,15.0,16.0,12.0,
,6.0,8.0,10.0,11.0,12.0,8.0,11.0,11.0,13.0,15.0,16.0,12.0,
,6.0,8.0,10.0,11.0,12.0,8.0,11.0,11.0,13.0,15.0,16.0,12.0,
,6.0,8.0,10.0,11.0,12.0,8.0,11.0,11.0,13.0,15.0,16.0,12.0,
,6.0,8.0,10.0,11.0,12.0,8.0,11.0,11.0,13.0,15.0,16.0,12.0,
,6.0,8.0,10.0,11.0,12.0,8.0,11.0,11.0,13.0,15.0,16.0,12.0,
,6.0,8.0,10.0,11.0,12.0,8.0,11.0,11.0,13.0,15.0,16.0,12.0,
,6.0,8.0,10.0,11.0,12.0,8.0,11.0,11.0,13.0,15.0,16.0,12.0,
,6.0,8.0,10.0,11.0,12.0,8.0,11.0,11.0,13.0,15.0,16.0,12.0,
,11.0,7.0,8.0,9.0,7.0,9.0,9.0,8.0,10.0,4.0,10.0,4.0,96.0
,11.0,7.0,8.0,9.0,7.0,9.0,9.0,8.0,10.0,4.0,10.0,4.0,
,11.0,7.0,8.0,9.0,7.0,9.0,9.0,8.0,10.0,4.0,10.0,4.0,
,11.0,7.0,8.0,9.0,7.0,9.0,9.0,8.0,10.0,4.0,10.0,4.0,
,11.0,7.0,8.0,9.0,7.0,9.0,9.0,8.0,10.0,4.0,10.0,4.0,
,11.0,7.0,8.0,9.0,7.0,9.0,9.0,8.0,10.0,4.0,10.0,4.0,
,11.0,7.0,8.0,9.0,7.0,9.0,9.0,8.0,10.0,4.0,10.0,4.0,
,11.0,7.0,8.0,9.0,7.0,9.0,9.0,8.0,10.0,4.0,10.0,4.0,
,11.0,7.0,8.0,9.0,7.0,9.0,9.0,8.0,10.0,4.0,10.0,4.0,
,11.0,7.0,8.0,9.0,7.0,9.0,9.0,8.0,10.0,4.0,10.0,4.0,
,11.0,7.0,8.0,9.0,7.0,9.0,9.0,8.0,10.0,4.0,10.0,4.0,
,11.0,7.0,8.0,9.0,7.0,9.0,9.0,8.0,10.0,4.0,10.0,4.0,
,7.0,5.0,6.0,9.0,9.0,9.0,5.0,11.0,9.0,9.0,7.0,14.0,100.0
,7.0,5.0,6.0,9.0,9.0,9.0,5.0,11.0,9.0,9.0,7.0,14.0,
,7.0,5.0,6.0,9.0,9.0,9.0,5.0,11.0,9.0,9.0,7.0,14.0,
,7.0,5.0,6.0,9.0,9.0,9.0,5.0,11.0,9.0,9.0,7.0,14.0,
,7.0,5.0,6.0,9.0,9.0,9.0,5.0,11.0,9.0,9.0,7.0,14.0,
,7.0,5.0,6.0,9.0,9.0,9.0,5.0,11.0,9.0,9.0,7.0,14.0,
,7.0,5.0,6.0,9.0,9.0,9.0,5.0,11.0,9.0,9.0,7.0,14.0,
,7.0,5.0,6.0,9.0,9.0,9.0,5.0,11.0,9.0,9.0,7.0,14.0,
,7.0,5.0,6.0,9.0,9.0,9.0,5.0,11.0,9.0,9.0,7.0,14.0,
,7.0,5.0,6.0,9.0,9.0,9.0,5.0,11.0,9.0,9.0,7.0,14.0,
,7.0,5.0,6.0,9.0,9.0,9.0,5.0,11.0,9.0,9.0,7.0,14.0,
,7.0,5.0,6.0,9.0,9.0,9.0,5.0,11.0,9.0,9.0,7.0,14.0,
,8.0,9.0,4.0,9.0,8.0,11.0,12.0,5.0,9.0,5.0,7.0,8.0,95.0
,8.0,9.0,4.0,9.0,8.0,11.0,12.0,5.0,9.0,5.0,7.0,8.0,
,8.0,9.0,4.0,9.0,8.0,11.0,12.0,5.0,9.0,5.0,7.0,8.0,
,8.0,9.0,4.0,9.0,8.0,11.0,12.0,5.0,9.0,5.0,7.0,8.0,
,8.0,9.0,4.0,9.0,8.0,11.0,12.0,5.0,9.0,5.0,7.0,8.0,
,8.0,9.0,4.0,9.0,8.0,11.0,12.0,5.0,9.0,5.0,7.0,8.0,
,8.0,9.0,4.0,9.0,8.0,11.0,12.0,5.0,9.0,5.0,7.0,8.0,
,8.0,9.0,4.0,9.0,8.0,11.0,12.0,5.0,9.0,5.0,7.0,8.0,
,8.0,9.0,4.0,9.0,8.0,11.0,12.0,5.0,9.0,5.0,7.0,8.0,
,8.0,9.0,4.0,9.0,8.0,11.0,12.0,5.0,9.0,5.0,7.0,8.0,
,8.0,9.0,4.0,9.0,8.0,11.0,12.0,5.0,9.0,5.0,7.0,8.0,
,8.0,9.0,4.0,9.0,8.0,11.0,12.0,5.0,9.0,5.0,7.0,8.0,
,8.0,6.0,9.0,12.0,15.0,11.0,6.0,23.0,9.0,8.0,10.0,8.0,125.0
,8.0,6.0,9.0,12.0,15.0,11.0,6.0,23.0,9.0,8.0,10.0,8.0,
,8.0,6.0,9.0,12.0,15.0,11.0,6.0,23.0,9.0,8.0,10.0,8.0,
,8.0,6.0,9.0,12.0,15.0,11.0,6.0,23.0,9.0,8.0,10.0,8.0,
,8.0,6.0,9.0,12.0,15.0,11.0,6.0,23.0,9.0,8.0,10.0,8.0,
,8.0,6.0,9.0,12.0,15.0,11.0,6.0,23.0,9.0,8.0,10.0,8.0,
,8.0,6.0,9.0,12.0,15.0,11.0,6.0,23.0,9.0,8.0,10.0,8.0,
,8.0,6.0,9.0,12.0,15.0,11.0,6.0,23.0,9.0,8.0,10.0,8.0,
,8.0,6.0,9.0,12.0,15.0,11.0,6.0,23.0,9.0,8.0,10.0,8.0,
,8.0,6.0,9.0,12.0,15.0,11.0,6.0,23.0,9.0,8.0,10.0,8.0,
,8.0,6.0,9.0,12.0,15.0,11.0,6.0,23.0,9.0,8.0,10.0,8.0,
,8.0,6.0,9.0,12.0,15.0,11.0,6.0,23.0,9.0,8.0,10.0,8.0,
,11.0,14.0,8.0,7.0,6.0,10.0,13.0,10.0,6.0,9.0,6.0,11.0,111.0
,11.0,14.0,8.0,7.0,6.0,10.0,13.0,10.0,6.0,9.0,6.0,11.0,
,11.0,14.0,8.0,7.0,6.0,10.0,13.0,10.0,6.0,9.0,6.0,11.0,
,11.0,14.0,8.0,7.0,6.0,10.0,13.0,10.0,6.0,9.0,6.0,11.0,
,11.0,14.0,8.0,7.0,6.0,10.0,13.0,10.0,6.0,9.0,6.0,11.0,
,11.0,14.0,8.0,7.0,6.0,10.0,13.0,10.0,6.0,9.0,6.0,11.0,
,11.0,14.0,8.0,7.0,6.0,10.0,13.0,10.0,6.0,9.0,6.0,11.0,
,11.0,14.0,8.0,7.0,6.0,10.0,13.0,10.0,6.0,9.0,6.0,11.0,
,11.0,14.0,8.0,7.0,6.0,10.0,13.0,10.0,6.0,9.0,6.0,11.0,
,11.0,14.0,8.0,7.0,6.0,10.0,13.0,10.0,6.0,9.0,6.0,11.0,
,11.0,14.0,8.0,7.0,6.0,10.0,13.0,10.0,6.0,9.0,6.0,11.0,
,11.0,14.0,8.0,7.0,6.0,10.0,13.0,10.0,6.0,9.0,6.0,11.0,
,15.0,10.0,11.0,5.0,6.0,11.0,9.0,8.0,5.0,3.0,9.0,6.0,98.0
,15.0,10.0,11.0,5.0,6.0,11.0,9.0,8.0,5.0,3.0,9.0,6.0,
,15.0,10.0,11.0,5.0,6.0,11.0,9.0,8.0,5.0,3.0,9.0,6.0,
,15.0,10.0,11.0,5.0,6.0,11.0,9.0,8.0,5.0,3.0,9.0,6.0,
,15.0,10.0,11.0,5.0,6.0,11.0,9.0,8.0,5.0,3.0,9.0,6.0,
,15.0,10.0,11.0,5.0,6.0,11.0,9.0,8.0,5.0,3.0,9.0,6.0,
,15.0,10.0,11.0,5.0,6.0,11.0,9.0,8.0,5.0,3.0,9.0,6.0,
,15.0,10.0,11.0,5.0,6.0,11.0,9.0,8.0,5.0,3.0,9.0,6.0,
,15.0,10.0,11.0,5.0,6.0,11.0,9.0,8.0,5.0,3.0,9.0,6.0,
,15.0,10.0,11.0,5.0,6.0,11.0,9.0,8.0,5.0,3.0,9.0,6.0,
,15.0,10.0,11.0,5.0,6.0,11.0,9.0,8.0,5.0,3.0,9.0,6.0,
,15.0,10.0,11.0,5.0,6.0,11.0,9.0,8.0,5.0,3.0,9.0,6.0,
,7.0,11.0,15.0,15.0,9.0,5.0,8.0,7.0,9.0,13.0,10.0,8.0,117.0
,7.0,11.0,15.0,15.0,9.0,5.0,8.0,7.0,9.0,13.0,10.0,8.0,
,7.0,11.0,15.0,15.0,9.0,5.0,8.0,7.0,9.0,13.0,10.0,8.0,
,7.0,11.0,15.0,15.0,9.0,5.0,8.0,7.0,9.0,13.0,10.0,8.0,
,7.0,11.0,15.0,15.0,9.0,5.0,8.0,7.0,9.0,13.0,10.0,8.0,
,7.0,11.0,15.0,15.0,9.0,5.0,8.0,7.0,9.0,13.0,10.0,8.0,
,7.0,11.0,15.0,15.0,9.0,5.0,8.0,7.0,9.0,13.0,10.0,8.0,
,7.0,11.0,15.0,15.0,9.0,5.0,8.0,7.0,9.0,13.0,10.0,8.0,
,7.0,11.0,15.0,15.0,9.0,5.0,8.0,7.0,9.0,13.0,10.0,8.0,
,7.0,11.0,15.0,15.0,9.0,5.0,8.0,7.0,9.0,13.0,10.0,8.0,
,7.0,11.0,15.0,15.0,9.0,5.0,8.0,7.0,9.0,13.0,10.0,8.0,
,7.0,11.0,15.0,15.0,9.0,5.0,8.0,7.0,9.0,13.0,10.0,8.0,
,5.0,10.0,6.0,9.0,8.0,8.0,8.0,9.0,14.0,10.0,8.0,7.0,102.0
,5.0,10.0,6.0,9.0,8.0,8.0,8.0,9.0,14.0,10.0,8.0,7.0,
,5.0,10.0,6.0,9.0,8.0,8.0,8.0,9.0,14.0,10.0,8.0,7.0,
,5.0,10.0,6.0,9.0,8.0,8.0,8.0,9.0,14.0,10.0,8.0,7.0,
,5.0,10.0,6.0,9.0,8.0,8.0,8.0,9.0,14.0,10.0,8.0,7.0,
,5.0,10.0,6.0,9.0,8.0,8.0,8.0,9.0,14.0,10.0,8.0,7.0,
,5.0,10.0,6.0,9.0,8.0,8.0,8.0,9.0,14.0,10.0,8.0,7.0,
,5.0,10.0,6.0,9.0,8.0,8.0,8.0,9.0,14.0,10.0,8.0,7.0,
,5.0,10.0,6.0,9.0,8.0,8.0,8.0,9.0,14.0,10.0,8.0,7.0,
,5.0,10.0,6.0,9.0,8.0,8.0,8.0,9.0,14.0,10.0,8.0,7.0,
,5.0,10.0,6.0,9.0,8.0,8.0,8.0,9.0,14.0,10.0,8.0,7.0,
,5.0,10.0,6.0,9.0,8.0,8.0,8.0,9.0,14.0,10.0,8.0,7.0,
,9.0,11.0,11.0,8.0,22.0,5.0,11.0,6.0,8.0,5.0,12.0,8.0,116.0
,9.0,11.0,11.0,8.0,22.0,5.0,11.0,6.0,8.0,5.0,12.0,8.0,
,9.0,11.0,11.0,8.0,22.0,5.0,11.0,6.0,8.0,5.0,12.0,8.0,
,9.0,11.0,11.0,8.0,22.0,5.0,11.0,6.0,8.0,5.0,12.0,8.0,
,9.0,11.0,11.0,8.0,22.0,5.0,11.0,6.0,8.0,5.0,12.0,8.0,
,9.0,11.0,11.0,8.0,22.0,5.0,11.0,6.0,8.0,5.0,12.0,8.0,
,9.0,11.0,11.0,8.0,22.0,5.0,11.0,6.0,8.0,5.0,12.0,8.0,
,9.0,11.0,11.0,8.0,22.0,5.0,11.0,6.0,8.0,5.0,12.0,8.0,
,9.0,11.0,11.0,8.0,22.0,5.0,11.0,6.0,8.0,5.0,12.0,8.0,
,9.0,11.0,11.0,8.0,22.0,5.0,11.0,6.0,8.0,5.0,12.0,8.0,
,9.0,11.0,11.0,8.0,22.0,5.0,11.0,6.0,8.0,5.0,12.0,8.0,
,9.0,11.0,11.0,8.0,22.0,5.0,11.0,6.0,8.0,5.0,12.0,8.0,
,8.0,6.0,10.0,14.0,7.0,8.0,9.0,10.0,5.0,9.0,5.0,8.0,99.0
,8.0,6.0,10.0,14.0,7.0,8.0,9.0,10.0,5.0,9.0,5.0,8.0,
,8.0,6.0,10.0,14.0,7.0,8.0,9.0,10.0,5.0,9.0,5.0,8.0,
,8.0,6.0,10.0,14.0,7.0,8.0,9.0,10.0,5.0,9.0,5.0,8.0,
,8.0,6.0,10.0,14.0,7.0,8.0,9.0,10.0,5.0,9.0,5.0,8.0,
,8.0,6.0,10.0,14.0,7.0,8.0,9.0,10.0,5.0,9.0,5.0,8.0,
,8.0,6.0,10.0,14.0,7.0,8.0,9.0,10.0,5.0,9.0,5.0,8.0,
,8.0,6.0,10.0,14.0,7.0,8.0,9.0,10.0,5.0,9.0,5.0,8.0,
,8.0,6.0,10.0,14.0,7.0,8.0,9.0,10.0,5.0,9.0,5.0,8.0,
,8.0,6.0,10.0,14.0,7.0,8.0,9.0,10.0,5.0,9.0,5.0,8.0,
,8.0,6.0,10.0,14.0,7.0,8.0,9.0,10.0,5.0,9.0,5.0,8.0,
,8.0,6.0,10.0,14.0,7.0,8.0,9.0,10.0,5.0,9.0,5.0,8.0,
,4.0,6.0,7.0,11.0,4.0,5.0,8.0,11.0,6.0,13.0,11.0,6.0,92.0
,4.0,6.0,7.0,11.0,4.0,5.0,8.0,11.0,6.0,13.0,11.0,6.0,
,4.0,6.0,7.0,11.0,4.0,5.0,8.0,11.0,6.0,13.0,11.0,6.0,
,4.0,6.0,7.0,11.0,4.0,5.0,8.0,11.0,6.0,13.0,11.0,6.0,
,4.0,6.0,7.0,11.0,4.0,5.0,8.0,11.0,6.0,13.0,11.0,6.0,
,4.0,6.0,7.0,11.0,4.0,5.0,8.0,11.0,6.0,13.0,11.0,6.0,
,4.0,6.0,7.0,11.0,4.0,5.0,8.0,11.0,6.0,13.0,11.0,6.0,
,4.0,6.0,7.0,11.0,4.0,5.0,8.0,11.0,6.0,13.0,11.0,6.0,
,4.0,6.0,7.0,11.0,4.0,5.0,8.0,11.0,6.0,13.0,11.0,6.0,
,4.0,6.0,7.0,11.0,4.0,5.0,8.0,11.0,6.0,13.0,11.0,6.0,
,4.0,6.0,7.0,11.0,4.0,5.0,8.0,11.0,6.0,13.0,11.0,6.0,
,4.0,6.0,7.0,11.0,4.0,5.0,8.0,11.0,6.0,13.0,11.0,6.0,
,5.0,6.0,10.0,6.0,11.0,9.0,7.0,4.0,8.0,11.0,10.0,11.0,98.0
,5.0,6.0,10.0,6.0,11.0,9.0,7.0,4.0,8.0,11.0,10.0,11.0,
,5.0,6.0,10.0,6.0,11.0,9.0,7.0,4.0,8.0,11.0,10.0,11.0,
,5.0,6.0,10.0,6.0,11.0,9.0,7.0,4.0,8.0,11.0,10.0,11.0,
,5.0,6.0,10.0,6.0,11.0,9.0,7.0,4.0,8.0,11.0,10.0,11.0,
,5.0,6.0,10.0,6.0,11.0,9.0,7.0,4.0,8.0,11.0,10.0,11.0,
,5.0,6.0,10.0,6.0,11.0,9.0,7.0,4.0,8.0,11.0,10.0,11.0,
,5.0,6.0,10.0,6.0,11.0,9.0,7.0,4.0,8.0,11.0,10.0,11.0,
,5.0,6.0,10.0,6.0,11.0,9.0,7.0,4.0,8.0,11.0,10.0,11.0,
,5.0,6.0,10.0,6.0,11.0,9.0,7.0,4.0,8.0,11.0,10.0,11.0,
,5.0,6.0,10.0,6.0,11.0,9.0,7.0,4.0,8.0,11.0,10.0,11.0,
,5.0,6.0,10.0,6.0,11.0,9.0,7.0,4.0,8.0,11.0,10.0,11.0,
,10.0,10.0,11.0,11.0,17.0,13.0,12.0,11.0,11.0,11.0,11.0,5.0,133.0
,10.0,10.0,11.0,11.0,17.0,13.0,12.0,11.0,11.0,11.0,11.0,5.0,
,10.0,10.0,11.0,11.0,17.0,13.0,12.0,11.0,11.0,11.0,11.0,5.0,
,10.0,10.0,11.0,11.0,17.0,13.0,12.0,11.0,11.0,11.0,11.0,5.0,
,10.0,10.0,11.0,11.0,17.0,13.0,12.0,11.0,11.0,11.0,11.0,5.0,
,10.0,10.0,11.0,11.0,17.0,13.0,12.0,11.0,11.0,11.0,11.0,5.0,
,10.0,10.0,11.0,11.0,17.0,13.0,12.0,11.0,11.0,11.0,11.0,5.0,
,10.0,10.0,11.0,11.0,17.0,13.0,12.0,11.0,11.0,11.0,11.0,5.0,
,10.0,10.0,11.0,11.0,17.0,13.0,12.0,11.0,11.0,11.0,11.0,5.0,
,10.0,10.0,11.0,11.0,17.0,13.0,12.0,11.0,11.0,11.0,11.0,5.0,
,10.0,10.0,11.0,11.0,17.0,13.0,12.0,11.0,11.0,11.0,11.0,5.0,
,10.0,10.0,11.0,11.0,17.0,13.0,12.0,11.0,11.0,11.0,11.0,5.0,
,10.0,7.0,6.0,15.0,15.0,14.0,10.0,8.0,7.0,7.0,10.0,20.0,129.0
,10.0,7.0,6.0,15.0,15.0,14.0,10.0,8.0,7.0,7.0,10.0,20.0,
,10.0,7.0,6.0,15.0,15.0,14.0,10.0,8.0,7.0,7.0,10.0,20.0,
,10.0,7.0,6.0,15.0,15.0,14.0,10.0,8.0,7.0,7.0,10.0,20.0,
,10.0,7.0,6.0,15.0,15.0,14.0,10.0,8.0,7.0,7.0,10.0,20.0,
,10.0,7.0,6.0,15.0,15.0,14.0,10.0,8.0,7.0,7.0,10.0,20.0,
,10.0,7.0,6.0,15.0,15.0,14.0,10.0,8.0,7.0,7.0,10.0,20.0,
,10.0,7.0,6.0,15.0,15.0,14.0,10.0,8.0,7.0,7.0,10.0,20.0,
,10.0,7.0,6.0,15.0,15.0,14.0,10.0,8.0,7.0,7.0,10.0,20.0,
,10.0,7.0,6.0,15.0,15.0,14.0,10.0,8.0,7.0,7.0,10.0,20.0,
,10.0,7.0,6.0,15.0,15.0,14.0,10.0,8.0,7.0,7.0,10.0,20.0,
,10.0,7.0,6.0,15.0,15.0,14.0,10.0,8.0,7.0,7.0,10.0,20.0,
,8.0,7.0,8.0,11.0,7.0,6.0,10.0,8.0,9.0,9.0,7.0,7.0,97.0
,8.0,7.0,8.0,11.0,7.0,6.0,10.0,8.0,9.0,9.0,7.0,7.0,
,8.0,7.0,8.0,11.0,7.0,6.0,10.0,8.0,9.0,9.0,7.0,7.0,
,8.0,7.0,8.0,11.0,7.0,6.0,10.0,8.0,9.0,9.0,7.0,7.0,
,8.0,7.0,8.0,11.0,7.0,6.0,10.0,8.0,9.0,9.0,7.0,7.0,
,8.0,7.0,8.0,11.0,7.0,6.0,10.0,8.0,9.0,9.0,7.0,7.0,
,8.0,7.0,8.0,11.0,7.0,6.0,10.0,8.0,9.0,9.0,7.0,7.0,
,8.0,7.0,8.0,11.0,7.0,6.0,10.0,8.0,9.0,9.0,7.0,7.0,
,8.0,7.0,8.0,11.0,7.0,6.0,10.0,8.0,9.0,9.0,7.0,7.0,
,8.0,7.0,8.0,11.0,7.0,6.0,10.0,8.0,9.0,9.0,7.0,7.0,
,8.0,7.0,8.0,11.0,7.0,6.0,10.0,8.0,9.0,9.0,7.0,7.0,
,8.0,7.0,8.0,11.0,7.0,6.0,10.0,8.0,9.0,9.0,7.0,7.0,
,7.0,7.0,14.0,6.0,11.0,6.0,6.0,6.0,6.0,8.0,7.0,4.0,88.0
,7.0,7.0,14.0,6.0,11.0,6.0,6.0,6.0,6.0,8.0,7.0,4.0,
,7.0,7.0,14.0,6.0,11.0,6.0,6.0,6.0,6.0,8.0,7.0,4.0,
,7.0,7.0,14.0,6.0,11.0,6.0,6.0,6.0,6.0,8.0,7.0,4.0,
,7.0,7.0,14.0,6.0,11.0,6.0,6.0,6.0,6.0,8.0,7.0,4.0,
,7.0,7.0,14.0,6.0,11.0,6.0,6.0,6.0,6.0,8.0,7.0,4.0,
,7.0,7.0,14.0,6.0,11.0,6.0,6.0,6.0,6.0,8.0,7.0,4.0,
,7.0,7.0,14.0,6.0,11.0,6.0,6.0,6.0,6.0,8.0,7.0,4.0,
,7.0,7.0,14.0,6.0,11.0,6.0,6.0,6.0,6.0,8.0,7.0,4.0,
,7.0,7.0,14.0,6.0,11.0,6.0,6.0,6.0,6.0,8.0,7.0,4.0,
,7.0,7.0,14.0,6.0,11.0,6.0,6.0,6.0,6.0,8.0,7.0,4.0,
,7.0,7.0,14.0,6.0,11.0,6.0,6.0,6.0,6.0,8.0,7.0,4.0,
,19.0,8.0,6.0,7.0,8.0,16.0,10.0,7.0,16.0,5.0,9.0,11.0,122.0
,19.0,8.0,6.0,7.0,8.0,16.0,10.0,7.0,16.0,5.0,9.0,11.0,
,19.0,8.0,6.0,7.0,8.0,16.0,10.0,7.0,16.0,5.0,9.0,11.0,
,19.0,8.0,6.0,7.0,8.0,16.0,10.0,7.0,16.0,5.0,9.0,11.0,
,19.0,8.0,6.0,7.0,8.0,16.0,10.0,7.0,16.0,5.0,9.0,11.0,
,19.0,8.0,6.0,7.0,8.0,16.0,10.0,7.0,16.0,5.0,9.0,11.0,
,19.0,8.0,6.0,7.0,8.0,16.0,10.0,7.0,16.0,5.0,9.0,11.0,
,19.0,8.0,6.0,7.0,8.0,16.0,10.0,7.0,16.0,5.0,9.0,11.0,
,19.0,8.0,6.0,7.0,8.0,16.0,10.0,7.0,16.0,5.0,9.0,11.0,
,19.0,8.0,6.0,7.0,8.0,16.0,10.0,7.0,16.0,5.0,9.0,11.0,
,19.0,8.0,6.0,7.0,8.0,16.0,10.0,7.0,16.0,5.0,9.0,11.0,
,19.0,8.0,6.0,7.0,8.0,16.0,10.0,7.0,16.0,5.0,9.0,11.0,
,7.0,6.0,8.0,9.0,8.0,10.0,16.0,11.0,6.0,4.0,5.0,9.0,99.0
,7.0,6.0,8.0,9.0,8.0,10.0,16.0,11.0,6.0,4.0,5.0,9.0,
,7.0,6.0,8.0,9.0,8.0,10.0,16.0,11.0,6.0,4.0,5.0,9.0,
,7.0,6.0,8.0,9.0,8.0,10.0,16.0,11.0,6.0,4.0,5.0,9.0,
,7.0,6.0,8.0,9.0,8.0,10.0,16.0,11.0,6.0,4.0,5.0,9.0,
,7.0,6.0,8.0,9.0,8.0,10.0,16.0,11.0,6.0,4.0,5.0,9.0,
,7.0,6.0,8.0,9.0,8.0,10.0,16.0,11.0,6.0,4.0,5.0,9.0,
,7.0,6.0,8.0,9.0,8.0,10.0,16.0,11.0,6.0,4.0,5.0,9.0,
,7.0,6.0,8.0,9.0,8.0,10.0,16.0,11.0,6.0,4.0,5.0,9.0,
,7.0,6.0,8.0,9.0,8.0,10.0,16.0,11.0,6.0,4.0,5.0,9.0,
,7.0,6.0,8.0,9.0,8.0,10.0,16.0,11.0,6.0,4.0,5.0,9.0,
,7.0,6.0,8.0,9.0,8.0,10.0,16.0,11.0,6.0,4.0,5.0,9.0,
,7.0,9.0,6.0,8.0,11.0,8.0,5.0,8.0,9.0,13.0,6.0,12.0,102.0
,7.0,9.0,6.0,8.0,11.0,8.0,5.0,8.0,9.0,13.0,6.0,12.0,
,7.0,9.0,6.0,8.0,11.0,8.0,5.0,8.0,9.0,13.0,6.0,12.0,
,7.0,9.0,6.0,8.0,11.0,8.0,5.0,8.0,9.0,13.0,6.0,12.0,
,7.0,9.0,6.0,8.0,11.0,8.0,5.0,8.0,9.0,13.0,6.0,12.0,
,7.0,9.0,6.0,8.0,11.0,8.0,5.0,8.0,9.0,13.0,6.0,12.0,
,7.0,9.0,6.0,8.0,11.0,8.0,5.0,8.0,9.0,13.0,6.0,12.0,
,7.0,9.0,6.0,8.0,11.0,8.0,5.0,8.0,9.0,13.0,6.0,12.0,
,7.0,9.0,6.0,8.0,11.0,8.0,5.0,8.0,9.0,13.0,6.0,12.0,
,7.0,9.0,6.0,8.0,11.0,8.0,5.0,8.0,9.0,13.0,6.0,12.0,
,7.0,9.0,6.0,8.0,11.0,8.0,5.0,8.0,9.0,13.0,6.0,12.0,
,7.0,9.0,6.0,8.0,11.0,8.0,5.0,8.0,9.0,13.0,6.0,12.0,
,6.0,7.0,9.0,8.0,4.0,15.0,11.0,17.0,12.0,6.0,7.0,10.0,112.0
,6.0,7.0,9.0,8.0,4.0,15.0,11.0,17.0,12.0,6.0,7.0,10.0,
,6.0,7.0,9.0,8.0,4.0,15.0,11.0,17.0,12.0,6.0,7.0,10.0,
,6.0,7.0,9.0,8.0,4.0,15.0,11.0,17.0,12.0,6.0,7.0,10.0,
,6.0,7.0,9.0,8.0,4.0,15.0,11.0,17.0,12.0,6.0,7.0,10.0,
,6.0,7.0,9.0,8.0,4.0,15.0,11.0,17.0,12.0,6.0,7.0,10.0,
,6.0,7.0,9.0,8.0,4.0,15.0,11.0,17.0,12.0,6.0,7.0,10.0,
,6.0,7.0,9.0,8.0,4.0,15.0,11.0,17.0,12.0,6.0,7.0,10.0,
,6.0,7.0,9.0,8.0,4.0,15.0,11.0,17.0,12.0,6.0,7.0,10.0,
,6.0,7.0,9.0,8.0,4.0,15.0,11.0,17.0,12.0,6.0,7.0,10.0,
,6.0,7.0,9.0,8.0,4.0,15.0,11.0,17.0,12.0,6.0,7.0,10.0,
,6.0,7.0,9.0,8.0,4.0,15.0,11.0,17.0,12.0,6.0,7.0,10.0,
,9.0,9.0,15.0,12.0,7.0,11.0,7.0,10.0,10.0,16.0,8.0,10.0,124.0
,9.0,9.0,15.0,12.0,7.0,11.0,7.0,10.0,10.0,16.0,8.0,10.0,
,9.0,9.0,15.0,12.0,7.0,11.0,7.0,10.0,10.0,16.0,8.0,10.0,
,9.0,9.0,15.0,12.0,7.0,11.0,7.0,10.0,10.0,16.0,8.0,10.0,
,9.0,9.0,15.0,12.0,7.0,11.0,7.0,10.0,10.0,16.0,8.0,10.0,
,9.0,9.0,15.0,12.0,7.0,11.0,7.0,10.0,10.0,16.0,8.0,10.0,
,9.0,9.0,15.0,12.0,7.0,11.0,7.0,10.0,10.0,16.0,8.0,10.0,
,9.0,9.0,15.0,12.0,7.0,11.0,7.0,10.0,10.0,16.0,8.0,10.0,
,9.0,9.0,15.0,12.0,7.0,11.0,7.0,10.0,10.0,16.0,8.0,10.0,
,9.0,9.0,15.0,12.0,7.0,11.0,7.0,10.0,10.0,16.0,8.0,10.0,
,9.0,9.0,15.0,12.0,7.0,11.0,7.0,10.0,10.0,16.0,8.0,10.0,
,9.0,9.0,15.0,12.0,7.0,11.0,7.0,10.0,10.0,16.0,8.0,10.0,
,6.0,8.0,7.0,24.0,10.0,8.0,14.0,9.0,4.0,8.0,9.0,16.0,123.0
,6.0,8.0,7.0,24.0,10.0,8.0,14.0,9.0,4.0,8.0,9.0,16.0,
,6.0,8.0,7.0,24.0,10.0,8.0,14.0,9.0,4.0,8.0,9.0,16.0,
,6.0,8.0,7.0,24.0,10.0,8.0,14.0,9.0,4.0,8.0,9.0,16.0,
,6.0,8.0,7.0,24.0,10.0,8.0,14.0,9.0,4.0,8.0,9.0,16.0,
,6.0,8.0,7.0,24.0,10.0,8.0,14.0,9.0,4.0,8.0,9.0,16.0,
,6.0,8.0,7.0,24.0,10.0,8.0,14.0,9.0,4.0,8.0,9.0,16.0,
,6.0,8.0,7.0,24.0,10.0,8.0,14.0,9.0,4.0,8.0,9.0,16.0,
,6.0,8.0,7.0,24.0,10.0,8.0,14.0,9.0,4.0,8.0,9.0,16.0,
,6.0,8.0,7.0,24.0,10.0,8.0,14.0,9.0,4.0,8.0,9.0,16.0,
,6.0,8.0,7.0,24.0,10.0,8.0,14.0,9.0,4.0,8.0,9.0,16.0,
,6.0,8.0,7.0,24.0,10.0,8.0,14.0,9.0,4.0,8.0,9.0,16.0,
,10.0,6.0,5.0,17.0,6.0,10.0,5.0,8.0,7.0,5.0,7.0,8.0,94.0
,10.0,6.0,5.0,17.0,6.0,10.0,5.0,8.0,7.0,5.0,7.0,8.0,
,10.0,6.0,5.0,17.0,6.0,10.0,5.0,8.0,7.0,5.0,7.0,8.0,
,10.0,6.0,5.0,17.0,6.0,10.0,5.0,8.0,7.0,5.0,7.0,8.0,
,10.0,6.0,5.0,17.0,6.0,10.0,5.0,8.0,7.0,5.0,7.0,8.0,
,10.0,6.0,5.0,17.0,6.0,10.0,5.0,8.0,7.0,5.0,7.0,8.0,
,10.0,6.0,5.0,17.0,6.0,10.0,5.0,8.0,7.0,5.0,7.0,8.0,
,10.0,6.0,5.0,17.0,6.0,10.0,5.0,8.0,7.0,5.0,7.0,8.0,
,10.0,6.0,5.0,17.0,6.0,10.0,5.0,8.0,7.0,5.0,7.0,8.0,
,10.0,6.0,5.0,17.0,6.0,10.0,5.0,8.0,7.0,5.0,7.0,8.0,
,10.0,6.0,5.0,17.0,6.0,10.0,5.0,8.0,7.0,5.0,7.0,8.0,
,10.0,6.0,5.0,17.0,6.0,10.0,5.0,8.0,7.0,5.0,7.0,8.0,
,10.0,9.0,10.0,12.0,14.0,10.0,6.0,7.0,3.0,7.0,7.0,7.0,102.0
,10.0,9.0,10.0,12.0,14.0,10.0,6.0,7.0,3.0,7.0,7.0,7.0,
,10.0,9.0,10.0,12.0,14.0,10.0,6.0,7.0,3.0,7.0,7.0,7.0,
,10.0,9.0,10.0,12.0,14.0,10.0,6.0,7.0,3.0,7.0,7.0,7.0,
,10.0,9.0,10.0,12.0,14.0,10.0,6.0,7.0,3.0,7.0,7.0,7.0,
,10.0,9.0,10.0,12.0,14.0,10.0,6.0,7.0,3.0,7.0,7.0,7.0,
,10.0,9.0,10.0,12.0,14.0,10.0,6.0,7.0,3.0,7.0,7.0,7.0,
,10.0,9.0,10.0,12.0,14.0,10.0,6.0,7.0,3.0,7.0,7.0,7.0,
,10.0,9.0,10.0,12.0,14.0,10.0,6.0,7.0,3.0,7.0,7.0,7.0,
,10.0,9.0,10.0,12.0,14.0,10.0,6.0,7.0,3.0,7.0,7.0,7.0,
,10.0,9.0,10.0,12.0,14.0,10.0,6.0,7.0,3.0,7.0,7.0,7.0,
,10.0,9.0,10.0,12.0,14.0,10.0,6.0,7.0,3.0,7.0,7.0,7.0,
,4.0,9.0,8.0,6.0,3.0,9.0,10.0,10.0,7.0,7.0,7.0,8.0,88.0
,4.0,9.0,8.0,6.0,3.0,9.0,10.0,10.0,7.0,7.0,7.0,8.0,
,4.0,9.0,8.0,6.0,3.0,9.0,10.0,10.0,7.0,7.0,7.0,8.0,
,4.0,9.0,8.0,6.0,3.0,9.0,10.0,10.0,7.0,7.0,7.0,8.0,
,4.0,9.0,8.0,6.0,3.0,9.0,10.0,10.0,7.0,7.0,7.0,8.0,
,4.0,9.0,8.0,6.0,3.0,9.0,10.0,10.0,7.0,7.0,7.0,8.0,
,4.0,9.0,8.0,6.0,3.0,9.0,10.0,10.0,7.0,7.0,7.0,8.0,
,4.0,9.0,8.0,6.0,3.0,9.0,10.0,10.0,7.0,7.0,7.0,8.0,
,4.0,9.0,8.0,6.0,3.0,9.0,10.0,10.0,7.0,7.0,7.0,8.0,
,4.0,9.0,8.0,6.0,3.0,9.0,10.0,10.0,7.0,7.0,7.0,8.0,
,4.0,9.0,8.0,6.0,3.0,9.0,10.0,10.0,7.0,7.0,7.0,8.0,
,4.0,9.0,8.0,6.0,3.0,9.0,10.0,10.0,7.0,7.0,7.0,8.0,
,7.0,7.0,17.0,19.0,8.0,10.0,16.0,23.0,7.0,10.0,13.0,,
,7.0,7.0,17.0,19.0,8.0,10.0,16.0,23.0,7.0,10.0,13.0,,
,7.0,7.0,17.0,19.0,8.0,10.0,16.0,23.0,7.0,10.0,13.0,,
,7.0,7.0,17.0,19.0,8.0,10.0,16.0,23.0,7.0,10.0,13.0,,
,7.0,7.0,17.0,19.0,8.0,10.0,16.0,23.0,7.0,10.0,13.0,,
,7.0,7.0,17.0,19.0,8.0,10.0,16.0,23.0,7.0,10.0,13.0,,
,7.0,7.0,17.0,19.0,8.0,10.0,16.0,23.0,7.0,10.0,13.0,,
,7.0,7.0,17.0,19.0,8.0,10.0,16.0,23.0,7.0,10.0,13.0,,
,7.0,7.0,17.0,19.0,8.0,10.0,16.0,23.0,7.0,10.0,13.0,,
,7.0,7.0,17.0,19.0,8.0,10.0,16.0,23.0,7.0,10.0,13.0,,
,7.0,7.0,17.0,19.0,8.0,10.0,16.0,23.0,7.0,10.0,13.0,,
,7.0,7.0,17.0,19.0,8.0,10.0,16.0,23.0,7.0,10.0,13.0,,
