year,jan,feb,mar,apr,may,jun,jul,aug,sep,oct,nov,dec,annual
,2.0,0.0,2.0,3.0,1.0,4.0,2.0,0.0,0.0,0.0,1.0,3.0,18.0
,2.0,0.0,2.0,3.0,1.0,4.0,2.0,0.0,0.0,0.0,1.0,3.0,
,2.0,0.0,2.0,3.0,1.0,4.0,2.0,0.0,0.0,0.0,1.0,3.0,
,2.0,0.0,2.0,3.0,1.0,4.0,2.0,0.0,0.0,0.0,1.0,3.0,
,2.0,0.0,2.0,3.0,1.0,4.0,2.0,0.0,0.0,0.0,1.0,3.0,
,2.0,0.0,2.0,3.0,1.0,4.0,2.0,0.0,0.0,0.0,1.0,3.0,
,2.0,0.0,2.0,3.0,1.0,4.0,2.0,0.0,0.0,0.0,1.0,3.0,
,2.0,0.0,2.0,3.0,1.0,4.0,2.0,0.0,0.0,0.0,1.0,3.0,
,2.0,0.0,2.0,3.0,1.0,4.0,2.0,0.0,0.0,0.0,1.0,3.0,
,2.0,0.0,2.0,3.0,1.0,4.0,2.0,0.0,0.0,0.0,1.0,3.0,
,2.0,0.0,2.0,3.0,1.0,4.0,2.0,0.0,0.0,0.0,1.0,3.0,
,2.0,0.0,2.0,3.0,1.0,4.0,2.0,0.0,0.0,0.0,1.0,3.0,
,5.0,7.0,2.0,6.0,8.0,4.0,3.0,4.0,3.0,9.0,1.0,1.0,53.0
,5.0,7.0,2.0,6.0,8.0,4.0,3.0,4.0,3.0,9.0,1.0,1.0,
,5.0,7.0,2.0,6.0,8.0,4.0,3.0,4.0,3.0,9.0,1.0,1.0,
,5.0,7.0,2.0,6.0,8.0,4.0,3.0,4.0,3.0,9.0,1.0,1.0,
,5.0,7.0,2.0,6.0,8.0,4.0,3.0,4.0,3.0,9.0,1.0,1.0,
,5.0,7.0,2.0,6.0,8.0,4.0,3.0,4.0,3.0,9.0,1.0,1.0,
,5.0,7.0,2.0,6.0,8.0,4.0,3.0,4.0,3.0,9.0,1.0,1.0,
,5.0,7.0,2.0,6.0,8.0,4.0,3.0,4.0,3.0,9.0,1.0,1.0,
,5.0,7.0,2.0,6.0,8.0,4.0,3.0,4.0,3.0,9.0,1.0,1.0,
,5.0,7.0,2.0,6.0,8.0,4.0,3.0,4.0,3.0,9.0,1.0,1.0,
,5.0,7.0,2.0,6.0,8.0,4.0,3.0,4.0,3.0,9.0,1.0,1.0,
,5.0,7.0,2.0,6.0,8.0,4.0,3.0,4.0,3.0,9.0,1.0,1.0,
,0.0,0.0,2.0,3.0,3.0,1.0,3.0,3.0,0.0,3.0,4.0,2.0,24.0
,0.0,0.0,2.0,3.0,3.0,1.0,3.0,3.0,0.0,3.0,4.0,2.0,
,0.0,0.0,2.0,3.0,3.0,1.0,3.0,3.0,0.0,3.0,4.0,2.0,
,0.0,0.0,2.0,3.0,3.0,1.0,3.0,3.0,0.0,3.0,4.0,2.0,
,0.0,0.0,2.0,3.0,3.0,1.0,3.0,3.0,0.0,3.0,4.0,2.0,
,0.0,0.0,2.0,3.0,3.0,1.0,3.0,3.0,0.0,3.0,4.0,2.0,
,0.0,0.0,2.0,3.0,3.0,1.0,3.0,3.0,0.0,3.0,4.0,2.0,
,0.0,0.0,2.0,3.0,3.0,1.0,3.0,3.0,0.0,3.0,4.0,2.0,
,0.0,0.0,2.0,3.0,3.0,1.0,3.0,3.0,0.0,3.0,4.0,2.0,
,0.0,0.0,2.0,3.0,3.0,1.0,3.0,3.0,0.0,3.0,4.0,2.0,
,0.0,0.0,2.0,3.0,3.0,1.0,3.0,3.0,0.0,3.0,4.0,2.0,
,0.0,0.0,2.0,3.0,3.0,1.0,3.0,3.0,0.0,3.0,4.0,2.0,
,2.0,4.0,4.0,2.0,0.0,3.0,5.0,2.0,6.0,6.0,6.0,8.0,48.0
,2.0,4.0,4.0,2.0,0.0,3.0,5.0,2.0,6.0,6.0,6.0,8.0,
,2.0,4.0,4.0,2.0,0.0,3.0,5.0,2.0,6.0,6.0,6.0,8.0,
,2.0,4.0,4.0,2.0,0.0,3.0,5.0,2.0,6.0,6.0,6.0,8.0,
,2.0,4.0,4.0,2.0,0.0,3.0,5.0,2.0,6.0,6.0,6.0,8.0,
,2.0,4.0,4.0,2.0,0.0,3.0,5.0,2.0,6.0,6.0,6.0,8.0,
,2.0,4.0,4.0,2.0,0.0,3.0,5.0,2.0,6.0,6.0,6.0,8.0,
,2.0,4.0,4.0,2.0,0.0,3.0,5.0,2.0,6.0,6.0,6.0,8.0,
,2.0,4.0,4.0,2.0,0.0,3.0,5.0,2.0,6.0,6.0,6.0,8.0,
,2.0,4.0,4.0,2.0,0.0,3.0,5.0,2.0,6.0,6.0,6.0,8.0,
,2.0,4.0,4.0,2.0,0.0,3.0,5.0,2.0,6.0,6.0,6.0,8.0,
,2.0,4.0,4.0,2.0,0.0,3.0,5.0,2.0,6.0,6.0,6.0,8.0,
,4.0,1.0,9.0,1.0,6.0,0.0,5.0,2.0,2.0,2.0,0.0,4.0,36.0
,4.0,1.0,9.0,1.0,6.0,0.0,5.0,2.0,2.0,2.0,0.0,4.0,
,4.0,1.0,9.0,1.0,6.0,0.0,5.0,2.0,2.0,2.0,0.0,4.0,
,4.0,1.0,9.0,1.0,6.0,0.0,5.0,2.0,2.0,2.0,0.0,4.0,
,4.0,1.0,9.0,1.0,6.0,0.0,5.0,2.0,2.0,2.0,0.0,4.0,
,4.0,1.0,9.0,1.0,6.0,0.0,5.0,2.0,2.0,2.0,0.0,4.0,
,4.0,1.0,9.0,1.0,6.0,0.0,5.0,2.0,2.0,2.0,0.0,4.0,
,4.0,1.0,9.0,1.0,6.0,0.0,5.0,2.0,2.0,2.0,0.0,4.0,
,4.0,1.0,9.0,1.0,6.0,0.0,5.0,2.0,2.0,2.0,0.0,4.0,
,4.0,1.0,9.0,1.0,6.0,0.0,5.0,2.0,2.0,2.0,0.0,4.0,
,4.0,1.0,9.0,1.0,6.0,0.0,5.0,2.0,2.0,2.0,0.0,4.0,
,4.0,1.0,9.0,1.0,6.0,0.0,5.0,2.0,2.0,2.0,0.0,4.0,
,1.0,2.0,7.0,0.0,2.0,1.0,4.0,5.0,5.0,4.0,2.0,1.0,34.0
,1.0,2.0,7.0,0.0,2.0,1.0,4.0,5.0,5.0,4.0,2.0,1.0,
,1.0,2.0,7.0,0.0,2.0,1.0,4.0,5.0,5.0,4.0,2.0,1.0,
,1.0,2.0,7.0,0.0,2.0,1.0,4.0,5.0,5.0,4.0,2.0,1.0,
,1.0,2.0,7.0,0.0,2.0,1.0,4.0,5.0,5.0,4.0,2.0,1.0,
,1.0,2.0,7.0,0.0,2.0,1.0,4.0,5.0,5.0,4.0,2.0,1.0,
,1.0,2.0,7.0,0.0,2.0,1.0,4.0,5.0,5.0,4.0,2.0,1.0,
,1.0,2.0,7.0,0.0,2.0,1.0,4.0,5.0,5.0,4.0,2.0,1.0,
,1.0,2.0,7.0,0.0,2.0,1.0,4.0,5.0,5.0,4.0,2.0,1.0,
,1.0,2.0,7.0,0.0,2.0,1.0,4.0,5.0,5.0,4.0,2.0,1.0,
,1.0,2.0,7.0,0.0,2.0,1.0,4.0,5.0,5.0,4.0,2.0,1.0,
,1.0,2.0,7.0,0.0,2.0,1.0,4.0,5.0,5.0,4.0,2.0,1.0,
,4.0,5.0,4.0,3.0,0.0,30.0,2.0,0.0,2.0,0.0,1.0,3.0,54.0
,4.0,5.0,4.0,3.0,0.0,30.0,2.0,0.0,2.0,0.0,1.0,3.0,
,4.0,5.0,4.0,3.0,0.0,30.0,2.0,0.0,2.0,0.0,1.0,3.0,
,4.0,5.0,4.0,3.0,0.0,30.0,2.0,0.0,2.0,0.0,1.0,3.0,
,4.0,5.0,4.0,3.0,0.0,30.0,2.0,0.0,2.0,0.0,1.0,3.0,
,4.0,5.0,4.0,3.0,0.0,30.0,2.0,0.0,2.0,0.0,1.0,3.0,
,4.0,5.0,4.0,3.0,0.0,30.0,2.0,0.0,2.0,0.0,1.0,3.0,
,4.0,5.0,4.0,3.0,0.0,30.0,2.0,0.0,2.0,0.0,1.0,3.0,
,4.0,5.0,4.0,3.0,0.0,30.0,2.0,0.0,2.0,0.0,1.0,3.0,
,4.0,5.0,4.0,3.0,0.0,30.0,2.0,0.0,2.0,0.0,1.0,3.0,
,4.0,5.0,4.0,3.0,0.0,30.0,2.0,0.0,2.0,0.0,1.0,3.0,
,4.0,5.0,4.0,3.0,0.0,30.0,2.0,0.0,2.0,0.0,1.0,3.0,
,5.0,6.0,1.0,15.0,14.0,0.0,1.0,0.0,4.0,3.0,0.0,0.0,49.0
,5.0,6.0,1.0,15.0,14.0,0.0,1.0,0.0,4.0,3.0,0.0,0.0,
,5.0,6.0,1.0,15.0,14.0,0.0,1.0,0.0,4.0,3.0,0.0,0.0,
,5.0,6.0,1.0,15.0,14.0,0.0,1.0,0.0,4.0,3.0,0.0,0.0,
,5.0,6.0,1.0,15.0,14.0,0.0,1.0,0.0,4.0,3.0,0.0,0.0,
,5.0,6.0,1.0,15.0,14.0,0.0,1.0,0.0,4.0,3.0,0.0,0.0,
,5.0,6.0,1.0,15.0,14.0,0.0,1.0,0.0,4.0,3.0,0.0,0.0,
,5.0,6.0,1.0,15.0,14.0,0.0,1.0,0.0,4.0,3.0,0.0,0.0,
,5.0,6.0,1.0,15.0,14.0,0.0,1.0,0.0,4.0,3.0,0.0,0.0,
,5.0,6.0,1.0,15.0,14.0,0.0,1.0,0.0,4.0,3.0,0.0,0.0,
,5.0,6.0,1.0,15.0,14.0,0.0,1.0,0.0,4.0,3.0,0.0,0.0,
,5.0,6.0,1.0,15.0,14.0,0.0,1.0,0.0,4.0,3.0,0.0,0.0,
,5.0,5.0,2.0,3.0,3.0,2.0,0.0,7.0,3.0,8.0,2.0,4.0,44.0
,5.0,5.0,2.0,3.0,3.0,2.0,0.0,7.0,3.0,8.0,2.0,4.0,
,5.0,5.0,2.0,3.0,3.0,2.0,0.0,7.0,3.0,8.0,2.0,4.0,
,5.0,5.0,2.0,3.0,3.0,2.0,0.0,7.0,3.0,8.0,2.0,4.0,
,5.0,5.0,2.0,3.0,3.0,2.0,0.0,7.0,3.0,8.0,2.0,4.0,
,5.0,5.0,2.0,3.0,3.0,2.0,0.0,7.0,3.0,8.0,2.0,4.0,
,5.0,5.0,2.0,3.0,3.0,2.0,0.0,7.0,3.0,8.0,2.0,4.0,
,5.0,5.0,2.0,3.0,3.0,2.0,0.0,7.0,3.0,8.0,2.0,4.0,
,5.0,5.0,2.0,3.0,3.0,2.0,0.0,7.0,3.0,8.0,2.0,4.0,
,5.0,5.0,2.0,3.0,3.0,2.0,0.0,7.0,3.0,8.0,2.0,4.0,
,5.0,5.0,2.0,3.0,3.0,2.0,0.0,7.0,3.0,8.0,2.0,4.0,
,5.0,5.0,2.0,3.0,3.0,2.0,0.0,7.0,3.0,8.0,2.0,4.0,
,3.0,2.0,0.0,0.0,0.0,1.0,1.0,2.0,3.0,2.0,9.0,6.0,29.0
,3.0,2.0,0.0,0.0,0.0,1.0,1.0,2.0,3.0,2.0,9.0,6.0,
,3.0,2.0,0.0,0.0,0.0,1.0,1.0,2.0,3.0,2.0,9.0,6.0,
,3.0,2.0,0.0,0.0,0.0,1.0,1.0,2.0,3.0,2.0,9.0,6.0,
,3.0,2.0,0.0,0.0,0.0,1.0,1.0,2.0,3.0,2.0,9.0,6.0,
,3.0,2.0,0.0,0.0,0.0,1.0,1.0,2.0,3.0,2.0,9.0,6.0,
,3.0,2.0,0.0,0.0,0.0,1.0,1.0,2.0,3.0,2.0,9.0,6.0,
,3.0,2.0,0.0,0.0,0.0,1.0,1.0,2.0,3.0,2.0,9.0,6.0,
,3.0,2.0,0.0,0.0,0.0,1.0,1.0,2.0,3.0,2.0,9.0,6.0,
,3.0,2.0,0.0,0.0,0.0,1.0,1.0,2.0,3.0,2.0,9.0,6.0,
,3.0,2.0,0.0,0.0,0.0,1.0,1.0,2.0,3.0,2.0,9.0,6.0,
,3.0,2.0,0.0,0.0,0.0,1.0,1.0,2.0,3.0,2.0,9.0,6.0,
,1.0,3.0,1.0,7.0,6.0,5.0,1.0,0.0,0.0,4.0,3.0,4.0,35.0
,1.0,3.0,1.0,7.0,6.0,5.0,1.0,0.0,0.0,4.0,3.0,4.0,
,1.0,3.0,1.0,7.0,6.0,5.0,1.0,0.0,0.0,4.0,3.0,4.0,
,1.0,3.0,1.0,7.0,6.0,5.0,1.0,0.0,0.0,4.0,3.0,4.0,
,1.0,3.0,1.0,7.0,6.0,5.0,1.0,0.0,0.0,4.0,3.0,4.0,
,1.0,3.0,1.0,7.0,6.0,5.0,1.0,0.0,0.0,4.0,3.0,4.0,
,1.0,3.0,1.0,7.0,6.0,5.0,1.0,0.0,0.0,4.0,3.0,4.0,
,1.0,3.0,1.0,7.0,6.0,5.0,1.0,0.0,0.0,4.0,3.0,4.0,
,1.0,3.0,1.0,7.0,6.0,5.0,1.0,0.0,0.0,4.0,3.0,4.0,
,1.0,3.0,1.0,7.0,6.0,5.0,1.0,0.0,0.0,4.0,3.0,4.0,
,1.0,3.0,1.0,7.0,6.0,5.0,1.0,0.0,0.0,4.0,3.0,4.0,
,1.0,3.0,1.0,7.0,6.0,5.0,1.0,0.0,0.0,4.0,3.0,4.0,
,5.0,5.0,1.0,4.0,1.0,0.0,2.0,2.0,1.0,5.0,4.0,0.0,30.0
,5.0,5.0,1.0,4.0,1.0,0.0,2.0,2.0,1.0,5.0,4.0,0.0,
,5.0,5.0,1.0,4.0,1.0,0.0,2.0,2.0,1.0,5.0,4.0,0.0,
,5.0,5.0,1.0,4.0,1.0,0.0,2.0,2.0,1.0,5.0,4.0,0.0,
,5.0,5.0,1.0,4.0,1.0,0.0,2.0,2.0,1.0,5.0,4.0,0.0,
,5.0,5.0,1.0,4.0,1.0,0.0,2.0,2.0,1.0,5.0,4.0,0.0,
,5.0,5.0,1.0,4.0,1.0,0.0,2.0,2.0,1.0,5.0,4.0,0.0,
,5.0,5.0,1.0,4.0,1.0,0.0,2.0,2.0,1.0,5.0,4.0,0.0,
,5.0,5.0,1.0,4.0,1.0,0.0,2.0,2.0,1.0,5.0,4.0,0.0,
,5.0,5.0,1.0,4.0,1.0,0.0,2.0,2.0,1.0,5.0,4.0,0.0,
,5.0,5.0,1.0,4.0,1.0,0.0,2.0,2.0,1.0,5.0,4.0,0.0,
,5.0,5.0,1.0,4.0,1.0,0.0,2.0,2.0,1.0,5.0,4.0,0.0,
,1.0,0.0,0.0,0.0,3.0,0.0,1.0,0.0,2.0,2.0,6.0,1.0,16.0
,1.0,0.0,0.0,0.0,3.0,0.0,1.0,0.0,2.0,2.0,6.0,1.0,
,1.0,0.0,0.0,0.0,3.0,0.0,1.0,0.0,2.0,2.0,6.0,1.0,
,1.0,0.0,0.0,0.0,3.0,0.0,1.0,0.0,2.0,2.0,6.0,1.0,
,1.0,0.0,0.0,0.0,3.0,0.0,1.0,0.0,2.0,2.0,6.0,1.0,
,1.0,0.0,0.0,0.0,3.0,0.0,1.0,0.0,2.0,2.0,6.0,1.0,
,1.0,0.0,0.0,0.0,3.0,0.0,1.0,0.0,2.0,2.0,6.0,1.0,
,1.0,0.0,0.0,0.0,3.0,0.0,1.0,0.0,2.0,2.0,6.0,1.0,
,1.0,0.0,0.0,0.0,3.0,0.0,1.0,0.0,2.0,2.0,6.0,1.0,
,1.0,0.0,0.0,0.0,3.0,0.0,1.0,0.0,2.0,2.0,6.0,1.0,
,1.0,0.0,0.0,0.0,3.0,0.0,1.0,0.0,2.0,2.0,6.0,1.0,
,1.0,0.0,0.0,0.0,3.0,0.0,1.0,0.0,2.0,2.0,6.0,1.0,
,4.0,0.0,3.0,0.0,0.0,4.0,0.0,9.0,7.0,7.0,5.0,9.0,48.0
,4.0,0.0,3.0,0.0,0.0,4.0,0.0,9.0,7.0,7.0,5.0,9.0,
,4.0,0.0,3.0,0.0,0.0,4.0,0.0,9.0,7.0,7.0,5.0,9.0,
,4.0,0.0,3.0,0.0,0.0,4.0,0.0,9.0,7.0,7.0,5.0,9.0,
,4.0,0.0,3.0,0.0,0.0,4.0,0.0,9.0,7.0,7.0,5.0,9.0,
,4.0,0.0,3.0,0.0,0.0,4.0,0.0,9.0,7.0,7.0,5.0,9.0,
,4.0,0.0,3.0,0.0,0.0,4.0,0.0,9.0,7.0,7.0,5.0,9.0,
,4.0,0.0,3.0,0.0,0.0,4.0,0.0,9.0,7.0,7.0,5.0,9.0,
,4.0,0.0,3.0,0.0,0.0,4.0,0.0,9.0,7.0,7.0,5.0,9.0,
,4.0,0.0,3.0,0.0,0.0,4.0,0.0,9.0,7.0,7.0,5.0,9.0,
,4.0,0.0,3.0,0.0,0.0,4.0,0.0,9.0,7.0,7.0,5.0,9.0,
,4.0,0.0,3.0,0.0,0.0,4.0,0.0,9.0,7.0,7.0,5.0,9.0,
,11.0,6.0,1.0,3.0,4.0,2.0,6.0,0.0,2.0,2.0,4.0,4.0,45.0
,11.0,6.0,1.0,3.0,4.0,2.0,6.0,0.0,2.0,2.0,4.0,4.0,
,11.0,6.0,1.0,3.0,4.0,2.0,6.0,0.0,2.0,2.0,4.0,4.0,
,11.0,6.0,1.0,3.0,4.0,2.0,6.0,0.0,2.0,2.0,4.0,4.0,
,11.0,6.0,1.0,3.0,4.0,2.0,6.0,0.0,2.0,2.0,4.0,4.0,
,11.0,6.0,1.0,3.0,4.0,2.0,6.0,0.0,2.0,2.0,4.0,4.0,
,11.0,6.0,1.0,3.0,4.0,2.0,6.0,0.0,2.0,2.0,4.0,4.0,
,11.0,6.0,1.0,3.0,4.0,2.0,6.0,0.0,2.0,2.0,4.0,4.0,
,11.0,6.0,1.0,3.0,4.0,2.0,6.0,0.0,2.0,2.0,4.0,4.0,
,11.0,6.0,1.0,3.0,4.0,2.0,6.0,0.0,2.0,2.0,4.0,4.0,
,11.0,6.0,1.0,3.0,4.0,2.0,6.0,0.0,2.0,2.0,4.0,4.0,
,11.0,6.0,1.0,3.0,4.0,2.0,6.0,0.0,2.0,2.0,4.0,4.0,
,3.0,6.0,12.0,3.0,1.0,3.0,3.0,7.0,4.0,6.0,7.0,4.0,59.0
,3.0,6.0,12.0,3.0,1.0,3.0,3.0,7.0,4.0,6.0,7.0,4.0,
,3.0,6.0,12.0,3.0,1.0,3.0,3.0,7.0,4.0,6.0,7.0,4.0,
,3.0,6.0,12.0,3.0,1.0,3.0,3.0,7.0,4.0,6.0,7.0,4.0,
,3.0,6.0,12.0,3.0,1.0,3.0,3.0,7.0,4.0,6.0,7.0,4.0,
,3.0,6.0,12.0,3.0,1.0,3.0,3.0,7.0,4.0,6.0,7.0,4.0,
,3.0,6.0,12.0,3.0,1.0,3.0,3.0,7.0,4.0,6.0,7.0,4.0,
,3.0,6.0,12.0,3.0,1.0,3.0,3.0,7.0,4.0,6.0,7.0,4.0,
,3.0,6.0,12.0,3.0,1.0,3.0,3.0,7.0,4.0,6.0,7.0,4.0,
,3.0,6.0,12.0,3.0,1.0,3.0,3.0,7.0,4.0,6.0,7.0,4.0,
,3.0,6.0,12.0,3.0,1.0,3.0,3.0,7.0,4.0,6.0,7.0,4.0,
,3.0,6.0,12.0,3.0,1.0,3.0,3.0,7.0,4.0,6.0,7.0,4.0,
,1.0,0.0,3.0,5.0,6.0,0.0,1.0,1.0,3.0,1.0,2.0,0.0,23.0
,1.0,0.0,3.0,5.0,6.0,0.0,1.0,1.0,3.0,1.0,2.0,0.0,
,1.0,0.0,3.0,5.0,6.0,0.0,1.0,1.0,3.0,1.0,2.0,0.0,
,1.0,0.0,3.0,5.0,6.0,0.0,1.0,1.0,3.0,1.0,2.0,0.0,
,1.0,0.0,3.0,5.0,6.0,0.0,1.0,1.0,3.0,1.0,2.0,0.0,
,1.0,0.0,3.0,5.0,6.0,0.0,1.0,1.0,3.0,1.0,2.0,0.0,
,1.0,0.0,3.0,5.0,6.0,0.0,1.0,1.0,3.0,1.0,2.0,0.0,
,1.0,0.0,3.0,5.0,6.0,0.0,1.0,1.0,3.0,1.0,2.0,0.0,
,1.0,0.0,3.0,5.0,6.0,0.0,1.0,1.0,3.0,1.0,2.0,0.0,
,1.0,0.0,3.0,5.0,6.0,0.0,1.0,1.0,3.0,1.0,2.0,0.0,
,1.0,0.0,3.0,5.0,6.0,0.0,1.0,1.0,3.0,1.0,2.0,0.0,
,1.0,0.0,3.0,5.0,6.0,0.0,1.0,1.0,3.0,1.0,2.0,0.0,
,4.0,1.0,3.0,11.0,9.0,4.0,0.0,5.0,2.0,0.0,3.0,0.0,42.0
,4.0,1.0,3.0,11.0,9.0,4.0,0.0,5.0,2.0,0.0,3.0,0.0,
,4.0,1.0,3.0,11.0,9.0,4.0,0.0,5.0,2.0,0.0,3.0,0.0,
,4.0,1.0,3.0,11.0,9.0,4.0,0.0,5.0,2.0,0.0,3.0,0.0,
,4.0,1.0,3.0,11.0,9.0,4.0,0.0,5.0,2.0,0.0,3.0,0.0,
,4.0,1.0,3.0,11.0,9.0,4.0,0.0,5.0,2.0,0.0,3.0,0.0,
,4.0,1.0,3.0,11.0,9.0,4.0,0.0,5.0,2.0,0.0,3.0,0.0,
,4.0,1.0,3.0,11.0,9.0,4.0,0.0,5.0,2.0,0.0,3.0,0.0,
,4.0,1.0,3.0,11.0,9.0,4.0,0.0,5.0,2.0,0.0,3.0,0.0,
,4.0,1.0,3.0,11.0,9.0,4.0,0.0,5.0,2.0,0.0,3.0,0.0,
,4.0,1.0,3.0,11.0,9.0,4.0,0.0,5.0,2.0,0.0,3.0,0.0,
,4.0,1.0,3.0,11.0,9.0,4.0,0.0,5.0,2.0,0.0,3.0,0.0,
,7.0,2.0,5.0,3.0,14.0,15.0,14.0,0.0,8.0,1.0,4.0,4.0,77.0
,7.0,2.0,5.0,3.0,14.0,15.0,14.0,0.0,8.0,1.0,4.0,4.0,
,7.0,2.0,5.0,3.0,14.0,15.0,14.0,0.0,8.0,1.0,4.0,4.0,
,7.0,2.0,5.0,3.0,14.0,15.0,14.0,0.0,8.0,1.0,4.0,4.0,
,7.0,2.0,5.0,3.0,14.0,15.0,14.0,0.0,8.0,1.0,4.0,4.0,
,7.0,2.0,5.0,3.0,14.0,15.0,14.0,0.0,8.0,1.0,4.0,4.0,
,7.0,2.0,5.0,3.0,14.0,15.0,14.0,0.0,8.0,1.0,4.0,4.0,
,7.0,2.0,5.0,3.0,14.0,15.0,14.0,0.0,8.0,1.0,4.0,4.0,
,7.0,2.0,5.0,3.0,14.0,15.0,14.0,0.0,8.0,1.0,4.0,4.0,
,7.0,2.0,5.0,3.0,14.0,15.0,14.0,0.0,8.0,1.0,4.0,4.0,
,7.0,2.0,5.0,3.0,14.0,15.0,14.0,0.0,8.0,1.0,4.0,4.0,
,7.0,2.0,5.0,3.0,14.0,15.0,14.0,0.0,8.0,1.0,4.0,4.0,
,7.0,0.0,0.0,9.0,0.0,4.0,4.0,5.0,10.0,4.0,4.0,1.0,48.0
,7.0,0.0,0.0,9.0,0.0,4.0,4.0,5.0,10.0,4.0,4.0,1.0,
,7.0,0.0,0.0,9.0,0.0,4.0,4.0,5.0,10.0,4.0,4.0,1.0,
,7.0,0.0,0.0,9.0,0.0,4.0,4.0,5.0,10.0,4.0,4.0,1.0,
,7.0,0.0,0.0,9.0,0.0,4.0,4.0,5.0,10.0,4.0,4.0,1.0,
,7.0,0.0,0.0,9.0,0.0,4.0,4.0,5.0,10.0,4.0,4.0,1.0,
,7.0,0.0,0.0,9.0,0.0,4.0,4.0,5.0,10.0,4.0,4.0,1.0,
,7.0,0.0,0.0,9.0,0.0,4.0,4.0,5.0,10.0,4.0,4.0,1.0,
,7.0,0.0,0.0,9.0,0.0,4.0,4.0,5.0,10.0,4.0,4.0,1.0,
,7.0,0.0,0.0,9.0,0.0,4.0,4.0,5.0,10.0,4.0,4.0,1.0,
,7.0,0.0,0.0,9.0,0.0,4.0,4.0,5.0,10.0,4.0,4.0,1.0,
,7.0,0.0,0.0,9.0,0.0,4.0,4.0,5.0,10.0,4.0,4.0,1.0,
,3.0,1.0,6.0,2.0,1.0,4.0,0.0,2.0,3.0,8.0,0.0,3.0,33.0
,3.0,1.0,6.0,2.0,1.0,4.0,0.0,2.0,3.0,8.0,0.0,3.0,
,3.0,1.0,6.0,2.0,1.0,4.0,0.0,2.0,3.0,8.0,0.0,3.0,
,3.0,1.0,6.0,2.0,1.0,4.0,0.0,2.0,3.0,8.0,0.0,3.0,
,3.0,1.0,6.0,2.0,1.0,4.0,0.0,2.0,3.0,8.0,0.0,3.0,
,3.0,1.0,6.0,2.0,1.0,4.0,0.0,2.0,3.0,8.0,0.0,3.0,
,3.0,1.0,6.0,2.0,1.0,4.0,0.0,2.0,3.0,8.0,0.0,3.0,
,3.0,1.0,6.0,2.0,1.0,4.0,0.0,2.0,3.0,8.0,0.0,3.0,
,3.0,1.0,6.0,2.0,1.0,4.0,0.0,2.0,3.0,8.0,0.0,3.0,
,3.0,1.0,6.0,2.0,1.0,4.0,0.0,2.0,3.0,8.0,0.0,3.0,
,3.0,1.0,6.0,2.0,1.0,4.0,0.0,2.0,3.0,8.0,0.0,3.0,
,3.0,1.0,6.0,2.0,1.0,4.0,0.0,2.0,3.0,8.0,0.0,3.0,
,7.0,1.0,3.0,2.0,3.0,1.0,12.0,1.0,1.0,3.0,3.0,6.0,43.0
,7.0,1.0,3.0,2.0,3.0,1.0,12.0,1.0,1.0,3.0,3.0,6.0,
,7.0,1.0,3.0,2.0,3.0,1.0,12.0,1.0,1.0,3.0,3.0,6.0,
,7.0,1.0,3.0,2.0,3.0,1.0,12.0,1.0,1.0,3.0,3.0,6.0,
,7.0,1.0,3.0,2.0,3.0,1.0,12.0,1.0,1.0,3.0,3.0,6.0,
,7.0,1.0,3.0,2.0,3.0,1.0,12.0,1.0,1.0,3.0,3.0,6.0,
,7.0,1.0,3.0,2.0,3.0,1.0,12.0,1.0,1.0,3.0,3.0,6.0,
,7.0,1.0,3.0,2.0,3.0,1.0,12.0,1.0,1.0,3.0,3.0,6.0,
,7.0,1.0,3.0,2.0,3.0,1.0,12.0,1.0,1.0,3.0,3.0,6.0,
,7.0,1.0,3.0,2.0,3.0,1.0,12.0,1.0,1.0,3.0,3.0,6.0,
,7.0,1.0,3.0,2.0,3.0,1.0,12.0,1.0,1.0,3.0,3.0,6.0,
,7.0,1.0,3.0,2.0,3.0,1.0,12.0,1.0,1.0,3.0,3.0,6.0,
,0.0,2.0,5.0,1.0,1.0,4.0,1.0,0.0,5.0,4.0,2.0,0.0,25.0
,0.0,2.0,5.0,1.0,1.0,4.0,1.0,0.0,5.0,4.0,2.0,0.0,
,0.0,2.0,5.0,1.0,1.0,4.0,1.0,0.0,5.0,4.0,2.0,0.0,
,0.0,2.0,5.0,1.0,1.0,4.0,1.0,0.0,5.0,4.0,2.0,0.0,
,0.0,2.0,5.0,1.0,1.0,4.0,1.0,0.0,5.0,4.0,2.0,0.0,
,0.0,2.0,5.0,1.0,1.0,4.0,1.0,0.0,5.0,4.0,2.0,0.0,
,0.0,2.0,5.0,1.0,1.0,4.0,1.0,0.0,5.0,4.0,2.0,0.0,
,0.0,2.0,5.0,1.0,1.0,4.0,1.0,0.0,5.0,4.0,2.0,0.0,
,0.0,2.0,5.0,1.0,1.0,4.0,1.0,0.0,5.0,4.0,2.0,0.0,
,0.0,2.0,5.0,1.0,1.0,4.0,1.0,0.0,5.0,4.0,2.0,0.0,
,0.0,2.0,5.0,1.0,1.0,4.0,1.0,0.0,5.0,4.0,2.0,0.0,
,0.0,2.0,5.0,1.0,1.0,4.0,1.0,0.0,5.0,4.0,2.0,0.0,
,0.0,2.0,0.0,8.0,6.0,2.0,2.0,5.0,2.0,2.0,2.0,10.0,41.0
,0.0,2.0,0.0,8.0,6.0,2.0,2.0,5.0,2.0,2.0,2.0,10.0,
,0.0,2.0,0.0,8.0,6.0,2.0,2.0,5.0,2.0,2.0,2.0,10.0,
,0.0,2.0,0.0,8.0,6.0,2.0,2.0,5.0,2.0,2.0,2.0,10.0,
,0.0,2.0,0.0,8.0,6.0,2.0,2.0,5.0,2.0,2.0,2.0,10.0,
,0.0,2.0,0.0,8.0,6.0,2.0,2.0,5.0,2.0,2.0,2.0,10.0,
,0.0,2.0,0.0,8.0,6.0,2.0,2.0,5.0,2.0,2.0,2.0,10.0,
,0.0,2.0,0.0,8.0,6.0,2.0,2.0,5.0,2.0,2.0,2.0,10.0,
,0.0,2.0,0.0,8.0,6.0,2.0,2.0,5.0,2.0,2.0,2.0,10.0,
,0.0,2.0,0.0,8.0,6.0,2.0,2.0,5.0,2.0,2.0,2.0,10.0,
,0.0,2.0,0.0,8.0,6.0,2.0,2.0,5.0,2.0,2.0,2.0,10.0,
,0.0,2.0,0.0,8.0,6.0,2.0,2.0,5.0,2.0,2.0,2.0,10.0,
,3.0,3.0,0.0,2.0,7.0,1.0,2.0,0.0,1.0,1.0,0.0,1.0,21.0
,3.0,3.0,0.0,2.0,7.0,1.0,2.0,0.0,1.0,1.0,0.0,1.0,
,3.0,3.0,0.0,2.0,7.0,1.0,2.0,0.0,1.0,1.0,0.0,1.0,
,3.0,3.0,0.0,2.0,7.0,1.0,2.0,0.0,1.0,1.0,0.0,1.0,
,3.0,3.0,0.0,2.0,7.0,1.0,2.0,0.0,1.0,1.0,0.0,1.0,
,3.0,3.0,0.0,2.0,7.0,1.0,2.0,0.0,1.0,1.0,0.0,1.0,
,3.0,3.0,0.0,2.0,7.0,1.0,2.0,0.0,1.0,1.0,0.0,1.0,
,3.0,3.0,0.0,2.0,7.0,1.0,2.0,0.0,1.0,1.0,0.0,1.0,
,3.0,3.0,0.0,2.0,7.0,1.0,2.0,0.0,1.0,1.0,0.0,1.0,
,3.0,3.0,0.0,2.0,7.0,1.0,2.0,0.0,1.0,1.0,0.0,1.0,
,3.0,3.0,0.0,2.0,7.0,1.0,2.0,0.0,1.0,1.0,0.0,1.0,
,3.0,3.0,0.0,2.0,7.0,1.0,2.0,0.0,1.0,1.0,0.0,1.0,
,0.0,3.0,11.0,1.0,3.0,0.0,2.0,0.0,2.0,9.0,3.0,1.0,35.0
,0.0,3.0,11.0,1.0,3.0,0.0,2.0,0.0,2.0,9.0,3.0,1.0,
,0.0,3.0,11.0,1.0,3.0,0.0,2.0,0.0,2.0,9.0,3.0,1.0,
,0.0,3.0,11.0,1.0,3.0,0.0,2.0,0.0,2.0,9.0,3.0,1.0,
,0.0,3.0,11.0,1.0,3.0,0.0,2.0,0.0,2.0,9.0,3.0,1.0,
,0.0,3.0,11.0,1.0,3.0,0.0,2.0,0.0,2.0,9.0,3.0,1.0,
,0.0,3.0,11.0,1.0,3.0,0.0,2.0,0.0,2.0,9.0,3.0,1.0,
,0.0,3.0,11.0,1.0,3.0,0.0,2.0,0.0,2.0,9.0,3.0,1.0,
,0.0,3.0,11.0,1.0,3.0,0.0,2.0,0.0,2.0,9.0,3.0,1.0,
,0.0,3.0,11.0,1.0,3.0,0.0,2.0,0.0,2.0,9.0,3.0,1.0,
,0.0,3.0,11.0,1.0,3.0,0.0,2.0,0.0,2.0,9.0,3.0,1.0,
,0.0,3.0,11.0,1.0,3.0,0.0,2.0,0.0,2.0,9.0,3.0,1.0,
,2.0,5.0,6.0,2.0,9.0,7.0,0.0,1.0,5.0,2.0,3.0,1.0,43.0
,2.0,5.0,6.0,2.0,9.0,7.0,0.0,1.0,5.0,2.0,3.0,1.0,
,2.0,5.0,6.0,2.0,9.0,7.0,0.0,1.0,5.0,2.0,3.0,1.0,
,2.0,5.0,6.0,2.0,9.0,7.0,0.0,1.0,5.0,2.0,3.0,1.0,
,2.0,5.0,6.0,2.0,9.0,7.0,0.0,1.0,5.0,2.0,3.0,1.0,
,2.0,5.0,6.0,2.0,9.0,7.0,0.0,1.0,5.0,2.0,3.0,1.0,
,2.0,5.0,6.0,2.0,9.0,7.0,0.0,1.0,5.0,2.0,3.0,1.0,
,2.0,5.0,6.0,2.0,9.0,7.0,0.0,1.0,5.0,2.0,3.0,1.0,
,2.0,5.0,6.0,2.0,9.0,7.0,0.0,1.0,5.0,2.0,3.0,1.0,
,2.0,5.0,6.0,2.0,9.0,7.0,0.0,1.0,5.0,2.0,3.0,1.0,
,2.0,5.0,6.0,2.0,9.0,7.0,0.0,1.0,5.0,2.0,3.0,1.0,
,2.0,5.0,6.0,2.0,9.0,7.0,0.0,1.0,5.0,2.0,3.0,1.0,
,4.0,5.0,0.0,9.0,9.0,13.0,5.0,2.0,3.0,6.0,7.0,1.0,64.0
,4.0,5.0,0.0,9.0,9.0,13.0,5.0,2.0,3.0,6.0,7.0,1.0,
,4.0,5.0,0.0,9.0,9.0,13.0,5.0,2.0,3.0,6.0,7.0,1.0,
,4.0,5.0,0.0,9.0,9.0,13.0,5.0,2.0,3.0,6.0,7.0,1.0,
,4.0,5.0,0.0,9.0,9.0,13.0,5.0,2.0,3.0,6.0,7.0,1.0,
,4.0,5.0,0.0,9.0,9.0,13.0,5.0,2.0,3.0,6.0,7.0,1.0,
,4.0,5.0,0.0,9.0,9.0,13.0,5.0,2.0,3.0,6.0,7.0,1.0,
,4.0,5.0,0.0,9.0,9.0,13.0,5.0,2.0,3.0,6.0,7.0,1.0,
,4.0,5.0,0.0,9.0,9.0,13.0,5.0,2.0,3.0,6.0,7.0,1.0,
,4.0,5.0,0.0,9.0,9.0,13.0,5.0,2.0,3.0,6.0,7.0,1.0,
,4.0,5.0,0.0,9.0,9.0,13.0,5.0,2.0,3.0,6.0,7.0,1.0,
,4.0,5.0,0.0,9.0,9.0,13.0,5.0,2.0,3.0,6.0,7.0,1.0,
,1.0,2.0,2.0,0.0,3.0,1.0,4.0,4.0,5.0,6.0,6.0,5.0,39.0
,1.0,2.0,2.0,0.0,3.0,1.0,4.0,4.0,5.0,6.0,6.0,5.0,
,1.0,2.0,2.0,0.0,3.0,1.0,4.0,4.0,5.0,6.0,6.0,5.0,
,1.0,2.0,2.0,0.0,3.0,1.0,4.0,4.0,5.0,6.0,6.0,5.0,
,1.0,2.0,2.0,0.0,3.0,1.0,4.0,4.0,5.0,6.0,6.0,5.0,
,1.0,2.0,2.0,0.0,3.0,1.0,4.0,4.0,5.0,6.0,6.0,5.0,
,1.0,2.0,2.0,0.0,3.0,1.0,4.0,4.0,5.0,6.0,6.0,5.0,
,1.0,2.0,2.0,0.0,3.0,1.0,4.0,4.0,5.0,6.0,6.0,5.0,
,1.0,2.0,2.0,0.0,3.0,1.0,4.0,4.0,5.0,6.0,6.0,5.0,
,1.0,2.0,2.0,0.0,3.0,1.0,4.0,4.0,5.0,6.0,6.0,5.0,
,1.0,2.0,2.0,0.0,3.0,1.0,4.0,4.0,5.0,6.0,6.0,5.0,
,1.0,2.0,2.0,0.0,3.0,1.0,4.0,4.0,5.0,6.0,6.0,5.0,
,1.0,2.0,4.0,2.0,5.0,6.0,6.0,4.0,7.0,2.0,2.0,8.0,49.0
,1.0,2.0,4.0,2.0,5.0,6.0,6.0,4.0,7.0,2.0,2.0,8.0,
,1.0,2.0,4.0,2.0,5.0,6.0,6.0,4.0,7.0,2.0,2.0,8.0,
,1.0,2.0,4.0,2.0,5.0,6.0,6.0,4.0,7.0,2.0,2.0,8.0,
,1.0,2.0,4.0,2.0,5.0,6.0,6.0,4.0,7.0,2.0,2.0,8.0,
,1.0,2.0,4.0,2.0,5.0,6.0,6.0,4.0,7.0,2.0,2.0,8.0,
,1.0,2.0,4.0,2.0,5.0,6.0,6.0,4.0,7.0,2.0,2.0,8.0,
,1.0,2.0,4.0,2.0,5.0,6.0,6.0,4.0,7.0,2.0,2.0,8.0,
,1.0,2.0,4.0,2.0,5.0,6.0,6.0,4.0,7.0,2.0,2.0,8.0,
,1.0,2.0,4.0,2.0,5.0,6.0,6.0,4.0,7.0,2.0,2.0,8.0,
,1.0,2.0,4.0,2.0,5.0,6.0,6.0,4.0,7.0,2.0,2.0,8.0,
,1.0,2.0,4.0,2.0,5.0,6.0,6.0,4.0,7.0,2.0,2.0,8.0,
,7.0,11.0,2.0,5.0,1.0,1.0,4.0,4.0,1.0,4.0,1.0,2.0,43.0
,7.0,11.0,2.0,5.0,1.0,1.0,4.0,4.0,1.0,4.0,1.0,2.0,
,7.0,11.0,2.0,5.0,1.0,1.0,4.0,4.0,1.0,4.0,1.0,2.0,
,7.0,11.0,2.0,5.0,1.0,1.0,4.0,4.0,1.0,4.0,1.0,2.0,
,7.0,11.0,2.0,5.0,1.0,1.0,4.0,4.0,1.0,4.0,1.0,2.0,
,7.0,11.0,2.0,5.0,1.0,1.0,4.0,4.0,1.0,4.0,1.0,2.0,
,7.0,11.0,2.0,5.0,1.0,1.0,4.0,4.0,1.0,4.0,1.0,2.0,
,7.0,11.0,2.0,5.0,1.0,1.0,4.0,4.0,1.0,4.0,1.0,2.0,
,7.0,11.0,2.0,5.0,1.0,1.0,4.0,4.0,1.0,4.0,1.0,2.0,
,7.0,11.0,2.0,5.0,1.0,1.0,4.0,4.0,1.0,4.0,1.0,2.0,
,7.0,11.0,2.0,5.0,1.0,1.0,4.0,4.0,1.0,4.0,1.0,2.0,
,7.0,11.0,2.0,5.0,1.0,1.0,4.0,4.0,1.0,4.0,1.0,2.0,
,4.0,1.0,1.0,2.0,5.0,0.0,6.0,7.0,5.0,6.0,9.0,8.0,54.0
,4.0,1.0,1.0,2.0,5.0,0.0,6.0,7.0,5.0,6.0,9.0,8.0,
,4.0,1.0,1.0,2.0,5.0,0.0,6.0,7.0,5.0,6.0,9.0,8.0,
,4.0,1.0,1.0,2.0,5.0,0.0,6.0,7.0,5.0,6.0,9.0,8.0,
,4.0,1.0,1.0,2.0,5.0,0.0,6.0,7.0,5.0,6.0,9.0,8.0,
,4.0,1.0,1.0,2.0,5.0,0.0,6.0,7.0,5.0,6.0,9.0,8.0,
,4.0,1.0,1.0,2.0,5.0,0.0,6.0,7.0,5.0,6.0,9.0,8.0,
,4.0,1.0,1.0,2.0,5.0,0.0,6.0,7.0,5.0,6.0,9.0,8.0,
,4.0,1.0,1.0,2.0,5.0,0.0,6.0,7.0,5.0,6.0,9.0,8.0,
,4.0,1.0,1.0,2.0,5.0,0.0,6.0,7.0,5.0,6.0,9.0,8.0,
,4.0,1.0,1.0,2.0,5.0,0.0,6.0,7.0,5.0,6.0,9.0,8.0,
,4.0,1.0,1.0,2.0,5.0,0.0,6.0,7.0,5.0,6.0,9.0,8.0,
,2.0,4.0,5.0,3.0,6.0,5.0,4.0,12.0,4.0,3.0,0.0,5.0,53.0
,2.0,4.0,5.0,3.0,6.0,5.0,4.0,12.0,4.0,3.0,0.0,5.0,
,2.0,4.0,5.0,3.0,6.0,5.0,4.0,12.0,4.0,3.0,0.0,5.0,
,2.0,4.0,5.0,3.0,6.0,5.0,4.0,12.0,4.0,3.0,0.0,5.0,
,2.0,4.0,5.0,3.0,6.0,5.0,4.0,12.0,4.0,3.0,0.0,5.0,
,2.0,4.0,5.0,3.0,6.0,5.0,4.0,12.0,4.0,3.0,0.0,5.0,
,2.0,4.0,5.0,3.0,6.0,5.0,4.0,12.0,4.0,3.0,0.0,5.0,
,2.0,4.0,5.0,3.0,6.0,5.0,4.0,12.0,4.0,3.0,0.0,5.0,
,2.0,4.0,5.0,3.0,6.0,5.0,4.0,12.0,4.0,3.0,0.0,5.0,
,2.0,4.0,5.0,3.0,6.0,5.0,4.0,12.0,4.0,3.0,0.0,5.0,
,2.0,4.0,5.0,3.0,6.0,5.0,4.0,12.0,4.0,3.0,0.0,5.0,
,2.0,4.0,5.0,3.0,6.0,5.0,4.0,12.0,4.0,3.0,0.0,5.0,
,5.0,3.0,6.0,6.0,0.0,4.0,5.0,3.0,2.0,2.0,5.0,1.0,42.0
,5.0,3.0,6.0,6.0,0.0,4.0,5.0,3.0,2.0,2.0,5.0,1.0,
,5.0,3.0,6.0,6.0,0.0,4.0,5.0,3.0,2.0,2.0,5.0,1.0,
,5.0,3.0,6.0,6.0,0.0,4.0,5.0,3.0,2.0,2.0,5.0,1.0,
,5.0,3.0,6.0,6.0,0.0,4.0,5.0,3.0,2.0,2.0,5.0,1.0,
,5.0,3.0,6.0,6.0,0.0,4.0,5.0,3.0,2.0,2.0,5.0,1.0,
,5.0,3.0,6.0,6.0,0.0,4.0,5.0,3.0,2.0,2.0,5.0,1.0,
,5.0,3.0,6.0,6.0,0.0,4.0,5.0,3.0,2.0,2.0,5.0,1.0,
,5.0,3.0,6.0,6.0,0.0,4.0,5.0,3.0,2.0,2.0,5.0,1.0,
,5.0,3.0,6.0,6.0,0.0,4.0,5.0,3.0,2.0,2.0,5.0,1.0,
,5.0,3.0,6.0,6.0,0.0,4.0,5.0,3.0,2.0,2.0,5.0,1.0,
,5.0,3.0,6.0,6.0,0.0,4.0,5.0,3.0,2.0,2.0,5.0,1.0,
,3.0,4.0,4.0,5.0,2.0,2.0,1.0,5.0,4.0,6.0,2.0,3.0,41.0
,3.0,4.0,4.0,5.0,2.0,2.0,1.0,5.0,4.0,6.0,2.0,3.0,
,3.0,4.0,4.0,5.0,2.0,2.0,1.0,5.0,4.0,6.0,2.0,3.0,
,3.0,4.0,4.0,5.0,2.0,2.0,1.0,5.0,4.0,6.0,2.0,3.0,
,3.0,4.0,4.0,5.0,2.0,2.0,1.0,5.0,4.0,6.0,2.0,3.0,
,3.0,4.0,4.0,5.0,2.0,2.0,1.0,5.0,4.0,6.0,2.0,3.0,
,3.0,4.0,4.0,5.0,2.0,2.0,1.0,5.0,4.0,6.0,2.0,3.0,
,3.0,4.0,4.0,5.0,2.0,2.0,1.0,5.0,4.0,6.0,2.0,3.0,
,3.0,4.0,4.0,5.0,2.0,2.0,1.0,5.0,4.0,6.0,2.0,3.0,
,3.0,4.0,4.0,5.0,2.0,2.0,1.0,5.0,4.0,6.0,2.0,3.0,
,3.0,4.0,4.0,5.0,2.0,2.0,1.0,5.0,4.0,6.0,2.0,3.0,
,3.0,4.0,4.0,5.0,2.0,2.0,1.0,5.0,4.0,6.0,2.0,3.0,
,2.0,3.0,1.0,2.0,0.0,7.0,9.0,2.0,4.0,0.0,1.0,0.0,31.0
,2.0,3.0,1.0,2.0,0.0,7.0,9.0,2.0,4.0,0.0,1.0,0.0,
,2.0,3.0,1.0,2.0,0.0,7.0,9.0,2.0,4.0,0.0,1.0,0.0,
,2.0,3.0,1.0,2.0,0.0,7.0,9.0,2.0,4.0,0.0,1.0,0.0,
,2.0,3.0,1.0,2.0,0.0,7.0,9.0,2.0,4.0,0.0,1.0,0.0,
,2.0,3.0,1.0,2.0,0.0,7.0,9.0,2.0,4.0,0.0,1.0,0.0,
,2.0,3.0,1.0,2.0,0.0,7.0,9.0,2.0,4.0,0.0,1.0,0.0,
,2.0,3.0,1.0,2.0,0.0,7.0,9.0,2.0,4.0,0.0,1.0,0.0,
,2.0,3.0,1.0,2.0,0.0,7.0,9.0,2.0,4.0,0.0,1.0,0.0,
,2.0,3.0,1.0,2.0,0.0,7.0,9.0,2.0,4.0,0.0,1.0,0.0,
,2.0,3.0,1.0,2.0,0.0,7.0,9.0,2.0,4.0,0.0,1.0,0.0,
,2.0,3.0,1.0,2.0,0.0,7.0,9.0,2.0,4.0,0.0,1.0,0.0,
,1.0,1.0,7.0,5.0,4.0,3.0,2.0,1.0,3.0,0.0,2.0,0.0,29.0
,1.0,1.0,7.0,5.0,4.0,3.0,2.0,1.0,3.0,0.0,2.0,0.0,
,1.0,1.0,7.0,5.0,4.0,3.0,2.0,1.0,3.0,0.0,2.0,0.0,
,1.0,1.0,7.0,5.0,4.0,3.0,2.0,1.0,3.0,0.0,2.0,0.0,
,1.0,1.0,7.0,5.0,4.0,3.0,2.0,1.0,3.0,0.0,2.0,0.0,
,1.0,1.0,7.0,5.0,4.0,3.0,2.0,1.0,3.0,0.0,2.0,0.0,
,1.0,1.0,7.0,5.0,4.0,3.0,2.0,1.0,3.0,0.0,2.0,0.0,
,1.0,1.0,7.0,5.0,4.0,3.0,2.0,1.0,3.0,0.0,2.0,0.0,
,1.0,1.0,7.0,5.0,4.0,3.0,2.0,1.0,3.0,0.0,2.0,0.0,
,1.0,1.0,7.0,5.0,4.0,3.0,2.0,1.0,3.0,0.0,2.0,0.0,
,1.0,1.0,7.0,5.0,4.0,3.0,2.0,1.0,3.0,0.0,2.0,0.0,
,1.0,1.0,7.0,5.0,4.0,3.0,2.0,1.0,3.0,0.0,2.0,0.0,
,3.0,4.0,6.0,3.0,0.0,0.0,0.0,0.0,2.0,1.0,3.0,3.0,25.0
,3.0,4.0,6.0,3.0,0.0,0.0,0.0,0.0,2.0,1.0,3.0,3.0,
,3.0,4.0,6.0,3.0,0.0,0.0,0.0,0.0,2.0,1.0,3.0,3.0,
,3.0,4.0,6.0,3.0,0.0,0.0,0.0,0.0,2.0,1.0,3.0,3.0,
,3.0,4.0,6.0,3.0,0.0,0.0,0.0,0.0,2.0,1.0,3.0,3.0,
,3.0,4.0,6.0,3.0,0.0,0.0,0.0,0.0,2.0,1.0,3.0,3.0,
,3.0,4.0,6.0,3.0,0.0,0.0,0.0,0.0,2.0,1.0,3.0,3.0,
,3.0,4.0,6.0,3.0,0.0,0.0,0.0,0.0,2.0,1.0,3.0,3.0,
,3.0,4.0,6.0,3.0,0.0,0.0,0.0,0.0,2.0,1.0,3.0,3.0,
,3.0,4.0,6.0,3.0,0.0,0.0,0.0,0.0,2.0,1.0,3.0,3.0,
,3.0,4.0,6.0,3.0,0.0,0.0,0.0,0.0,2.0,1.0,3.0,3.0,
,3.0,4.0,6.0,3.0,0.0,0.0,0.0,0.0,2.0,1.0,3.0,3.0,
,3.0,4.0,0.0,6.0,1.0,3.0,0.0,5.0,4.0,3.0,3.0,2.0,34.0
,3.0,4.0,0.0,6.0,1.0,3.0,0.0,5.0,4.0,3.0,3.0,2.0,
,3.0,4.0,0.0,6.0,1.0,3.0,0.0,5.0,4.0,3.0,3.0,2.0,
,3.0,4.0,0.0,6.0,1.0,3.0,0.0,5.0,4.0,3.0,3.0,2.0,
,3.0,4.0,0.0,6.0,1.0,3.0,0.0,5.0,4.0,3.0,3.0,2.0,
,3.0,4.0,0.0,6.0,1.0,3.0,0.0,5.0,4.0,3.0,3.0,2.0,
,3.0,4.0,0.0,6.0,1.0,3.0,0.0,5.0,4.0,3.0,3.0,2.0,
,3.0,4.0,0.0,6.0,1.0,3.0,0.0,5.0,4.0,3.0,3.0,2.0,
,3.0,4.0,0.0,6.0,1.0,3.0,0.0,5.0,4.0,3.0,3.0,2.0,
,3.0,4.0,0.0,6.0,1.0,3.0,0.0,5.0,4.0,3.0,3.0,2.0,
,3.0,4.0,0.0,6.0,1.0,3.0,0.0,5.0,4.0,3.0,3.0,2.0,
,3.0,4.0,0.0,6.0,1.0,3.0,0.0,5.0,4.0,3.0,3.0,2.0,
,4.0,2.0,4.0,0.0,0.0,1.0,9.0,8.0,4.0,1.0,7.0,4.0,44.0
,4.0,2.0,4.0,0.0,0.0,1.0,9.0,8.0,4.0,1.0,7.0,4.0,
,4.0,2.0,4.0,0.0,0.0,1.0,9.0,8.0,4.0,1.0,7.0,4.0,
,4.0,2.0,4.0,0.0,0.0,1.0,9.0,8.0,4.0,1.0,7.0,4.0,
,4.0,2.0,4.0,0.0,0.0,1.0,9.0,8.0,4.0,1.0,7.0,4.0,
,4.0,2.0,4.0,0.0,0.0,1.0,9.0,8.0,4.0,1.0,7.0,4.0,
,4.0,2.0,4.0,0.0,0.0,1.0,9.0,8.0,4.0,1.0,7.0,4.0,
,4.0,2.0,4.0,0.0,0.0,1.0,9.0,8.0,4.0,1.0,7.0,4.0,
,4.0,2.0,4.0,0.0,0.0,1.0,9.0,8.0,4.0,1.0,7.0,4.0,
,4.0,2.0,4.0,0.0,0.0,1.0,9.0,8.0,4.0,1.0,7.0,4.0,
,4.0,2.0,4.0,0.0,0.0,1.0,9.0,8.0,4.0,1.0,7.0,4.0,
,4.0,2.0,4.0,0.0,0.0,1.0,9.0,8.0,4.0,1.0,7.0,4.0,
,1.0,0.0,0.0,0.0,1.0,2.0,2.0,0.0,2.0,0.0,1.0,2.0,11.0
,1.0,0.0,0.0,0.0,1.0,2.0,2.0,0.0,2.0,0.0,1.0,2.0,
,1.0,0.0,0.0,0.0,1.0,2.0,2.0,0.0,2.0,0.0,1.0,2.0,
,1.0,0.0,0.0,0.0,1.0,2.0,2.0,0.0,2.0,0.0,1.0,2.0,
,1.0,0.0,0.0,0.0,1.0,2.0,2.0,0.0,2.0,0.0,1.0,2.0,
,1.0,0.0,0.0,0.0,1.0,2.0,2.0,0.0,2.0,0.0,1.0,2.0,
,1.0,0.0,0.0,0.0,1.0,2.0,2.0,0.0,2.0,0.0,1.0,2.0,
,1.0,0.0,0.0,0.0,1.0,2.0,2.0,0.0,2.0,0.0,1.0,2.0,
,1.0,0.0,0.0,0.0,1.0,2.0,2.0,0.0,2.0,0.0,1.0,2.0,
,1.0,0.0,0.0,0.0,1.0,2.0,2.0,0.0,2.0,0.0,1.0,2.0,
,1.0,0.0,0.0,0.0,1.0,2.0,2.0,0.0,2.0,0.0,1.0,2.0,
,1.0,0.0,0.0,0.0,1.0,2.0,2.0,0.0,2.0,0.0,1.0,2.0,
,2.0,2.0,0.0,2.0,0.0,3.0,2.0,0.0,8.0,2.0,0.0,3.0,24.0
,2.0,2.0,0.0,2.0,0.0,3.0,2.0,0.0,8.0,2.0,0.0,3.0,
,2.0,2.0,0.0,2.0,0.0,3.0,2.0,0.0,8.0,2.0,0.0,3.0,
,2.0,2.0,0.0,2.0,0.0,3.0,2.0,0.0,8.0,2.0,0.0,3.0,
,2.0,2.0,0.0,2.0,0.0,3.0,2.0,0.0,8.0,2.0,0.0,3.0,
,2.0,2.0,0.0,2.0,0.0,3.0,2.0,0.0,8.0,2.0,0.0,3.0,
,2.0,2.0,0.0,2.0,0.0,3.0,2.0,0.0,8.0,2.0,0.0,3.0,
,2.0,2.0,0.0,2.0,0.0,3.0,2.0,0.0,8.0,2.0,0.0,3.0,
,2.0,2.0,0.0,2.0,0.0,3.0,2.0,0.0,8.0,2.0,0.0,3.0,
,2.0,2.0,0.0,2.0,0.0,3.0,2.0,0.0,8.0,2.0,0.0,3.0,
,2.0,2.0,0.0,2.0,0.0,3.0,2.0,0.0,8.0,2.0,0.0,3.0,
,2.0,2.0,0.0,2.0,0.0,3.0,2.0,0.0,8.0,2.0,0.0,3.0,
,1.0,1.0,2.0,4.0,1.0,0.0,4.0,4.0,5.0,5.0,3.0,5.0,35.0
,1.0,1.0,2.0,4.0,1.0,0.0,4.0,4.0,5.0,5.0,3.0,5.0,
,1.0,1.0,2.0,4.0,1.0,0.0,4.0,4.0,5.0,5.0,3.0,5.0,
,1.0,1.0,2.0,4.0,1.0,0.0,4.0,4.0,5.0,5.0,3.0,5.0,
,1.0,1.0,2.0,4.0,1.0,0.0,4.0,4.0,5.0,5.0,3.0,5.0,
,1.0,1.0,2.0,4.0,1.0,0.0,4.0,4.0,5.0,5.0,3.0,5.0,
,1.0,1.0,2.0,4.0,1.0,0.0,4.0,4.0,5.0,5.0,3.0,5.0,
,1.0,1.0,2.0,4.0,1.0,0.0,4.0,4.0,5.0,5.0,3.0,5.0,
,1.0,1.0,2.0,4.0,1.0,0.0,4.0,4.0,5.0,5.0,3.0,5.0,
,1.0,1.0,2.0,4.0,1.0,0.0,4.0,4.0,5.0,5.0,3.0,5.0,
,1.0,1.0,2.0,4.0,1.0,0.0,4.0,4.0,5.0,5.0,3.0,5.0,
,1.0,1.0,2.0,4.0,1.0,0.0,4.0,4.0,5.0,5.0,3.0,5.0,
,2.0,2.0,3.0,2.0,2.0,2.0,4.0,3.0,2.0,5.0,3.0,0.0,30.0
,2.0,2.0,3.0,2.0,2.0,2.0,4.0,3.0,2.0,5.0,3.0,0.0,
,2.0,2.0,3.0,2.0,2.0,2.0,4.0,3.0,2.0,5.0,3.0,0.0,
,2.0,2.0,3.0,2.0,2.0,2.0,4.0,3.0,2.0,5.0,3.0,0.0,
,2.0,2.0,3.0,2.0,2.0,2.0,4.0,3.0,2.0,5.0,3.0,0.0,
,2.0,2.0,3.0,2.0,2.0,2.0,4.0,3.0,2.0,5.0,3.0,0.0,
,2.0,2.0,3.0,2.0,2.0,2.0,4.0,3.0,2.0,5.0,3.0,0.0,
,2.0,2.0,3.0,2.0,2.0,2.0,4.0,3.0,2.0,5.0,3.0,0.0,
,2.0,2.0,3.0,2.0,2.0,2.0,4.0,3.0,2.0,5.0,3.0,0.0,
,2.0,2.0,3.0,2.0,2.0,2.0,4.0,3.0,2.0,5.0,3.0,0.0,
,2.0,2.0,3.0,2.0,2.0,2.0,4.0,3.0,2.0,5.0,3.0,0.0,
,2.0,2.0,3.0,2.0,2.0,2.0,4.0,3.0,2.0,5.0,3.0,0.0,
,5.0,1.0,1.0,1.0,2.0,0.0,2.0,0.0,2.0,4.0,2.0,4.0,24.0
,5.0,1.0,1.0,1.0,2.0,0.0,2.0,0.0,2.0,4.0,2.0,4.0,
,5.0,1.0,1.0,1.0,2.0,0.0,2.0,0.0,2.0,4.0,2.0,4.0,
,5.0,1.0,1.0,1.0,2.0,0.0,2.0,0.0,2.0,4.0,2.0,4.0,
,5.0,1.0,1.0,1.0,2.0,0.0,2.0,0.0,2.0,4.0,2.0,4.0,
,5.0,1.0,1.0,1.0,2.0,0.0,2.0,0.0,2.0,4.0,2.0,4.0,
,5.0,1.0,1.0,1.0,2.0,0.0,2.0,0.0,2.0,4.0,2.0,4.0,
,5.0,1.0,1.0,1.0,2.0,0.0,2.0,0.0,2.0,4.0,2.0,4.0,
,5.0,1.0,1.0,1.0,2.0,0.0,2.0,0.0,2.0,4.0,2.0,4.0,
,5.0,1.0,1.0,1.0,2.0,0.0,2.0,0.0,2.0,4.0,2.0,4.0,
,5.0,1.0,1.0,1.0,2.0,0.0,2.0,0.0,2.0,4.0,2.0,4.0,
,5.0,1.0,1.0,1.0,2.0,0.0,2.0,0.0,2.0,4.0,2.0,4.0,
,0.0,1.0,3.0,2.0,4.0,0.0,2.0,5.0,5.0,0.0,3.0,0.0,25.0
,0.0,1.0,3.0,2.0,4.0,0.0,2.0,5.0,5.0,0.0,3.0,0.0,
,0.0,1.0,3.0,2.0,4.0,0.0,2.0,5.0,5.0,0.0,3.0,0.0,
,0.0,1.0,3.0,2.0,4.0,0.0,2.0,5.0,5.0,0.0,3.0,0.0,
,0.0,1.0,3.0,2.0,4.0,0.0,2.0,5.0,5.0,0.0,3.0,0.0,
,0.0,1.0,3.0,2.0,4.0,0.0,2.0,5.0,5.0,0.0,3.0,0.0,
,0.0,1.0,3.0,2.0,4.0,0.0,2.0,5.0,5.0,0.0,3.0,0.0,
,0.0,1.0,3.0,2.0,4.0,0.0,2.0,5.0,5.0,0.0,3.0,0.0,
,0.0,1.0,3.0,2.0,4.0,0.0,2.0,5.0,5.0,0.0,3.0,0.0,
,0.0,1.0,3.0,2.0,4.0,0.0,2.0,5.0,5.0,0.0,3.0,0.0,
,0.0,1.0,3.0,2.0,4.0,0.0,2.0,5.0,5.0,0.0,3.0,0.0,
,0.0,1.0,3.0,2.0,4.0,0.0,2.0,5.0,5.0,0.0,3.0,0.0,
,3.0,2.0,0.0,2.0,7.0,1.0,4.0,6.0,0.0,0.0,8.0,2.0,35.0
,3.0,2.0,0.0,2.0,7.0,1.0,4.0,6.0,0.0,0.0,8.0,2.0,
,3.0,2.0,0.0,2.0,7.0,1.0,4.0,6.0,0.0,0.0,8.0,2.0,
,3.0,2.0,0.0,2.0,7.0,1.0,4.0,6.0,0.0,0.0,8.0,2.0,
,3.0,2.0,0.0,2.0,7.0,1.0,4.0,6.0,0.0,0.0,8.0,2.0,
,3.0,2.0,0.0,2.0,7.0,1.0,4.0,6.0,0.0,0.0,8.0,2.0,
,3.0,2.0,0.0,2.0,7.0,1.0,4.0,6.0,0.0,0.0,8.0,2.0,
,3.0,2.0,0.0,2.0,7.0,1.0,4.0,6.0,0.0,0.0,8.0,2.0,
,3.0,2.0,0.0,2.0,7.0,1.0,4.0,6.0,0.0,0.0,8.0,2.0,
,3.0,2.0,0.0,2.0,7.0,1.0,4.0,6.0,0.0,0.0,8.0,2.0,
,3.0,2.0,0.0,2.0,7.0,1.0,4.0,6.0,0.0,0.0,8.0,2.0,
,3.0,2.0,0.0,2.0,7.0,1.0,4.0,6.0,0.0,0.0,8.0,2.0,
,2.0,3.0,0.0,2.0,5.0,5.0,0.0,4.0,4.0,1.0,2.0,2.0,30.0
,2.0,3.0,0.0,2.0,5.0,5.0,0.0,4.0,4.0,1.0,2.0,2.0,
,2.0,3.0,0.0,2.0,5.0,5.0,0.0,4.0,4.0,1.0,2.0,2.0,
,2.0,3.0,0.0,2.0,5.0,5.0,0.0,4.0,4.0,1.0,2.0,2.0,
,2.0,3.0,0.0,2.0,5.0,5.0,0.0,4.0,4.0,1.0,2.0,2.0,
,2.0,3.0,0.0,2.0,5.0,5.0,0.0,4.0,4.0,1.0,2.0,2.0,
,2.0,3.0,0.0,2.0,5.0,5.0,0.0,4.0,4.0,1.0,2.0,2.0,
,2.0,3.0,0.0,2.0,5.0,5.0,0.0,4.0,4.0,1.0,2.0,2.0,
,2.0,3.0,0.0,2.0,5.0,5.0,0.0,4.0,4.0,1.0,2.0,2.0,
,2.0,3.0,0.0,2.0,5.0,5.0,0.0,4.0,4.0,1.0,2.0,2.0,
,2.0,3.0,0.0,2.0,5.0,5.0,0.0,4.0,4.0,1.0,2.0,2.0,
,2.0,3.0,0.0,2.0,5.0,5.0,0.0,4.0,4.0,1.0,2.0,2.0,
,6.0,1.0,1.0,3.0,2.0,2.0,5.0,1.0,3.0,3.0,0.0,3.0,30.0
,6.0,1.0,1.0,3.0,2.0,2.0,5.0,1.0,3.0,3.0,0.0,3.0,
,6.0,1.0,1.0,3.0,2.0,2.0,5.0,1.0,3.0,3.0,0.0,3.0,
,6.0,1.0,1.0,3.0,2.0,2.0,5.0,1.0,3.0,3.0,0.0,3.0,
,6.0,1.0,1.0,3.0,2.0,2.0,5.0,1.0,3.0,3.0,0.0,3.0,
,6.0,1.0,1.0,3.0,2.0,2.0,5.0,1.0,3.0,3.0,0.0,3.0,
,6.0,1.0,1.0,3.0,2.0,2.0,5.0,1.0,3.0,3.0,0.0,3.0,
,6.0,1.0,1.0,3.0,2.0,2.0,5.0,1.0,3.0,3.0,0.0,3.0,
,6.0,1.0,1.0,3.0,2.0,2.0,5.0,1.0,3.0,3.0,0.0,3.0,
,6.0,1.0,1.0,3.0,2.0,2.0,5.0,1.0,3.0,3.0,0.0,3.0,
,6.0,1.0,1.0,3.0,2.0,2.0,5.0,1.0,3.0,3.0,0.0,3.0,
,6.0,1.0,1.0,3.0,2.0,2.0,5.0,1.0,3.0,3.0,0.0,3.0,
,1.0,2.0,2.0,6.0,1.0,2.0,3.0,3.0,0.0,4.0,4.0,3.0,31.0
,1.0,2.0,2.0,6.0,1.0,2.0,3.0,3.0,0.0,4.0,4.0,3.0,
,1.0,2.0,2.0,6.0,1.0,2.0,3.0,3.0,0.0,4.0,4.0,3.0,
,1.0,2.0,2.0,6.0,1.0,2.0,3.0,3.0,0.0,4.0,4.0,3.0,
,1.0,2.0,2.0,6.0,1.0,2.0,3.0,3.0,0.0,4.0,4.0,3.0,
,1.0,2.0,2.0,6.0,1.0,2.0,3.0,3.0,0.0,4.0,4.0,3.0,
,1.0,2.0,2.0,6.0,1.0,2.0,3.0,3.0,0.0,4.0,4.0,3.0,
,1.0,2.0,2.0,6.0,1.0,2.0,3.0,3.0,0.0,4.0,4.0,3.0,
,1.0,2.0,2.0,6.0,1.0,2.0,3.0,3.0,0.0,4.0,4.0,3.0,
,1.0,2.0,2.0,6.0,1.0,2.0,3.0,3.0,0.0,4.0,4.0,3.0,
,1.0,2.0,2.0,6.0,1.0,2.0,3.0,3.0,0.0,4.0,4.0,3.0,
,1.0,2.0,2.0,6.0,1.0,2.0,3.0,3.0,0.0,4.0,4.0,3.0,
,0.0,0.0,4.0,0.0,0.0,0.0,7.0,3.0,4.0,3.0,2.0,1.0,24.0
,0.0,0.0,4.0,0.0,0.0,0.0,7.0,3.0,4.0,3.0,2.0,1.0,
,0.0,0.0,4.0,0.0,0.0,0.0,7.0,3.0,4.0,3.0,2.0,1.0,
,0.0,0.0,4.0,0.0,0.0,0.0,7.0,3.0,4.0,3.0,2.0,1.0,
,0.0,0.0,4.0,0.0,0.0,0.0,7.0,3.0,4.0,3.0,2.0,1.0,
,0.0,0.0,4.0,0.0,0.0,0.0,7.0,3.0,4.0,3.0,2.0,1.0,
,0.0,0.0,4.0,0.0,0.0,0.0,7.0,3.0,4.0,3.0,2.0,1.0,
,0.0,0.0,4.0,0.0,0.0,0.0,7.0,3.0,4.0,3.0,2.0,1.0,
,0.0,0.0,4.0,0.0,0.0,0.0,7.0,3.0,4.0,3.0,2.0,1.0,
,0.0,0.0,4.0,0.0,0.0,0.0,7.0,3.0,4.0,3.0,2.0,1.0,
,0.0,0.0,4.0,0.0,0.0,0.0,7.0,3.0,4.0,3.0,2.0,1.0,
,0.0,0.0,4.0,0.0,0.0,0.0,7.0,3.0,4.0,3.0,2.0,1.0,
,3.0,0.0,5.0,3.0,3.0,5.0,3.0,0.0,4.0,0.0,1.0,2.0,29.0
,3.0,0.0,5.0,3.0,3.0,5.0,3.0,0.0,4.0,0.0,1.0,2.0,
,3.0,0.0,5.0,3.0,3.0,5.0,3.0,0.0,4.0,0.0,1.0,2.0,
,3.0,0.0,5.0,3.0,3.0,5.0,3.0,0.0,4.0,0.0,1.0,2.0,
,3.0,0.0,5.0,3.0,3.0,5.0,3.0,0.0,4.0,0.0,1.0,2.0,
,3.0,0.0,5.0,3.0,3.0,5.0,3.0,0.0,4.0,0.0,1.0,2.0,
,3.0,0.0,5.0,3.0,3.0,5.0,3.0,0.0,4.0,0.0,1.0,2.0,
,3.0,0.0,5.0,3.0,3.0,5.0,3.0,0.0,4.0,0.0,1.0,2.0,
,3.0,0.0,5.0,3.0,3.0,5.0,3.0,0.0,4.0,0.0,1.0,2.0,
,3.0,0.0,5.0,3.0,3.0,5.0,3.0,0.0,4.0,0.0,1.0,2.0,
,3.0,0.0,5.0,3.0,3.0,5.0,3.0,0.0,4.0,0.0,1.0,2.0,
,3.0,0.0,5.0,3.0,3.0,5.0,3.0,0.0,4.0,0.0,1.0,2.0,
,7.0,4.0,6.0,3.0,5.0,0.0,3.0,2.0,3.0,2.0,1.0,0.0,36.0
,7.0,4.0,6.0,3.0,5.0,0.0,3.0,2.0,3.0,2.0,1.0,0.0,
,7.0,4.0,6.0,3.0,5.0,0.0,3.0,2.0,3.0,2.0,1.0,0.0,
,7.0,4.0,6.0,3.0,5.0,0.0,3.0,2.0,3.0,2.0,1.0,0.0,
,7.0,4.0,6.0,3.0,5.0,0.0,3.0,2.0,3.0,2.0,1.0,0.0,
,7.0,4.0,6.0,3.0,5.0,0.0,3.0,2.0,3.0,2.0,1.0,0.0,
,7.0,4.0,6.0,3.0,5.0,0.0,3.0,2.0,3.0,2.0,1.0,0.0,
,7.0,4.0,6.0,3.0,5.0,0.0,3.0,2.0,3.0,2.0,1.0,0.0,
,7.0,4.0,6.0,3.0,5.0,0.0,3.0,2.0,3.0,2.0,1.0,0.0,
,7.0,4.0,6.0,3.0,5.0,0.0,3.0,2.0,3.0,2.0,1.0,0.0,
,7.0,4.0,6.0,3.0,5.0,0.0,3.0,2.0,3.0,2.0,1.0,0.0,
,7.0,4.0,6.0,3.0,5.0,0.0,3.0,2.0,3.0,2.0,1.0,0.0,
,0.0,0.0,3.0,2.0,0.0,1.0,0.0,4.0,0.0,0.0,1.0,2.0,13.0
,0.0,0.0,3.0,2.0,0.0,1.0,0.0,4.0,0.0,0.0,1.0,2.0,
,0.0,0.0,3.0,2.0,0.0,1.0,0.0,4.0,0.0,0.0,1.0,2.0,
,0.0,0.0,3.0,2.0,0.0,1.0,0.0,4.0,0.0,0.0,1.0,2.0,
,0.0,0.0,3.0,2.0,0.0,1.0,0.0,4.0,0.0,0.0,1.0,2.0,
,0.0,0.0,3.0,2.0,0.0,1.0,0.0,4.0,0.0,0.0,1.0,2.0,
,0.0,0.0,3.0,2.0,0.0,1.0,0.0,4.0,0.0,0.0,1.0,2.0,
,0.0,0.0,3.0,2.0,0.0,1.0,0.0,4.0,0.0,0.0,1.0,2.0,
,0.0,0.0,3.0,2.0,0.0,1.0,0.0,4.0,0.0,0.0,1.0,2.0,
,0.0,0.0,3.0,2.0,0.0,1.0,0.0,4.0,0.0,0.0,1.0,2.0,
,0.0,0.0,3.0,2.0,0.0,1.0,0.0,4.0,0.0,0.0,1.0,2.0,
,0.0,0.0,3.0,2.0,0.0,1.0,0.0,4.0,0.0,0.0,1.0,2.0,
,2.0,0.0,2.0,0.0,1.0,1.0,0.0,0.0,2.0,2.0,1.0,1.0,12.0
,2.0,0.0,2.0,0.0,1.0,1.0,0.0,0.0,2.0,2.0,1.0,1.0,
,2.0,0.0,2.0,0.0,1.0,1.0,0.0,0.0,2.0,2.0,1.0,1.0,
,2.0,0.0,2.0,0.0,1.0,1.0,0.0,0.0,2.0,2.0,1.0,1.0,
,2.0,0.0,2.0,0.0,1.0,1.0,0.0,0.0,2.0,2.0,1.0,1.0,
,2.0,0.0,2.0,0.0,1.0,1.0,0.0,0.0,2.0,2.0,1.0,1.0,
,2.0,0.0,2.0,0.0,1.0,1.0,0.0,0.0,2.0,2.0,1.0,1.0,
,2.0,0.0,2.0,0.0,1.0,1.0,0.0,0.0,2.0,2.0,1.0,1.0,
,2.0,0.0,2.0,0.0,1.0,1.0,0.0,0.0,2.0,2.0,1.0,1.0,
,2.0,0.0,2.0,0.0,1.0,1.0,0.0,0.0,2.0,2.0,1.0,1.0,
,2.0,0.0,2.0,0.0,1.0,1.0,0.0,0.0,2.0,2.0,1.0,1.0,
,2.0,0.0,2.0,0.0,1.0,1.0,0.0,0.0,2.0,2.0,1.0,1.0,
,0.0,1.0,0.0,4.0,4.0,5.0,0.0,2.0,3.0,4.0,9.0,1.0,33.0
,0.0,1.0,0.0,4.0,4.0,5.0,0.0,2.0,3.0,4.0,9.0,1.0,
,0.0,1.0,0.0,4.0,4.0,5.0,0.0,2.0,3.0,4.0,9.0,1.0,
,0.0,1.0,0.0,4.0,4.0,5.0,0.0,2.0,3.0,4.0,9.0,1.0,
,0.0,1.0,0.0,4.0,4.0,5.0,0.0,2.0,3.0,4.0,9.0,1.0,
,0.0,1.0,0.0,4.0,4.0,5.0,0.0,2.0,3.0,4.0,9.0,1.0,
,0.0,1.0,0.0,4.0,4.0,5.0,0.0,2.0,3.0,4.0,9.0,1.0,
,0.0,1.0,0.0,4.0,4.0,5.0,0.0,2.0,3.0,4.0,9.0,1.0,
,0.0,1.0,0.0,4.0,4.0,5.0,0.0,2.0,3.0,4.0,9.0,1.0,
,0.0,1.0,0.0,4.0,4.0,5.0,0.0,2.0,3.0,4.0,9.0,1.0,
,0.0,1.0,0.0,4.0,4.0,5.0,0.0,2.0,3.0,4.0,9.0,1.0,
,0.0,1.0,0.0,4.0,4.0,5.0,0.0,2.0,3.0,4.0,9.0,1.0,
,2.0,0.0,4.0,4.0,2.0,1.0,3.0,0.0,0.0,1.0,2.0,1.0,20.0
,2.0,0.0,4.0,4.0,2.0,1.0,3.0,0.0,0.0,1.0,2.0,1.0,
,2.0,0.0,4.0,4.0,2.0,1.0,3.0,0.0,0.0,1.0,2.0,1.0,
,2.0,0.0,4.0,4.0,2.0,1.0,3.0,0.0,0.0,1.0,2.0,1.0,
,2.0,0.0,4.0,4.0,2.0,1.0,3.0,0.0,0.0,1.0,2.0,1.0,
,2.0,0.0,4.0,4.0,2.0,1.0,3.0,0.0,0.0,1.0,2.0,1.0,
,2.0,0.0,4.0,4.0,2.0,1.0,3.0,0.0,0.0,1.0,2.0,1.0,
,2.0,0.0,4.0,4.0,2.0,1.0,3.0,0.0,0.0,1.0,2.0,1.0,
,2.0,0.0,4.0,4.0,2.0,1.0,3.0,0.0,0.0,1.0,2.0,1.0,
,2.0,0.0,4.0,4.0,2.0,1.0,3.0,0.0,0.0,1.0,2.0,1.0,
,2.0,0.0,4.0,4.0,2.0,1.0,3.0,0.0,0.0,1.0,2.0,1.0,
,2.0,0.0,4.0,4.0,2.0,1.0,3.0,0.0,0.0,1.0,2.0,1.0,
,1.0,3.0,4.0,0.0,2.0,3.0,0.0,3.0,0.0,1.0,3.0,5.0,25.0
,1.0,3.0,4.0,0.0,2.0,3.0,0.0,3.0,0.0,1.0,3.0,5.0,
,1.0,3.0,4.0,0.0,2.0,3.0,0.0,3.0,0.0,1.0,3.0,5.0,
,1.0,3.0,4.0,0.0,2.0,3.0,0.0,3.0,0.0,1.0,3.0,5.0,
,1.0,3.0,4.0,0.0,2.0,3.0,0.0,3.0,0.0,1.0,3.0,5.0,
,1.0,3.0,4.0,0.0,2.0,3.0,0.0,3.0,0.0,1.0,3.0,5.0,
,1.0,3.0,4.0,0.0,2.0,3.0,0.0,3.0,0.0,1.0,3.0,5.0,
,1.0,3.0,4.0,0.0,2.0,3.0,0.0,3.0,0.0,1.0,3.0,5.0,
,1.0,3.0,4.0,0.0,2.0,3.0,0.0,3.0,0.0,1.0,3.0,5.0,
,1.0,3.0,4.0,0.0,2.0,3.0,0.0,3.0,0.0,1.0,3.0,5.0,
,1.0,3.0,4.0,0.0,2.0,3.0,0.0,3.0,0.0,1.0,3.0,5.0,
,1.0,3.0,4.0,0.0,2.0,3.0,0.0,3.0,0.0,1.0,3.0,5.0,
,0.0,3.0,5.0,0.0,0.0,1.0,5.0,2.0,2.0,0.0,1.0,2.0,21.0
,0.0,3.0,5.0,0.0,0.0,1.0,5.0,2.0,2.0,0.0,1.0,2.0,
,0.0,3.0,5.0,0.0,0.0,1.0,5.0,2.0,2.0,0.0,1.0,2.0,
,0.0,3.0,5.0,0.0,0.0,1.0,5.0,2.0,2.0,0.0,1.0,2.0,
,0.0,3.0,5.0,0.0,0.0,1.0,5.0,2.0,2.0,0.0,1.0,2.0,
,0.0,3.0,5.0,0.0,0.0,1.0,5.0,2.0,2.0,0.0,1.0,2.0,
,0.0,3.0,5.0,0.0,0.0,1.0,5.0,2.0,2.0,0.0,1.0,2.0,
,0.0,3.0,5.0,0.0,0.0,1.0,5.0,2.0,2.0,0.0,1.0,2.0,
,0.0,3.0,5.0,0.0,0.0,1.0,5.0,2.0,2.0,0.0,1.0,2.0,
,0.0,3.0,5.0,0.0,0.0,1.0,5.0,2.0,2.0,0.0,1.0,2.0,
,0.0,3.0,5.0,0.0,0.0,1.0,5.0,2.0,2.0,0.0,1.0,2.0,
,0.0,3.0,5.0,0.0,0.0,1.0,5.0,2.0,2.0,0.0,1.0,2.0,
,2.0,5.0,1.0,2.0,3.0,0.0,5.0,2.0,3.0,2.0,2.0,0.0,27.0
,2.0,5.0,1.0,2.0,3.0,0.0,5.0,2.0,3.0,2.0,2.0,0.0,
,2.0,5.0,1.0,2.0,3.0,0.0,5.0,2.0,3.0,2.0,2.0,0.0,
,2.0,5.0,1.0,2.0,3.0,0.0,5.0,2.0,3.0,2.0,2.0,0.0,
,2.0,5.0,1.0,2.0,3.0,0.0,5.0,2.0,3.0,2.0,2.0,0.0,
,2.0,5.0,1.0,2.0,3.0,0.0,5.0,2.0,3.0,2.0,2.0,0.0,
,2.0,5.0,1.0,2.0,3.0,0.0,5.0,2.0,3.0,2.0,2.0,0.0,
,2.0,5.0,1.0,2.0,3.0,0.0,5.0,2.0,3.0,2.0,2.0,0.0,
,2.0,5.0,1.0,2.0,3.0,0.0,5.0,2.0,3.0,2.0,2.0,0.0,
,2.0,5.0,1.0,2.0,3.0,0.0,5.0,2.0,3.0,2.0,2.0,0.0,
,2.0,5.0,1.0,2.0,3.0,0.0,5.0,2.0,3.0,2.0,2.0,0.0,
,2.0,5.0,1.0,2.0,3.0,0.0,5.0,2.0,3.0,2.0,2.0,0.0,
,1.0,0.0,1.0,0.0,4.0,0.0,7.0,1.0,0.0,2.0,1.0,0.0,17.0
,1.0,0.0,1.0,0.0,4.0,0.0,7.0,1.0,0.0,2.0,1.0,0.0,
,1.0,0.0,1.0,0.0,4.0,0.0,7.0,1.0,0.0,2.0,1.0,0.0,
,1.0,0.0,1.0,0.0,4.0,0.0,7.0,1.0,0.0,2.0,1.0,0.0,
,1.0,0.0,1.0,0.0,4.0,0.0,7.0,1.0,0.0,2.0,1.0,0.0,
,1.0,0.0,1.0,0.0,4.0,0.0,7.0,1.0,0.0,2.0,1.0,0.0,
,1.0,0.0,1.0,0.0,4.0,0.0,7.0,1.0,0.0,2.0,1.0,0.0,
,1.0,0.0,1.0,0.0,4.0,0.0,7.0,1.0,0.0,2.0,1.0,0.0,
,1.0,0.0,1.0,0.0,4.0,0.0,7.0,1.0,0.0,2.0,1.0,0.0,
,1.0,0.0,1.0,0.0,4.0,0.0,7.0,1.0,0.0,2.0,1.0,0.0,
,1.0,0.0,1.0,0.0,4.0,0.0,7.0,1.0,0.0,2.0,1.0,0.0,
,1.0,0.0,1.0,0.0,4.0,0.0,7.0,1.0,0.0,2.0,1.0,0.0,
,0.0,1.0,3.0,2.0,3.0,3.0,0.0,2.0,4.0,2.0,3.0,1.0,24.0
,0.0,1.0,3.0,2.0,3.0,3.0,0.0,2.0,4.0,2.0,3.0,1.0,
,0.0,1.0,3.0,2.0,3.0,3.0,0.0,2.0,4.0,2.0,3.0,1.0,
,0.0,1.0,3.0,2.0,3.0,3.0,0.0,2.0,4.0,2.0,3.0,1.0,
,0.0,1.0,3.0,2.0,3.0,3.0,0.0,2.0,4.0,2.0,3.0,1.0,
,0.0,1.0,3.0,2.0,3.0,3.0,0.0,2.0,4.0,2.0,3.0,1.0,
,0.0,1.0,3.0,2.0,3.0,3.0,0.0,2.0,4.0,2.0,3.0,1.0,
,0.0,1.0,3.0,2.0,3.0,3.0,0.0,2.0,4.0,2.0,3.0,1.0,
,0.0,1.0,3.0,2.0,3.0,3.0,0.0,2.0,4.0,2.0,3.0,1.0,
,0.0,1.0,3.0,2.0,3.0,3.0,0.0,2.0,4.0,2.0,3.0,1.0,
,0.0,1.0,3.0,2.0,3.0,3.0,0.0,2.0,4.0,2.0,3.0,1.0,
,0.0,1.0,3.0,2.0,3.0,3.0,0.0,2.0,4.0,2.0,3.0,1.0,
,0.0,2.0,0.0,2.0,0.0,0.0,0.0,4.0,1.0,2.0,3.0,2.0,16.0
,0.0,2.0,0.0,2.0,0.0,0.0,0.0,4.0,1.0,2.0,3.0,2.0,
,0.0,2.0,0.0,2.0,0.0,0.0,0.0,4.0,1.0,2.0,3.0,2.0,
,0.0,2.0,0.0,2.0,0.0,0.0,0.0,4.0,1.0,2.0,3.0,2.0,
,0.0,2.0,0.0,2.0,0.0,0.0,0.0,4.0,1.0,2.0,3.0,2.0,
,0.0,2.0,0.0,2.0,0.0,0.0,0.0,4.0,1.0,2.0,3.0,2.0,
,0.0,2.0,0.0,2.0,0.0,0.0,0.0,4.0,1.0,2.0,3.0,2.0,
,0.0,2.0,0.0,2.0,0.0,0.0,0.0,4.0,1.0,2.0,3.0,2.0,
,0.0,2.0,0.0,2.0,0.0,0.0,0.0,4.0,1.0,2.0,3.0,2.0,
,0.0,2.0,0.0,2.0,0.0,0.0,0.0,4.0,1.0,2.0,3.0,2.0,
,0.0,2.0,0.0,2.0,0.0,0.0,0.0,4.0,1.0,2.0,3.0,2.0,
,0.0,2.0,0.0,2.0,0.0,0.0,0.0,4.0,1.0,2.0,3.0,2.0,
,0.0,0.0,1.0,0.0,2.0,1.0,3.0,3.0,0.0,4.0,0.0,23.0,37.0
,0.0,0.0,1.0,0.0,2.0,1.0,3.0,3.0,0.0,4.0,0.0,23.0,
,0.0,0.0,1.0,0.0,2.0,1.0,3.0,3.0,0.0,4.0,0.0,23.0,
,0.0,0.0,1.0,0.0,2.0,1.0,3.0,3.0,0.0,4.0,0.0,23.0,
,0.0,0.0,1.0,0.0,2.0,1.0,3.0,3.0,0.0,4.0,0.0,23.0,
,0.0,0.0,1.0,0.0,2.0,1.0,3.0,3.0,0.0,4.0,0.0,23.0,
,0.0,0.0,1.0,0.0,2.0,1.0,3.0,3.0,0.0,4.0,0.0,23.0,
,0.0,0.0,1.0,0.0,2.0,1.0,3.0,3.0,0.0,4.0,0.0,23.0,
,0.0,0.0,1.0,0.0,2.0,1.0,3.0,3.0,0.0,4.0,0.0,23.0,
,0.0,0.0,1.0,0.0,2.0,1.0,3.0,3.0,0.0,4.0,0.0,23.0,
,0.0,0.0,1.0,0.0,2.0,1.0,3.0,3.0,0.0,4.0,0.0,23.0,
,0.0,0.0,1.0,0.0,2.0,1.0,3.0,3.0,0.0,4.0,0.0,23.0,
,29.0,26.0,16.0,1.0,2.0,3.0,2.0,19.0,1.0,5.0,10.0,1.0,115.0
,29.0,26.0,16.0,1.0,2.0,3.0,2.0,19.0,1.0,5.0,10.0,1.0,
,29.0,26.0,16.0,1.0,2.0,3.0,2.0,19.0,1.0,5.0,10.0,1.0,
,29.0,26.0,16.0,1.0,2.0,3.0,2.0,19.0,1.0,5.0,10.0,1.0,
,29.0,26.0,16.0,1.0,2.0,3.0,2.0,19.0,1.0,5.0,10.0,1.0,
,29.0,26.0,16.0,1.0,2.0,3.0,2.0,19.0,1.0,5.0,10.0,1.0,
,29.0,26.0,16.0,1.0,2.0,3.0,2.0,19.0,1.0,5.0,10.0,1.0,
,29.0,26.0,16.0,1.0,2.0,3.0,2.0,19.0,1.0,5.0,10.0,1.0,
,29.0,26.0,16.0,1.0,2.0,3.0,2.0,19.0,1.0,5.0,10.0,1.0,
,29.0,26.0,16.0,1.0,2.0,3.0,2.0,19.0,1.0,5.0,10.0,1.0,
,29.0,26.0,16.0,1.0,2.0,3.0,2.0,19.0,1.0,5.0,10.0,1.0,
,29.0,26.0,16.0,1.0,2.0,3.0,2.0,19.0,1.0,5.0,10.0,1.0,
