year,jan,feb,mar,apr,may,jun,jul,aug,sep,oct,nov,dec,annual
,26.9,34.1,64.6,17.7,35.3,68.0,16.9,24.2,52.8,31.5,18.4,29.0,68.0
,26.9,34.1,64.6,17.7,35.3,68.0,16.9,24.2,52.8,31.5,18.4,29.0,
,26.9,34.1,64.6,17.7,35.3,68.0,16.9,24.2,52.8,31.5,18.4,29.0,
,26.9,34.1,64.6,17.7,35.3,68.0,16.9,24.2,52.8,31.5,18.4,29.0,
,26.9,34.1,64.6,17.7,35.3,68.0,16.9,24.2,52.8,31.5,18.4,29.0,
,26.9,34.1,64.6,17.7,35.3,68.0,16.9,24.2,52.8,31.5,18.4,29.0,
,26.9,34.1,64.6,17.7,35.3,68.0,16.9,24.2,52.8,31.5,18.4,29.0,
,26.9,34.1,64.6,17.7,35.3,68.0,16.9,24.2,52.8,31.5,18.4,29.0,
,26.9,34.1,64.6,17.7,35.3,68.0,16.9,24.2,52.8,31.5,18.4,29.0,
,26.9,34.1,64.6,17.7,35.3,68.0,16.9,24.2,52.8,31.5,18.4,29.0,
,26.9,34.1,64.6,17.7,35.3,68.0,16.9,24.2,52.8,31.5,18.4,29.0,
,26.9,34.1,64.6,17.7,35.3,68.0,16.9,24.2,52.8,31.5,18.4,29.0,
,35.5,9.4,36.4,26.8,8.0,10.7,30.8,52.8,51.8,41.1,11.2,23.7,52.8
,35.5,9.4,36.4,26.8,8.0,10.7,30.8,52.8,51.8,41.1,11.2,23.7,
,35.5,9.4,36.4,26.8,8.0,10.7,30.8,52.8,51.8,41.1,11.2,23.7,
,35.5,9.4,36.4,26.8,8.0,10.7,30.8,52.8,51.8,41.1,11.2,23.7,
,35.5,9.4,36.4,26.8,8.0,10.7,30.8,52.8,51.8,41.1,11.2,23.7,
,35.5,9.4,36.4,26.8,8.0,10.7,30.8,52.8,51.8,41.1,11.2,23.7,
,35.5,9.4,36.4,26.8,8.0,10.7,30.8,52.8,51.8,41.1,11.2,23.7,
,35.5,9.4,36.4,26.8,8.0,10.7,30.8,52.8,51.8,41.1,11.2,23.7,
,35.5,9.4,36.4,26.8,8.0,10.7,30.8,52.8,51.8,41.1,11.2,23.7,
,35.5,9.4,36.4,26.8,8.0,10.7,30.8,52.8,51.8,41.1,11.2,23.7,
,35.5,9.4,36.4,26.8,8.0,10.7,30.8,52.8,51.8,41.1,11.2,23.7,
,35.5,9.4,36.4,26.8,8.0,10.7,30.8,52.8,51.8,41.1,11.2,23.7,
,28.7,33.1,22.4,19.2,17.1,29.2,24.1,46.9,21.5,66.8,49.1,27.2,66.8
,28.7,33.1,22.4,19.2,17.1,29.2,24.1,46.9,21.5,66.8,49.1,27.2,
,28.7,33.1,22.4,19.2,17.1,29.2,24.1,46.9,21.5,66.8,49.1,27.2,
,28.7,33.1,22.4,19.2,17.1,29.2,24.1,46.9,21.5,66.8,49.1,27.2,
,28.7,33.1,22.4,19.2,17.1,29.2,24.1,46.9,21.5,66.8,49.1,27.2,
,28.7,33.1,22.4,19.2,17.1,29.2,24.1,46.9,21.5,66.8,49.1,27.2,
,28.7,33.1,22.4,19.2,17.1,29.2,24.1,46.9,21.5,66.8,49.1,27.2,
,28.7,33.1,22.4,19.2,17.1,29.2,24.1,46.9,21.5,66.8,49.1,27.2,
,28.7,33.1,22.4,19.2,17.1,29.2,24.1,46.9,21.5,66.8,49.1,27.2,
,28.7,33.1,22.4,19.2,17.1,29.2,24.1,46.9,21.5,66.8,49.1,27.2,
,28.7,33.1,22.4,19.2,17.1,29.2,24.1,46.9,21.5,66.8,49.1,27.2,
,28.7,33.1,22.4,19.2,17.1,29.2,24.1,46.9,21.5,66.8,49.1,27.2,
,12.0,39.2,16.3,25.8,37.5,20.1,37.3,37.4,37.8,35.9,26.0,58.7,58.7
,12.0,39.2,16.3,25.8,37.5,20.1,37.3,37.4,37.8,35.9,26.0,58.7,
,12.0,39.2,16.3,25.8,37.5,20.1,37.3,37.4,37.8,35.9,26.0,58.7,
,12.0,39.2,16.3,25.8,37.5,20.1,37.3,37.4,37.8,35.9,26.0,58.7,
,12.0,39.2,16.3,25.8,37.5,20.1,37.3,37.4,37.8,35.9,26.0,58.7,
,12.0,39.2,16.3,25.8,37.5,20.1,37.3,37.4,37.8,35.9,26.0,58.7,
,12.0,39.2,16.3,25.8,37.5,20.1,37.3,37.4,37.8,35.9,26.0,58.7,
,12.0,39.2,16.3,25.8,37.5,20.1,37.3,37.4,37.8,35.9,26.0,58.7,
,12.0,39.2,16.3,25.8,37.5,20.1,37.3,37.4,37.8,35.9,26.0,58.7,
,12.0,39.2,16.3,25.8,37.5,20.1,37.3,37.4,37.8,35.9,26.0,58.7,
,12.0,39.2,16.3,25.8,37.5,20.1,37.3,37.4,37.8,35.9,26.0,58.7,
,12.0,39.2,16.3,25.8,37.5,20.1,37.3,37.4,37.8,35.9,26.0,58.7,
,46.2,17.9,33.6,7.3,27.0,24.3,18.8,98.8,73.8,59.0,21.0,27.0,98.8
,46.2,17.9,33.6,7.3,27.0,24.3,18.8,98.8,73.8,59.0,21.0,27.0,
,46.2,17.9,33.6,7.3,27.0,24.3,18.8,98.8,73.8,59.0,21.0,27.0,
,46.2,17.9,33.6,7.3,27.0,24.3,18.8,98.8,73.8,59.0,21.0,27.0,
,46.2,17.9,33.6,7.3,27.0,24.3,18.8,98.8,73.8,59.0,21.0,27.0,
,46.2,17.9,33.6,7.3,27.0,24.3,18.8,98.8,73.8,59.0,21.0,27.0,
,46.2,17.9,33.6,7.3,27.0,24.3,18.8,98.8,73.8,59.0,21.0,27.0,
,46.2,17.9,33.6,7.3,27.0,24.3,18.8,98.8,73.8,59.0,21.0,27.0,
,46.2,17.9,33.6,7.3,27.0,24.3,18.8,98.8,73.8,59.0,21.0,27.0,
,46.2,17.9,33.6,7.3,27.0,24.3,18.8,98.8,73.8,59.0,21.0,27.0,
,46.2,17.9,33.6,7.3,27.0,24.3,18.8,98.8,73.8,59.0,21.0,27.0,
,46.2,17.9,33.6,7.3,27.0,24.3,18.8,98.8,73.8,59.0,21.0,27.0,
,24.1,38.5,24.2,9.7,2.3,32.5,43.0,63.6,45.2,49.1,18.2,84.9,84.9
,24.1,38.5,24.2,9.7,2.3,32.5,43.0,63.6,45.2,49.1,18.2,84.9,
,24.1,38.5,24.2,9.7,2.3,32.5,43.0,63.6,45.2,49.1,18.2,84.9,
,24.1,38.5,24.2,9.7,2.3,32.5,43.0,63.6,45.2,49.1,18.2,84.9,
,24.1,38.5,24.2,9.7,2.3,32.5,43.0,63.6,45.2,49.1,18.2,84.9,
,24.1,38.5,24.2,9.7,2.3,32.5,43.0,63.6,45.2,49.1,18.2,84.9,
,24.1,38.5,24.2,9.7,2.3,32.5,43.0,63.6,45.2,49.1,18.2,84.9,
,24.1,38.5,24.2,9.7,2.3,32.5,43.0,63.6,45.2,49.1,18.2,84.9,
,24.1,38.5,24.2,9.7,2.3,32.5,43.0,63.6,45.2,49.1,18.2,84.9,
,24.1,38.5,24.2,9.7,2.3,32.5,43.0,63.6,45.2,49.1,18.2,84.9,
,24.1,38.5,24.2,9.7,2.3,32.5,43.0,63.6,45.2,49.1,18.2,84.9,
,24.1,38.5,24.2,9.7,2.3,32.5,43.0,63.6,45.2,49.1,18.2,84.9,
,50.9,32.7,23.2,29.0,19.7,43.8,15.1,45.1,95.0,21.9,19.8,19.0,95.0
,50.9,32.7,23.2,29.0,19.7,43.8,15.1,45.1,95.0,21.9,19.8,19.0,
,50.9,32.7,23.2,29.0,19.7,43.8,15.1,45.1,95.0,21.9,19.8,19.0,
,50.9,32.7,23.2,29.0,19.7,43.8,15.1,45.1,95.0,21.9,19.8,19.0,
,50.9,32.7,23.2,29.0,19.7,43.8,15.1,45.1,95.0,21.9,19.8,19.0,
,50.9,32.7,23.2,29.0,19.7,43.8,15.1,45.1,95.0,21.9,19.8,19.0,
,50.9,32.7,23.2,29.0,19.7,43.8,15.1,45.1,95.0,21.9,19.8,19.0,
,50.9,32.7,23.2,29.0,19.7,43.8,15.1,45.1,95.0,21.9,19.8,19.0,
,50.9,32.7,23.2,29.0,19.7,43.8,15.1,45.1,95.0,21.9,19.8,19.0,
,50.9,32.7,23.2,29.0,19.7,43.8,15.1,45.1,95.0,21.9,19.8,19.0,
,50.9,32.7,23.2,29.0,19.7,43.8,15.1,45.1,95.0,21.9,19.8,19.0,
,50.9,32.7,23.2,29.0,19.7,43.8,15.1,45.1,95.0,21.9,19.8,19.0,
,37.2,32.3,80.0,30.9,12.2,23.3,36.7,3.2,57.4,42.3,31.4,17.7,80.0
,37.2,32.3,80.0,30.9,12.2,23.3,36.7,3.2,57.4,42.3,31.4,17.7,
,37.2,32.3,80.0,30.9,12.2,23.3,36.7,3.2,57.4,42.3,31.4,17.7,
,37.2,32.3,80.0,30.9,12.2,23.3,36.7,3.2,57.4,42.3,31.4,17.7,
,37.2,32.3,80.0,30.9,12.2,23.3,36.7,3.2,57.4,42.3,31.4,17.7,
,37.2,32.3,80.0,30.9,12.2,23.3,36.7,3.2,57.4,42.3,31.4,17.7,
,37.2,32.3,80.0,30.9,12.2,23.3,36.7,3.2,57.4,42.3,31.4,17.7,
,37.2,32.3,80.0,30.9,12.2,23.3,36.7,3.2,57.4,42.3,31.4,17.7,
,37.2,32.3,80.0,30.9,12.2,23.3,36.7,3.2,57.4,42.3,31.4,17.7,
,37.2,32.3,80.0,30.9,12.2,23.3,36.7,3.2,57.4,42.3,31.4,17.7,
,37.2,32.3,80.0,30.9,12.2,23.3,36.7,3.2,57.4,42.3,31.4,17.7,
,37.2,32.3,80.0,30.9,12.2,23.3,36.7,3.2,57.4,42.3,31.4,17.7,
,18.5,43.9,40.3,27.3,40.8,23.2,15.9,28.5,23.2,8.6,31.7,29.6,43.9
,18.5,43.9,40.3,27.3,40.8,23.2,15.9,28.5,23.2,8.6,31.7,29.6,
,18.5,43.9,40.3,27.3,40.8,23.2,15.9,28.5,23.2,8.6,31.7,29.6,
,18.5,43.9,40.3,27.3,40.8,23.2,15.9,28.5,23.2,8.6,31.7,29.6,
,18.5,43.9,40.3,27.3,40.8,23.2,15.9,28.5,23.2,8.6,31.7,29.6,
,18.5,43.9,40.3,27.3,40.8,23.2,15.9,28.5,23.2,8.6,31.7,29.6,
,18.5,43.9,40.3,27.3,40.8,23.2,15.9,28.5,23.2,8.6,31.7,29.6,
,18.5,43.9,40.3,27.3,40.8,23.2,15.9,28.5,23.2,8.6,31.7,29.6,
,18.5,43.9,40.3,27.3,40.8,23.2,15.9,28.5,23.2,8.6,31.7,29.6,
,18.5,43.9,40.3,27.3,40.8,23.2,15.9,28.5,23.2,8.6,31.7,29.6,
,18.5,43.9,40.3,27.3,40.8,23.2,15.9,28.5,23.2,8.6,31.7,29.6,
,18.5,43.9,40.3,27.3,40.8,23.2,15.9,28.5,23.2,8.6,31.7,29.6,
,17.2,43.3,49.8,26.2,57.3,107.7,45.5,25.3,10.1,32.3,16.6,17.5,107.7
,17.2,43.3,49.8,26.2,57.3,107.7,45.5,25.3,10.1,32.3,16.6,17.5,
,17.2,43.3,49.8,26.2,57.3,107.7,45.5,25.3,10.1,32.3,16.6,17.5,
,17.2,43.3,49.8,26.2,57.3,107.7,45.5,25.3,10.1,32.3,16.6,17.5,
,17.2,43.3,49.8,26.2,57.3,107.7,45.5,25.3,10.1,32.3,16.6,17.5,
,17.2,43.3,49.8,26.2,57.3,107.7,45.5,25.3,10.1,32.3,16.6,17.5,
,17.2,43.3,49.8,26.2,57.3,107.7,45.5,25.3,10.1,32.3,16.6,17.5,
,17.2,43.3,49.8,26.2,57.3,107.7,45.5,25.3,10.1,32.3,16.6,17.5,
,17.2,43.3,49.8,26.2,57.3,107.7,45.5,25.3,10.1,32.3,16.6,17.5,
,17.2,43.3,49.8,26.2,57.3,107.7,45.5,25.3,10.1,32.3,16.6,17.5,
,17.2,43.3,49.8,26.2,57.3,107.7,45.5,25.3,10.1,32.3,16.6,17.5,
,17.2,43.3,49.8,26.2,57.3,107.7,45.5,25.3,10.1,32.3,16.6,17.5,
,21.8,29.5,37.3,28.3,19.7,55.4,12.5,43.3,28.0,11.0,18.5,44.9,55.4
,21.8,29.5,37.3,28.3,19.7,55.4,12.5,43.3,28.0,11.0,18.5,44.9,
,21.8,29.5,37.3,28.3,19.7,55.4,12.5,43.3,28.0,11.0,18.5,44.9,
,21.8,29.5,37.3,28.3,19.7,55.4,12.5,43.3,28.0,11.0,18.5,44.9,
,21.8,29.5,37.3,28.3,19.7,55.4,12.5,43.3,28.0,11.0,18.5,44.9,
,21.8,29.5,37.3,28.3,19.7,55.4,12.5,43.3,28.0,11.0,18.5,44.9,
,21.8,29.5,37.3,28.3,19.7,55.4,12.5,43.3,28.0,11.0,18.5,44.9,
,21.8,29.5,37.3,28.3,19.7,55.4,12.5,43.3,28.0,11.0,18.5,44.9,
,21.8,29.5,37.3,28.3,19.7,55.4,12.5,43.3,28.0,11.0,18.5,44.9,
,21.8,29.5,37.3,28.3,19.7,55.4,12.5,43.3,28.0,11.0,18.5,44.9,
,21.8,29.5,37.3,28.3,19.7,55.4,12.5,43.3,28.0,11.0,18.5,44.9,
,21.8,29.5,37.3,28.3,19.7,55.4,12.5,43.3,28.0,11.0,18.5,44.9,
,59.4,69.1,63.4,54.0,33.0,89.4,60.9,53.2,47.5,35.9,37.4,15.0,89.4
,59.4,69.1,63.4,54.0,33.0,89.4,60.9,53.2,47.5,35.9,37.4,15.0,
,59.4,69.1,63.4,54.0,33.0,89.4,60.9,53.2,47.5,35.9,37.4,15.0,
,59.4,69.1,63.4,54.0,33.0,89.4,60.9,53.2,47.5,35.9,37.4,15.0,
,59.4,69.1,63.4,54.0,33.0,89.4,60.9,53.2,47.5,35.9,37.4,15.0,
,59.4,69.1,63.4,54.0,33.0,89.4,60.9,53.2,47.5,35.9,37.4,15.0,
,59.4,69.1,63.4,54.0,33.0,89.4,60.9,53.2,47.5,35.9,37.4,15.0,
,59.4,69.1,63.4,54.0,33.0,89.4,60.9,53.2,47.5,35.9,37.4,15.0,
,59.4,69.1,63.4,54.0,33.0,89.4,60.9,53.2,47.5,35.9,37.4,15.0,
,59.4,69.1,63.4,54.0,33.0,89.4,60.9,53.2,47.5,35.9,37.4,15.0,
,59.4,69.1,63.4,54.0,33.0,89.4,60.9,53.2,47.5,35.9,37.4,15.0,
,59.4,69.1,63.4,54.0,33.0,89.4,60.9,53.2,47.5,35.9,37.4,15.0,
,54.3,48.6,43.0,29.2,61.6,14.0,49.1,34.9,43.5,26.4,5.0,32.6,61.6
,54.3,48.6,43.0,29.2,61.6,14.0,49.1,34.9,43.5,26.4,5.0,32.6,
,54.3,48.6,43.0,29.2,61.6,14.0,49.1,34.9,43.5,26.4,5.0,32.6,
,54.3,48.6,43.0,29.2,61.6,14.0,49.1,34.9,43.5,26.4,5.0,32.6,
,54.3,48.6,43.0,29.2,61.6,14.0,49.1,34.9,43.5,26.4,5.0,32.6,
,54.3,48.6,43.0,29.2,61.6,14.0,49.1,34.9,43.5,26.4,5.0,32.6,
,54.3,48.6,43.0,29.2,61.6,14.0,49.1,34.9,43.5,26.4,5.0,32.6,
,54.3,48.6,43.0,29.2,61.6,14.0,49.1,34.9,43.5,26.4,5.0,32.6,
,54.3,48.6,43.0,29.2,61.6,14.0,49.1,34.9,43.5,26.4,5.0,32.6,
,54.3,48.6,43.0,29.2,61.6,14.0,49.1,34.9,43.5,26.4,5.0,32.6,
,54.3,48.6,43.0,29.2,61.6,14.0,49.1,34.9,43.5,26.4,5.0,32.6,
,54.3,48.6,43.0,29.2,61.6,14.0,49.1,34.9,43.5,26.4,5.0,32.6,
,21.2,13.1,37.0,0.3,45.9,135.4,26.0,60.5,22.3,14.7,31.5,46.0,135.4
,21.2,13.1,37.0,0.3,45.9,135.4,26.0,60.5,22.3,14.7,31.5,46.0,
,21.2,13.1,37.0,0.3,45.9,135.4,26.0,60.5,22.3,14.7,31.5,46.0,
,21.2,13.1,37.0,0.3,45.9,135.4,26.0,60.5,22.3,14.7,31.5,46.0,
,21.2,13.1,37.0,0.3,45.9,135.4,26.0,60.5,22.3,14.7,31.5,46.0,
,21.2,13.1,37.0,0.3,45.9,135.4,26.0,60.5,22.3,14.7,31.5,46.0,
,21.2,13.1,37.0,0.3,45.9,135.4,26.0,60.5,22.3,14.7,31.5,46.0,
,21.2,13.1,37.0,0.3,45.9,135.4,26.0,60.5,22.3,14.7,31.5,46.0,
,21.2,13.1,37.0,0.3,45.9,135.4,26.0,60.5,22.3,14.7,31.5,46.0,
,21.2,13.1,37.0,0.3,45.9,135.4,26.0,60.5,22.3,14.7,31.5,46.0,
,21.2,13.1,37.0,0.3,45.9,135.4,26.0,60.5,22.3,14.7,31.5,46.0,
,21.2,13.1,37.0,0.3,45.9,135.4,26.0,60.5,22.3,14.7,31.5,46.0,
,55.7,24.4,16.7,14.6,33.1,44.3,22.3,46.7,29.8,22.5,26.0,56.3,56.3
,55.7,24.4,16.7,14.6,33.1,44.3,22.3,46.7,29.8,22.5,26.0,56.3,
,55.7,24.4,16.7,14.6,33.1,44.3,22.3,46.7,29.8,22.5,26.0,56.3,
,55.7,24.4,16.7,14.6,33.1,44.3,22.3,46.7,29.8,22.5,26.0,56.3,
,55.7,24.4,16.7,14.6,33.1,44.3,22.3,46.7,29.8,22.5,26.0,56.3,
,55.7,24.4,16.7,14.6,33.1,44.3,22.3,46.7,29.8,22.5,26.0,56.3,
,55.7,24.4,16.7,14.6,33.1,44.3,22.3,46.7,29.8,22.5,26.0,56.3,
,55.7,24.4,16.7,14.6,33.1,44.3,22.3,46.7,29.8,22.5,26.0,56.3,
,55.7,24.4,16.7,14.6,33.1,44.3,22.3,46.7,29.8,22.5,26.0,56.3,
,55.7,24.4,16.7,14.6,33.1,44.3,22.3,46.7,29.8,22.5,26.0,56.3,
,55.7,24.4,16.7,14.6,33.1,44.3,22.3,46.7,29.8,22.5,26.0,56.3,
,55.7,24.4,16.7,14.6,33.1,44.3,22.3,46.7,29.8,22.5,26.0,56.3,
,25.7,35.0,35.6,26.5,42.6,50.4,66.7,18.3,29.8,26.0,43.8,54.4,66.7
,25.7,35.0,35.6,26.5,42.6,50.4,66.7,18.3,29.8,26.0,43.8,54.4,
,25.7,35.0,35.6,26.5,42.6,50.4,66.7,18.3,29.8,26.0,43.8,54.4,
,25.7,35.0,35.6,26.5,42.6,50.4,66.7,18.3,29.8,26.0,43.8,54.4,
,25.7,35.0,35.6,26.5,42.6,50.4,66.7,18.3,29.8,26.0,43.8,54.4,
,25.7,35.0,35.6,26.5,42.6,50.4,66.7,18.3,29.8,26.0,43.8,54.4,
,25.7,35.0,35.6,26.5,42.6,50.4,66.7,18.3,29.8,26.0,43.8,54.4,
,25.7,35.0,35.6,26.5,42.6,50.4,66.7,18.3,29.8,26.0,43.8,54.4,
,25.7,35.0,35.6,26.5,42.6,50.4,66.7,18.3,29.8,26.0,43.8,54.4,
,25.7,35.0,35.6,26.5,42.6,50.4,66.7,18.3,29.8,26.0,43.8,54.4,
,25.7,35.0,35.6,26.5,42.6,50.4,66.7,18.3,29.8,26.0,43.8,54.4,
,25.7,35.0,35.6,26.5,42.6,50.4,66.7,18.3,29.8,26.0,43.8,54.4,
,18.6,11.8,56.0,38.0,22.0,81.3,52.7,30.6,16.2,38.3,32.1,54.0,81.3
,18.6,11.8,56.0,38.0,22.0,81.3,52.7,30.6,16.2,38.3,32.1,54.0,
,18.6,11.8,56.0,38.0,22.0,81.3,52.7,30.6,16.2,38.3,32.1,54.0,
,18.6,11.8,56.0,38.0,22.0,81.3,52.7,30.6,16.2,38.3,32.1,54.0,
,18.6,11.8,56.0,38.0,22.0,81.3,52.7,30.6,16.2,38.3,32.1,54.0,
,18.6,11.8,56.0,38.0,22.0,81.3,52.7,30.6,16.2,38.3,32.1,54.0,
,18.6,11.8,56.0,38.0,22.0,81.3,52.7,30.6,16.2,38.3,32.1,54.0,
,18.6,11.8,56.0,38.0,22.0,81.3,52.7,30.6,16.2,38.3,32.1,54.0,
,18.6,11.8,56.0,38.0,22.0,81.3,52.7,30.6,16.2,38.3,32.1,54.0,
,18.6,11.8,56.0,38.0,22.0,81.3,52.7,30.6,16.2,38.3,32.1,54.0,
,18.6,11.8,56.0,38.0,22.0,81.3,52.7,30.6,16.2,38.3,32.1,54.0,
,18.6,11.8,56.0,38.0,22.0,81.3,52.7,30.6,16.2,38.3,32.1,54.0,
,26.6,20.8,15.0,7.9,24.7,32.9,16.7,42.8,35.4,32.5,44.4,23.9,44.4
,26.6,20.8,15.0,7.9,24.7,32.9,16.7,42.8,35.4,32.5,44.4,23.9,
,26.6,20.8,15.0,7.9,24.7,32.9,16.7,42.8,35.4,32.5,44.4,23.9,
,26.6,20.8,15.0,7.9,24.7,32.9,16.7,42.8,35.4,32.5,44.4,23.9,
,26.6,20.8,15.0,7.9,24.7,32.9,16.7,42.8,35.4,32.5,44.4,23.9,
,26.6,20.8,15.0,7.9,24.7,32.9,16.7,42.8,35.4,32.5,44.4,23.9,
,26.6,20.8,15.0,7.9,24.7,32.9,16.7,42.8,35.4,32.5,44.4,23.9,
,26.6,20.8,15.0,7.9,24.7,32.9,16.7,42.8,35.4,32.5,44.4,23.9,
,26.6,20.8,15.0,7.9,24.7,32.9,16.7,42.8,35.4,32.5,44.4,23.9,
,26.6,20.8,15.0,7.9,24.7,32.9,16.7,42.8,35.4,32.5,44.4,23.9,
,26.6,20.8,15.0,7.9,24.7,32.9,16.7,42.8,35.4,32.5,44.4,23.9,
,26.6,20.8,15.0,7.9,24.7,32.9,16.7,42.8,35.4,32.5,44.4,23.9,
,24.4,29.3,14.3,42.8,43.1,31.0,61.3,34.2,47.9,25.6,42.8,38.7,61.3
,24.4,29.3,14.3,42.8,43.1,31.0,61.3,34.2,47.9,25.6,42.8,38.7,
,24.4,29.3,14.3,42.8,43.1,31.0,61.3,34.2,47.9,25.6,42.8,38.7,
,24.4,29.3,14.3,42.8,43.1,31.0,61.3,34.2,47.9,25.6,42.8,38.7,
,24.4,29.3,14.3,42.8,43.1,31.0,61.3,34.2,47.9,25.6,42.8,38.7,
,24.4,29.3,14.3,42.8,43.1,31.0,61.3,34.2,47.9,25.6,42.8,38.7,
,24.4,29.3,14.3,42.8,43.1,31.0,61.3,34.2,47.9,25.6,42.8,38.7,
,24.4,29.3,14.3,42.8,43.1,31.0,61.3,34.2,47.9,25.6,42.8,38.7,
,24.4,29.3,14.3,42.8,43.1,31.0,61.3,34.2,47.9,25.6,42.8,38.7,
,24.4,29.3,14.3,42.8,43.1,31.0,61.3,34.2,47.9,25.6,42.8,38.7,
,24.4,29.3,14.3,42.8,43.1,31.0,61.3,34.2,47.9,25.6,42.8,38.7,
,24.4,29.3,14.3,42.8,43.1,31.0,61.3,34.2,47.9,25.6,42.8,38.7,
,25.2,42.2,55.3,89.3,38.8,29.8,59.6,30.2,19.0,30.6,25.7,29.7,89.3
,25.2,42.2,55.3,89.3,38.8,29.8,59.6,30.2,19.0,30.6,25.7,29.7,
,25.2,42.2,55.3,89.3,38.8,29.8,59.6,30.2,19.0,30.6,25.7,29.7,
,25.2,42.2,55.3,89.3,38.8,29.8,59.6,30.2,19.0,30.6,25.7,29.7,
,25.2,42.2,55.3,89.3,38.8,29.8,59.6,30.2,19.0,30.6,25.7,29.7,
,25.2,42.2,55.3,89.3,38.8,29.8,59.6,30.2,19.0,30.6,25.7,29.7,
,25.2,42.2,55.3,89.3,38.8,29.8,59.6,30.2,19.0,30.6,25.7,29.7,
,25.2,42.2,55.3,89.3,38.8,29.8,59.6,30.2,19.0,30.6,25.7,29.7,
,25.2,42.2,55.3,89.3,38.8,29.8,59.6,30.2,19.0,30.6,25.7,29.7,
,25.2,42.2,55.3,89.3,38.8,29.8,59.6,30.2,19.0,30.6,25.7,29.7,
,25.2,42.2,55.3,89.3,38.8,29.8,59.6,30.2,19.0,30.6,25.7,29.7,
,25.2,42.2,55.3,89.3,38.8,29.8,59.6,30.2,19.0,30.6,25.7,29.7,
,45.8,109.5,8.6,37.2,18.6,46.3,34.5,30.5,40.1,8.3,34.4,27.2,109.5
,45.8,109.5,8.6,37.2,18.6,46.3,34.5,30.5,40.1,8.3,34.4,27.2,
,45.8,109.5,8.6,37.2,18.6,46.3,34.5,30.5,40.1,8.3,34.4,27.2,
,45.8,109.5,8.6,37.2,18.6,46.3,34.5,30.5,40.1,8.3,34.4,27.2,
,45.8,109.5,8.6,37.2,18.6,46.3,34.5,30.5,40.1,8.3,34.4,27.2,
,45.8,109.5,8.6,37.2,18.6,46.3,34.5,30.5,40.1,8.3,34.4,27.2,
,45.8,109.5,8.6,37.2,18.6,46.3,34.5,30.5,40.1,8.3,34.4,27.2,
,45.8,109.5,8.6,37.2,18.6,46.3,34.5,30.5,40.1,8.3,34.4,27.2,
,45.8,109.5,8.6,37.2,18.6,46.3,34.5,30.5,40.1,8.3,34.4,27.2,
,45.8,109.5,8.6,37.2,18.6,46.3,34.5,30.5,40.1,8.3,34.4,27.2,
,45.8,109.5,8.6,37.2,18.6,46.3,34.5,30.5,40.1,8.3,34.4,27.2,
,45.8,109.5,8.6,37.2,18.6,46.3,34.5,30.5,40.1,8.3,34.4,27.2,
,4.5,54.0,11.1,11.1,23.7,138.8,48.5,64.2,46.4,74.8,40.8,24.8,138.8
,4.5,54.0,11.1,11.1,23.7,138.8,48.5,64.2,46.4,74.8,40.8,24.8,
,4.5,54.0,11.1,11.1,23.7,138.8,48.5,64.2,46.4,74.8,40.8,24.8,
,4.5,54.0,11.1,11.1,23.7,138.8,48.5,64.2,46.4,74.8,40.8,24.8,
,4.5,54.0,11.1,11.1,23.7,138.8,48.5,64.2,46.4,74.8,40.8,24.8,
,4.5,54.0,11.1,11.1,23.7,138.8,48.5,64.2,46.4,74.8,40.8,24.8,
,4.5,54.0,11.1,11.1,23.7,138.8,48.5,64.2,46.4,74.8,40.8,24.8,
,4.5,54.0,11.1,11.1,23.7,138.8,48.5,64.2,46.4,74.8,40.8,24.8,
,4.5,54.0,11.1,11.1,23.7,138.8,48.5,64.2,46.4,74.8,40.8,24.8,
,4.5,54.0,11.1,11.1,23.7,138.8,48.5,64.2,46.4,74.8,40.8,24.8,
,4.5,54.0,11.1,11.1,23.7,138.8,48.5,64.2,46.4,74.8,40.8,24.8,
,4.5,54.0,11.1,11.1,23.7,138.8,48.5,64.2,46.4,74.8,40.8,24.8,
,25.7,59.5,92.9,24.7,34.5,29.2,43.2,56.1,22.7,51.1,23.5,17.4,92.9
,25.7,59.5,92.9,24.7,34.5,29.2,43.2,56.1,22.7,51.1,23.5,17.4,
,25.7,59.5,92.9,24.7,34.5,29.2,43.2,56.1,22.7,51.1,23.5,17.4,
,25.7,59.5,92.9,24.7,34.5,29.2,43.2,56.1,22.7,51.1,23.5,17.4,
,25.7,59.5,92.9,24.7,34.5,29.2,43.2,56.1,22.7,51.1,23.5,17.4,
,25.7,59.5,92.9,24.7,34.5,29.2,43.2,56.1,22.7,51.1,23.5,17.4,
,25.7,59.5,92.9,24.7,34.5,29.2,43.2,56.1,22.7,51.1,23.5,17.4,
,25.7,59.5,92.9,24.7,34.5,29.2,43.2,56.1,22.7,51.1,23.5,17.4,
,25.7,59.5,92.9,24.7,34.5,29.2,43.2,56.1,22.7,51.1,23.5,17.4,
,25.7,59.5,92.9,24.7,34.5,29.2,43.2,56.1,22.7,51.1,23.5,17.4,
,25.7,59.5,92.9,24.7,34.5,29.2,43.2,56.1,22.7,51.1,23.5,17.4,
,25.7,59.5,92.9,24.7,34.5,29.2,43.2,56.1,22.7,51.1,23.5,17.4,
,29.2,36.4,42.7,54.4,60.1,73.3,24.5,27.9,16.4,21.4,26.2,15.0,73.3
,29.2,36.4,42.7,54.4,60.1,73.3,24.5,27.9,16.4,21.4,26.2,15.0,
,29.2,36.4,42.7,54.4,60.1,73.3,24.5,27.9,16.4,21.4,26.2,15.0,
,29.2,36.4,42.7,54.4,60.1,73.3,24.5,27.9,16.4,21.4,26.2,15.0,
,29.2,36.4,42.7,54.4,60.1,73.3,24.5,27.9,16.4,21.4,26.2,15.0,
,29.2,36.4,42.7,54.4,60.1,73.3,24.5,27.9,16.4,21.4,26.2,15.0,
,29.2,36.4,42.7,54.4,60.1,73.3,24.5,27.9,16.4,21.4,26.2,15.0,
,29.2,36.4,42.7,54.4,60.1,73.3,24.5,27.9,16.4,21.4,26.2,15.0,
,29.2,36.4,42.7,54.4,60.1,73.3,24.5,27.9,16.4,21.4,26.2,15.0,
,29.2,36.4,42.7,54.4,60.1,73.3,24.5,27.9,16.4,21.4,26.2,15.0,
,29.2,36.4,42.7,54.4,60.1,73.3,24.5,27.9,16.4,21.4,26.2,15.0,
,29.2,36.4,42.7,54.4,60.1,73.3,24.5,27.9,16.4,21.4,26.2,15.0,
,22.4,31.6,36.8,36.0,31.6,33.3,34.9,46.3,40.6,39.8,11.9,74.0,74.0
,22.4,31.6,36.8,36.0,31.6,33.3,34.9,46.3,40.6,39.8,11.9,74.0,
,22.4,31.6,36.8,36.0,31.6,33.3,34.9,46.3,40.6,39.8,11.9,74.0,
,22.4,31.6,36.8,36.0,31.6,33.3,34.9,46.3,40.6,39.8,11.9,74.0,
,22.4,31.6,36.8,36.0,31.6,33.3,34.9,46.3,40.6,39.8,11.9,74.0,
,22.4,31.6,36.8,36.0,31.6,33.3,34.9,46.3,40.6,39.8,11.9,74.0,
,22.4,31.6,36.8,36.0,31.6,33.3,34.9,46.3,40.6,39.8,11.9,74.0,
,22.4,31.6,36.8,36.0,31.6,33.3,34.9,46.3,40.6,39.8,11.9,74.0,
,22.4,31.6,36.8,36.0,31.6,33.3,34.9,46.3,40.6,39.8,11.9,74.0,
,22.4,31.6,36.8,36.0,31.6,33.3,34.9,46.3,40.6,39.8,11.9,74.0,
,22.4,31.6,36.8,36.0,31.6,33.3,34.9,46.3,40.6,39.8,11.9,74.0,
,22.4,31.6,36.8,36.0,31.6,33.3,34.9,46.3,40.6,39.8,11.9,74.0,
,30.8,34.0,82.7,29.8,49.0,26.7,53.1,48.6,75.3,47.0,68.0,45.3,82.7
,30.8,34.0,82.7,29.8,49.0,26.7,53.1,48.6,75.3,47.0,68.0,45.3,
,30.8,34.0,82.7,29.8,49.0,26.7,53.1,48.6,75.3,47.0,68.0,45.3,
,30.8,34.0,82.7,29.8,49.0,26.7,53.1,48.6,75.3,47.0,68.0,45.3,
,30.8,34.0,82.7,29.8,49.0,26.7,53.1,48.6,75.3,47.0,68.0,45.3,
,30.8,34.0,82.7,29.8,49.0,26.7,53.1,48.6,75.3,47.0,68.0,45.3,
,30.8,34.0,82.7,29.8,49.0,26.7,53.1,48.6,75.3,47.0,68.0,45.3,
,30.8,34.0,82.7,29.8,49.0,26.7,53.1,48.6,75.3,47.0,68.0,45.3,
,30.8,34.0,82.7,29.8,49.0,26.7,53.1,48.6,75.3,47.0,68.0,45.3,
,30.8,34.0,82.7,29.8,49.0,26.7,53.1,48.6,75.3,47.0,68.0,45.3,
,30.8,34.0,82.7,29.8,49.0,26.7,53.1,48.6,75.3,47.0,68.0,45.3,
,30.8,34.0,82.7,29.8,49.0,26.7,53.1,48.6,75.3,47.0,68.0,45.3,
,53.4,29.3,27.3,34.7,60.8,23.3,48.7,50.7,32.3,32.6,47.4,26.8,60.8
,53.4,29.3,27.3,34.7,60.8,23.3,48.7,50.7,32.3,32.6,47.4,26.8,
,53.4,29.3,27.3,34.7,60.8,23.3,48.7,50.7,32.3,32.6,47.4,26.8,
,53.4,29.3,27.3,34.7,60.8,23.3,48.7,50.7,32.3,32.6,47.4,26.8,
,53.4,29.3,27.3,34.7,60.8,23.3,48.7,50.7,32.3,32.6,47.4,26.8,
,53.4,29.3,27.3,34.7,60.8,23.3,48.7,50.7,32.3,32.6,47.4,26.8,
,53.4,29.3,27.3,34.7,60.8,23.3,48.7,50.7,32.3,32.6,47.4,26.8,
,53.4,29.3,27.3,34.7,60.8,23.3,48.7,50.7,32.3,32.6,47.4,26.8,
,53.4,29.3,27.3,34.7,60.8,23.3,48.7,50.7,32.3,32.6,47.4,26.8,
,53.4,29.3,27.3,34.7,60.8,23.3,48.7,50.7,32.3,32.6,47.4,26.8,
,53.4,29.3,27.3,34.7,60.8,23.3,48.7,50.7,32.3,32.6,47.4,26.8,
,53.4,29.3,27.3,34.7,60.8,23.3,48.7,50.7,32.3,32.6,47.4,26.8,
,42.0,18.0,3.4,29.4,11.0,37.1,23.1,7.5,33.6,40.2,35.4,9.1,42.0
,42.0,18.0,3.4,29.4,11.0,37.1,23.1,7.5,33.6,40.2,35.4,9.1,
,42.0,18.0,3.4,29.4,11.0,37.1,23.1,7.5,33.6,40.2,35.4,9.1,
,42.0,18.0,3.4,29.4,11.0,37.1,23.1,7.5,33.6,40.2,35.4,9.1,
,42.0,18.0,3.4,29.4,11.0,37.1,23.1,7.5,33.6,40.2,35.4,9.1,
,42.0,18.0,3.4,29.4,11.0,37.1,23.1,7.5,33.6,40.2,35.4,9.1,
,42.0,18.0,3.4,29.4,11.0,37.1,23.1,7.5,33.6,40.2,35.4,9.1,
,42.0,18.0,3.4,29.4,11.0,37.1,23.1,7.5,33.6,40.2,35.4,9.1,
,42.0,18.0,3.4,29.4,11.0,37.1,23.1,7.5,33.6,40.2,35.4,9.1,
,42.0,18.0,3.4,29.4,11.0,37.1,23.1,7.5,33.6,40.2,35.4,9.1,
,42.0,18.0,3.4,29.4,11.0,37.1,23.1,7.5,33.6,40.2,35.4,9.1,
,42.0,18.0,3.4,29.4,11.0,37.1,23.1,7.5,33.6,40.2,35.4,9.1,
,55.4,17.4,57.7,49.6,34.1,32.7,38.0,44.1,48.9,27.2,37.2,34.0,57.7
,55.4,17.4,57.7,49.6,34.1,32.7,38.0,44.1,48.9,27.2,37.2,34.0,
,55.4,17.4,57.7,49.6,34.1,32.7,38.0,44.1,48.9,27.2,37.2,34.0,
,55.4,17.4,57.7,49.6,34.1,32.7,38.0,44.1,48.9,27.2,37.2,34.0,
,55.4,17.4,57.7,49.6,34.1,32.7,38.0,44.1,48.9,27.2,37.2,34.0,
,55.4,17.4,57.7,49.6,34.1,32.7,38.0,44.1,48.9,27.2,37.2,34.0,
,55.4,17.4,57.7,49.6,34.1,32.7,38.0,44.1,48.9,27.2,37.2,34.0,
,55.4,17.4,57.7,49.6,34.1,32.7,38.0,44.1,48.9,27.2,37.2,34.0,
,55.4,17.4,57.7,49.6,34.1,32.7,38.0,44.1,48.9,27.2,37.2,34.0,
,55.4,17.4,57.7,49.6,34.1,32.7,38.0,44.1,48.9,27.2,37.2,34.0,
,55.4,17.4,57.7,49.6,34.1,32.7,38.0,44.1,48.9,27.2,37.2,34.0,
,55.4,17.4,57.7,49.6,34.1,32.7,38.0,44.1,48.9,27.2,37.2,34.0,
,21.1,49.9,35.2,49.5,14.3,32.2,13.5,15.1,94.5,71.0,54.5,50.5,94.5
,21.1,49.9,35.2,49.5,14.3,32.2,13.5,15.1,94.5,71.0,54.5,50.5,
,21.1,49.9,35.2,49.5,14.3,32.2,13.5,15.1,94.5,71.0,54.5,50.5,
,21.1,49.9,35.2,49.5,14.3,32.2,13.5,15.1,94.5,71.0,54.5,50.5,
,21.1,49.9,35.2,49.5,14.3,32.2,13.5,15.1,94.5,71.0,54.5,50.5,
,21.1,49.9,35.2,49.5,14.3,32.2,13.5,15.1,94.5,71.0,54.5,50.5,
,21.1,49.9,35.2,49.5,14.3,32.2,13.5,15.1,94.5,71.0,54.5,50.5,
,21.1,49.9,35.2,49.5,14.3,32.2,13.5,15.1,94.5,71.0,54.5,50.5,
,21.1,49.9,35.2,49.5,14.3,32.2,13.5,15.1,94.5,71.0,54.5,50.5,
,21.1,49.9,35.2,49.5,14.3,32.2,13.5,15.1,94.5,71.0,54.5,50.5,
,21.1,49.9,35.2,49.5,14.3,32.2,13.5,15.1,94.5,71.0,54.5,50.5,
,21.1,49.9,35.2,49.5,14.3,32.2,13.5,15.1,94.5,71.0,54.5,50.5,
,18.3,40.8,26.2,93.0,13.1,27.2,40.1,33.4,13.6,38.9,23.2,37.3,93.0
,18.3,40.8,26.2,93.0,13.1,27.2,40.1,33.4,13.6,38.9,23.2,37.3,
,18.3,40.8,26.2,93.0,13.1,27.2,40.1,33.4,13.6,38.9,23.2,37.3,
,18.3,40.8,26.2,93.0,13.1,27.2,40.1,33.4,13.6,38.9,23.2,37.3,
,18.3,40.8,26.2,93.0,13.1,27.2,40.1,33.4,13.6,38.9,23.2,37.3,
,18.3,40.8,26.2,93.0,13.1,27.2,40.1,33.4,13.6,38.9,23.2,37.3,
,18.3,40.8,26.2,93.0,13.1,27.2,40.1,33.4,13.6,38.9,23.2,37.3,
,18.3,40.8,26.2,93.0,13.1,27.2,40.1,33.4,13.6,38.9,23.2,37.3,
,18.3,40.8,26.2,93.0,13.1,27.2,40.1,33.4,13.6,38.9,23.2,37.3,
,18.3,40.8,26.2,93.0,13.1,27.2,40.1,33.4,13.6,38.9,23.2,37.3,
,18.3,40.8,26.2,93.0,13.1,27.2,40.1,33.4,13.6,38.9,23.2,37.3,
,18.3,40.8,26.2,93.0,13.1,27.2,40.1,33.4,13.6,38.9,23.2,37.3,
,78.3,20.8,60.6,52.0,18.5,47.5,43.8,37.4,62.1,51.7,21.0,26.8,78.3
,78.3,20.8,60.6,52.0,18.5,47.5,43.8,37.4,62.1,51.7,21.0,26.8,
,78.3,20.8,60.6,52.0,18.5,47.5,43.8,37.4,62.1,51.7,21.0,26.8,
,78.3,20.8,60.6,52.0,18.5,47.5,43.8,37.4,62.1,51.7,21.0,26.8,
,78.3,20.8,60.6,52.0,18.5,47.5,43.8,37.4,62.1,51.7,21.0,26.8,
,78.3,20.8,60.6,52.0,18.5,47.5,43.8,37.4,62.1,51.7,21.0,26.8,
,78.3,20.8,60.6,52.0,18.5,47.5,43.8,37.4,62.1,51.7,21.0,26.8,
,78.3,20.8,60.6,52.0,18.5,47.5,43.8,37.4,62.1,51.7,21.0,26.8,
,78.3,20.8,60.6,52.0,18.5,47.5,43.8,37.4,62.1,51.7,21.0,26.8,
,78.3,20.8,60.6,52.0,18.5,47.5,43.8,37.4,62.1,51.7,21.0,26.8,
,78.3,20.8,60.6,52.0,18.5,47.5,43.8,37.4,62.1,51.7,21.0,26.8,
,78.3,20.8,60.6,52.0,18.5,47.5,43.8,37.4,62.1,51.7,21.0,26.8,
,49.8,52.9,14.9,10.2,45.8,64.2,47.0,25.0,22.4,56.5,67.8,45.8,67.8
,49.8,52.9,14.9,10.2,45.8,64.2,47.0,25.0,22.4,56.5,67.8,45.8,
,49.8,52.9,14.9,10.2,45.8,64.2,47.0,25.0,22.4,56.5,67.8,45.8,
,49.8,52.9,14.9,10.2,45.8,64.2,47.0,25.0,22.4,56.5,67.8,45.8,
,49.8,52.9,14.9,10.2,45.8,64.2,47.0,25.0,22.4,56.5,67.8,45.8,
,49.8,52.9,14.9,10.2,45.8,64.2,47.0,25.0,22.4,56.5,67.8,45.8,
,49.8,52.9,14.9,10.2,45.8,64.2,47.0,25.0,22.4,56.5,67.8,45.8,
,49.8,52.9,14.9,10.2,45.8,64.2,47.0,25.0,22.4,56.5,67.8,45.8,
,49.8,52.9,14.9,10.2,45.8,64.2,47.0,25.0,22.4,56.5,67.8,45.8,
,49.8,52.9,14.9,10.2,45.8,64.2,47.0,25.0,22.4,56.5,67.8,45.8,
,49.8,52.9,14.9,10.2,45.8,64.2,47.0,25.0,22.4,56.5,67.8,45.8,
,49.8,52.9,14.9,10.2,45.8,64.2,47.0,25.0,22.4,56.5,67.8,45.8,
,32.9,69.8,34.2,40.2,34.1,77.1,41.5,51.0,12.2,46.7,21.8,23.7,77.1
,32.9,69.8,34.2,40.2,34.1,77.1,41.5,51.0,12.2,46.7,21.8,23.7,
,32.9,69.8,34.2,40.2,34.1,77.1,41.5,51.0,12.2,46.7,21.8,23.7,
,32.9,69.8,34.2,40.2,34.1,77.1,41.5,51.0,12.2,46.7,21.8,23.7,
,32.9,69.8,34.2,40.2,34.1,77.1,41.5,51.0,12.2,46.7,21.8,23.7,
,32.9,69.8,34.2,40.2,34.1,77.1,41.5,51.0,12.2,46.7,21.8,23.7,
,32.9,69.8,34.2,40.2,34.1,77.1,41.5,51.0,12.2,46.7,21.8,23.7,
,32.9,69.8,34.2,40.2,34.1,77.1,41.5,51.0,12.2,46.7,21.8,23.7,
,32.9,69.8,34.2,40.2,34.1,77.1,41.5,51.0,12.2,46.7,21.8,23.7,
,32.9,69.8,34.2,40.2,34.1,77.1,41.5,51.0,12.2,46.7,21.8,23.7,
,32.9,69.8,34.2,40.2,34.1,77.1,41.5,51.0,12.2,46.7,21.8,23.7,
,32.9,69.8,34.2,40.2,34.1,77.1,41.5,51.0,12.2,46.7,21.8,23.7,
,28.3,23.2,27.4,22.0,27.3,58.2,70.3,36.7,51.4,31.2,27.7,66.0,70.3
,28.3,23.2,27.4,22.0,27.3,58.2,70.3,36.7,51.4,31.2,27.7,66.0,
,28.3,23.2,27.4,22.0,27.3,58.2,70.3,36.7,51.4,31.2,27.7,66.0,
,28.3,23.2,27.4,22.0,27.3,58.2,70.3,36.7,51.4,31.2,27.7,66.0,
,28.3,23.2,27.4,22.0,27.3,58.2,70.3,36.7,51.4,31.2,27.7,66.0,
,28.3,23.2,27.4,22.0,27.3,58.2,70.3,36.7,51.4,31.2,27.7,66.0,
,28.3,23.2,27.4,22.0,27.3,58.2,70.3,36.7,51.4,31.2,27.7,66.0,
,28.3,23.2,27.4,22.0,27.3,58.2,70.3,36.7,51.4,31.2,27.7,66.0,
,28.3,23.2,27.4,22.0,27.3,58.2,70.3,36.7,51.4,31.2,27.7,66.0,
,28.3,23.2,27.4,22.0,27.3,58.2,70.3,36.7,51.4,31.2,27.7,66.0,
,28.3,23.2,27.4,22.0,27.3,58.2,70.3,36.7,51.4,31.2,27.7,66.0,
,28.3,23.2,27.4,22.0,27.3,58.2,70.3,36.7,51.4,31.2,27.7,66.0,
,34.9,20.8,46.8,24.6,10.2,41.2,12.8,31.0,28.3,66.1,38.6,48.7,66.1
,34.9,20.8,46.8,24.6,10.2,41.2,12.8,31.0,28.3,66.1,38.6,48.7,
,34.9,20.8,46.8,24.6,10.2,41.2,12.8,31.0,28.3,66.1,38.6,48.7,
,34.9,20.8,46.8,24.6,10.2,41.2,12.8,31.0,28.3,66.1,38.6,48.7,
,34.9,20.8,46.8,24.6,10.2,41.2,12.8,31.0,28.3,66.1,38.6,48.7,
,34.9,20.8,46.8,24.6,10.2,41.2,12.8,31.0,28.3,66.1,38.6,48.7,
,34.9,20.8,46.8,24.6,10.2,41.2,12.8,31.0,28.3,66.1,38.6,48.7,
,34.9,20.8,46.8,24.6,10.2,41.2,12.8,31.0,28.3,66.1,38.6,48.7,
,34.9,20.8,46.8,24.6,10.2,41.2,12.8,31.0,28.3,66.1,38.6,48.7,
,34.9,20.8,46.8,24.6,10.2,41.2,12.8,31.0,28.3,66.1,38.6,48.7,
,34.9,20.8,46.8,24.6,10.2,41.2,12.8,31.0,28.3,66.1,38.6,48.7,
,34.9,20.8,46.8,24.6,10.2,41.2,12.8,31.0,28.3,66.1,38.6,48.7,
,39.7,38.9,23.7,10.5,38.6,50.3,30.5,34.1,21.1,60.3,36.7,56.5,60.3
,39.7,38.9,23.7,10.5,38.6,50.3,30.5,34.1,21.1,60.3,36.7,56.5,
,39.7,38.9,23.7,10.5,38.6,50.3,30.5,34.1,21.1,60.3,36.7,56.5,
,39.7,38.9,23.7,10.5,38.6,50.3,30.5,34.1,21.1,60.3,36.7,56.5,
,39.7,38.9,23.7,10.5,38.6,50.3,30.5,34.1,21.1,60.3,36.7,56.5,
,39.7,38.9,23.7,10.5,38.6,50.3,30.5,34.1,21.1,60.3,36.7,56.5,
,39.7,38.9,23.7,10.5,38.6,50.3,30.5,34.1,21.1,60.3,36.7,56.5,
,39.7,38.9,23.7,10.5,38.6,50.3,30.5,34.1,21.1,60.3,36.7,56.5,
,39.7,38.9,23.7,10.5,38.6,50.3,30.5,34.1,21.1,60.3,36.7,56.5,
,39.7,38.9,23.7,10.5,38.6,50.3,30.5,34.1,21.1,60.3,36.7,56.5,
,39.7,38.9,23.7,10.5,38.6,50.3,30.5,34.1,21.1,60.3,36.7,56.5,
,39.7,38.9,23.7,10.5,38.6,50.3,30.5,34.1,21.1,60.3,36.7,56.5,
,39.8,56.4,46.9,38.7,53.5,20.1,47.4,34.7,49.3,12.3,18.8,23.3,56.4
,39.8,56.4,46.9,38.7,53.5,20.1,47.4,34.7,49.3,12.3,18.8,23.3,
,39.8,56.4,46.9,38.7,53.5,20.1,47.4,34.7,49.3,12.3,18.8,23.3,
,39.8,56.4,46.9,38.7,53.5,20.1,47.4,34.7,49.3,12.3,18.8,23.3,
,39.8,56.4,46.9,38.7,53.5,20.1,47.4,34.7,49.3,12.3,18.8,23.3,
,39.8,56.4,46.9,38.7,53.5,20.1,47.4,34.7,49.3,12.3,18.8,23.3,
,39.8,56.4,46.9,38.7,53.5,20.1,47.4,34.7,49.3,12.3,18.8,23.3,
,39.8,56.4,46.9,38.7,53.5,20.1,47.4,34.7,49.3,12.3,18.8,23.3,
,39.8,56.4,46.9,38.7,53.5,20.1,47.4,34.7,49.3,12.3,18.8,23.3,
,39.8,56.4,46.9,38.7,53.5,20.1,47.4,34.7,49.3,12.3,18.8,23.3,
,39.8,56.4,46.9,38.7,53.5,20.1,47.4,34.7,49.3,12.3,18.8,23.3,
,39.8,56.4,46.9,38.7,53.5,20.1,47.4,34.7,49.3,12.3,18.8,23.3,
,29.1,28.0,28.5,49.9,52.4,95.1,52.0,38.1,33.8,49.4,51.0,14.2,95.1
,29.1,28.0,28.5,49.9,52.4,95.1,52.0,38.1,33.8,49.4,51.0,14.2,
,29.1,28.0,28.5,49.9,52.4,95.1,52.0,38.1,33.8,49.4,51.0,14.2,
,29.1,28.0,28.5,49.9,52.4,95.1,52.0,38.1,33.8,49.4,51.0,14.2,
,29.1,28.0,28.5,49.9,52.4,95.1,52.0,38.1,33.8,49.4,51.0,14.2,
,29.1,28.0,28.5,49.9,52.4,95.1,52.0,38.1,33.8,49.4,51.0,14.2,
,29.1,28.0,28.5,49.9,52.4,95.1,52.0,38.1,33.8,49.4,51.0,14.2,
,29.1,28.0,28.5,49.9,52.4,95.1,52.0,38.1,33.8,49.4,51.0,14.2,
,29.1,28.0,28.5,49.9,52.4,95.1,52.0,38.1,33.8,49.4,51.0,14.2,
,29.1,28.0,28.5,49.9,52.4,95.1,52.0,38.1,33.8,49.4,51.0,14.2,
,29.1,28.0,28.5,49.9,52.4,95.1,52.0,38.1,33.8,49.4,51.0,14.2,
,29.1,28.0,28.5,49.9,52.4,95.1,52.0,38.1,33.8,49.4,51.0,14.2,
,25.0,53.1,21.3,60.3,74.7,36.9,38.6,55.0,57.6,36.2,38.7,17.4,74.7
,25.0,53.1,21.3,60.3,74.7,36.9,38.6,55.0,57.6,36.2,38.7,17.4,
,25.0,53.1,21.3,60.3,74.7,36.9,38.6,55.0,57.6,36.2,38.7,17.4,
,25.0,53.1,21.3,60.3,74.7,36.9,38.6,55.0,57.6,36.2,38.7,17.4,
,25.0,53.1,21.3,60.3,74.7,36.9,38.6,55.0,57.6,36.2,38.7,17.4,
,25.0,53.1,21.3,60.3,74.7,36.9,38.6,55.0,57.6,36.2,38.7,17.4,
,25.0,53.1,21.3,60.3,74.7,36.9,38.6,55.0,57.6,36.2,38.7,17.4,
,25.0,53.1,21.3,60.3,74.7,36.9,38.6,55.0,57.6,36.2,38.7,17.4,
,25.0,53.1,21.3,60.3,74.7,36.9,38.6,55.0,57.6,36.2,38.7,17.4,
,25.0,53.1,21.3,60.3,74.7,36.9,38.6,55.0,57.6,36.2,38.7,17.4,
,25.0,53.1,21.3,60.3,74.7,36.9,38.6,55.0,57.6,36.2,38.7,17.4,
,25.0,53.1,21.3,60.3,74.7,36.9,38.6,55.0,57.6,36.2,38.7,17.4,
,59.1,44.8,50.9,78.1,17.8,29.5,47.3,25.0,33.7,71.0,72.8,30.0,78.1
,59.1,44.8,50.9,78.1,17.8,29.5,47.3,25.0,33.7,71.0,72.8,30.0,
,59.1,44.8,50.9,78.1,17.8,29.5,47.3,25.0,33.7,71.0,72.8,30.0,
,59.1,44.8,50.9,78.1,17.8,29.5,47.3,25.0,33.7,71.0,72.8,30.0,
,59.1,44.8,50.9,78.1,17.8,29.5,47.3,25.0,33.7,71.0,72.8,30.0,
,59.1,44.8,50.9,78.1,17.8,29.5,47.3,25.0,33.7,71.0,72.8,30.0,
,59.1,44.8,50.9,78.1,17.8,29.5,47.3,25.0,33.7,71.0,72.8,30.0,
,59.1,44.8,50.9,78.1,17.8,29.5,47.3,25.0,33.7,71.0,72.8,30.0,
,59.1,44.8,50.9,78.1,17.8,29.5,47.3,25.0,33.7,71.0,72.8,30.0,
,59.1,44.8,50.9,78.1,17.8,29.5,47.3,25.0,33.7,71.0,72.8,30.0,
,59.1,44.8,50.9,78.1,17.8,29.5,47.3,25.0,33.7,71.0,72.8,30.0,
,59.1,44.8,50.9,78.1,17.8,29.5,47.3,25.0,33.7,71.0,72.8,30.0,
,16.2,19.5,35.0,24.2,58.4,48.1,81.3,34.3,36.2,53.5,26.4,36.7,81.3
,16.2,19.5,35.0,24.2,58.4,48.1,81.3,34.3,36.2,53.5,26.4,36.7,
,16.2,19.5,35.0,24.2,58.4,48.1,81.3,34.3,36.2,53.5,26.4,36.7,
,16.2,19.5,35.0,24.2,58.4,48.1,81.3,34.3,36.2,53.5,26.4,36.7,
,16.2,19.5,35.0,24.2,58.4,48.1,81.3,34.3,36.2,53.5,26.4,36.7,
,16.2,19.5,35.0,24.2,58.4,48.1,81.3,34.3,36.2,53.5,26.4,36.7,
,16.2,19.5,35.0,24.2,58.4,48.1,81.3,34.3,36.2,53.5,26.4,36.7,
,16.2,19.5,35.0,24.2,58.4,48.1,81.3,34.3,36.2,53.5,26.4,36.7,
,16.2,19.5,35.0,24.2,58.4,48.1,81.3,34.3,36.2,53.5,26.4,36.7,
,16.2,19.5,35.0,24.2,58.4,48.1,81.3,34.3,36.2,53.5,26.4,36.7,
,16.2,19.5,35.0,24.2,58.4,48.1,81.3,34.3,36.2,53.5,26.4,36.7,
,16.2,19.5,35.0,24.2,58.4,48.1,81.3,34.3,36.2,53.5,26.4,36.7,
,74.1,66.0,29.1,23.3,28.4,41.0,56.7,26.5,14.1,58.3,45.6,60.7,74.1
,74.1,66.0,29.1,23.3,28.4,41.0,56.7,26.5,14.1,58.3,45.6,60.7,
,74.1,66.0,29.1,23.3,28.4,41.0,56.7,26.5,14.1,58.3,45.6,60.7,
,74.1,66.0,29.1,23.3,28.4,41.0,56.7,26.5,14.1,58.3,45.6,60.7,
,74.1,66.0,29.1,23.3,28.4,41.0,56.7,26.5,14.1,58.3,45.6,60.7,
,74.1,66.0,29.1,23.3,28.4,41.0,56.7,26.5,14.1,58.3,45.6,60.7,
,74.1,66.0,29.1,23.3,28.4,41.0,56.7,26.5,14.1,58.3,45.6,60.7,
,74.1,66.0,29.1,23.3,28.4,41.0,56.7,26.5,14.1,58.3,45.6,60.7,
,74.1,66.0,29.1,23.3,28.4,41.0,56.7,26.5,14.1,58.3,45.6,60.7,
,74.1,66.0,29.1,23.3,28.4,41.0,56.7,26.5,14.1,58.3,45.6,60.7,
,74.1,66.0,29.1,23.3,28.4,41.0,56.7,26.5,14.1,58.3,45.6,60.7,
,74.1,66.0,29.1,23.3,28.4,41.0,56.7,26.5,14.1,58.3,45.6,60.7,
,30.2,26.8,13.2,30.0,61.6,71.9,51.6,17.8,34.2,35.4,37.1,11.0,71.9
,30.2,26.8,13.2,30.0,61.6,71.9,51.6,17.8,34.2,35.4,37.1,11.0,
,30.2,26.8,13.2,30.0,61.6,71.9,51.6,17.8,34.2,35.4,37.1,11.0,
,30.2,26.8,13.2,30.0,61.6,71.9,51.6,17.8,34.2,35.4,37.1,11.0,
,30.2,26.8,13.2,30.0,61.6,71.9,51.6,17.8,34.2,35.4,37.1,11.0,
,30.2,26.8,13.2,30.0,61.6,71.9,51.6,17.8,34.2,35.4,37.1,11.0,
,30.2,26.8,13.2,30.0,61.6,71.9,51.6,17.8,34.2,35.4,37.1,11.0,
,30.2,26.8,13.2,30.0,61.6,71.9,51.6,17.8,34.2,35.4,37.1,11.0,
,30.2,26.8,13.2,30.0,61.6,71.9,51.6,17.8,34.2,35.4,37.1,11.0,
,30.2,26.8,13.2,30.0,61.6,71.9,51.6,17.8,34.2,35.4,37.1,11.0,
,30.2,26.8,13.2,30.0,61.6,71.9,51.6,17.8,34.2,35.4,37.1,11.0,
,30.2,26.8,13.2,30.0,61.6,71.9,51.6,17.8,34.2,35.4,37.1,11.0,
,11.5,10.7,55.7,84.0,27.5,15.2,16.6,44.2,69.2,79.7,37.8,21.0,84.0
,11.5,10.7,55.7,84.0,27.5,15.2,16.6,44.2,69.2,79.7,37.8,21.0,
,11.5,10.7,55.7,84.0,27.5,15.2,16.6,44.2,69.2,79.7,37.8,21.0,
,11.5,10.7,55.7,84.0,27.5,15.2,16.6,44.2,69.2,79.7,37.8,21.0,
,11.5,10.7,55.7,84.0,27.5,15.2,16.6,44.2,69.2,79.7,37.8,21.0,
,11.5,10.7,55.7,84.0,27.5,15.2,16.6,44.2,69.2,79.7,37.8,21.0,
,11.5,10.7,55.7,84.0,27.5,15.2,16.6,44.2,69.2,79.7,37.8,21.0,
,11.5,10.7,55.7,84.0,27.5,15.2,16.6,44.2,69.2,79.7,37.8,21.0,
,11.5,10.7,55.7,84.0,27.5,15.2,16.6,44.2,69.2,79.7,37.8,21.0,
,11.5,10.7,55.7,84.0,27.5,15.2,16.6,44.2,69.2,79.7,37.8,21.0,
,11.5,10.7,55.7,84.0,27.5,15.2,16.6,44.2,69.2,79.7,37.8,21.0,
,11.5,10.7,55.7,84.0,27.5,15.2,16.6,44.2,69.2,79.7,37.8,21.0,
,38.3,44.4,37.4,8.4,65.1,19.8,21.8,30.4,39.3,17.0,43.7,40.0,65.1
,38.3,44.4,37.4,8.4,65.1,19.8,21.8,30.4,39.3,17.0,43.7,40.0,
,38.3,44.4,37.4,8.4,65.1,19.8,21.8,30.4,39.3,17.0,43.7,40.0,
,38.3,44.4,37.4,8.4,65.1,19.8,21.8,30.4,39.3,17.0,43.7,40.0,
,38.3,44.4,37.4,8.4,65.1,19.8,21.8,30.4,39.3,17.0,43.7,40.0,
,38.3,44.4,37.4,8.4,65.1,19.8,21.8,30.4,39.3,17.0,43.7,40.0,
,38.3,44.4,37.4,8.4,65.1,19.8,21.8,30.4,39.3,17.0,43.7,40.0,
,38.3,44.4,37.4,8.4,65.1,19.8,21.8,30.4,39.3,17.0,43.7,40.0,
,38.3,44.4,37.4,8.4,65.1,19.8,21.8,30.4,39.3,17.0,43.7,40.0,
,38.3,44.4,37.4,8.4,65.1,19.8,21.8,30.4,39.3,17.0,43.7,40.0,
,38.3,44.4,37.4,8.4,65.1,19.8,21.8,30.4,39.3,17.0,43.7,40.0,
,38.3,44.4,37.4,8.4,65.1,19.8,21.8,30.4,39.3,17.0,43.7,40.0,
,15.4,65.4,38.2,9.7,39.4,65.6,58.0,55.3,78.7,22.4,52.0,26.4,78.7
,15.4,65.4,38.2,9.7,39.4,65.6,58.0,55.3,78.7,22.4,52.0,26.4,
,15.4,65.4,38.2,9.7,39.4,65.6,58.0,55.3,78.7,22.4,52.0,26.4,
,15.4,65.4,38.2,9.7,39.4,65.6,58.0,55.3,78.7,22.4,52.0,26.4,
,15.4,65.4,38.2,9.7,39.4,65.6,58.0,55.3,78.7,22.4,52.0,26.4,
,15.4,65.4,38.2,9.7,39.4,65.6,58.0,55.3,78.7,22.4,52.0,26.4,
,15.4,65.4,38.2,9.7,39.4,65.6,58.0,55.3,78.7,22.4,52.0,26.4,
,15.4,65.4,38.2,9.7,39.4,65.6,58.0,55.3,78.7,22.4,52.0,26.4,
,15.4,65.4,38.2,9.7,39.4,65.6,58.0,55.3,78.7,22.4,52.0,26.4,
,15.4,65.4,38.2,9.7,39.4,65.6,58.0,55.3,78.7,22.4,52.0,26.4,
,15.4,65.4,38.2,9.7,39.4,65.6,58.0,55.3,78.7,22.4,52.0,26.4,
,15.4,65.4,38.2,9.7,39.4,65.6,58.0,55.3,78.7,22.4,52.0,26.4,
,46.6,45.3,24.8,54.4,149.6,25.9,48.9,26.3,57.0,52.1,7.9,30.2,149.6
,46.6,45.3,24.8,54.4,149.6,25.9,48.9,26.3,57.0,52.1,7.9,30.2,
,46.6,45.3,24.8,54.4,149.6,25.9,48.9,26.3,57.0,52.1,7.9,30.2,
,46.6,45.3,24.8,54.4,149.6,25.9,48.9,26.3,57.0,52.1,7.9,30.2,
,46.6,45.3,24.8,54.4,149.6,25.9,48.9,26.3,57.0,52.1,7.9,30.2,
,46.6,45.3,24.8,54.4,149.6,25.9,48.9,26.3,57.0,52.1,7.9,30.2,
,46.6,45.3,24.8,54.4,149.6,25.9,48.9,26.3,57.0,52.1,7.9,30.2,
,46.6,45.3,24.8,54.4,149.6,25.9,48.9,26.3,57.0,52.1,7.9,30.2,
,46.6,45.3,24.8,54.4,149.6,25.9,48.9,26.3,57.0,52.1,7.9,30.2,
,46.6,45.3,24.8,54.4,149.6,25.9,48.9,26.3,57.0,52.1,7.9,30.2,
,46.6,45.3,24.8,54.4,149.6,25.9,48.9,26.3,57.0,52.1,7.9,30.2,
,46.6,45.3,24.8,54.4,149.6,25.9,48.9,26.3,57.0,52.1,7.9,30.2,
,46.3,38.9,42.1,25.7,35.6,15.8,15.9,78.8,47.5,43.7,72.1,56.3,78.8
,46.3,38.9,42.1,25.7,35.6,15.8,15.9,78.8,47.5,43.7,72.1,56.3,
,46.3,38.9,42.1,25.7,35.6,15.8,15.9,78.8,47.5,43.7,72.1,56.3,
,46.3,38.9,42.1,25.7,35.6,15.8,15.9,78.8,47.5,43.7,72.1,56.3,
,46.3,38.9,42.1,25.7,35.6,15.8,15.9,78.8,47.5,43.7,72.1,56.3,
,46.3,38.9,42.1,25.7,35.6,15.8,15.9,78.8,47.5,43.7,72.1,56.3,
,46.3,38.9,42.1,25.7,35.6,15.8,15.9,78.8,47.5,43.7,72.1,56.3,
,46.3,38.9,42.1,25.7,35.6,15.8,15.9,78.8,47.5,43.7,72.1,56.3,
,46.3,38.9,42.1,25.7,35.6,15.8,15.9,78.8,47.5,43.7,72.1,56.3,
,46.3,38.9,42.1,25.7,35.6,15.8,15.9,78.8,47.5,43.7,72.1,56.3,
,46.3,38.9,42.1,25.7,35.6,15.8,15.9,78.8,47.5,43.7,72.1,56.3,
,46.3,38.9,42.1,25.7,35.6,15.8,15.9,78.8,47.5,43.7,72.1,56.3,
,38.1,32.8,36.8,23.2,24.2,79.6,39.0,25.0,42.7,28.7,24.4,42.1,79.6
,38.1,32.8,36.8,23.2,24.2,79.6,39.0,25.0,42.7,28.7,24.4,42.1,
,38.1,32.8,36.8,23.2,24.2,79.6,39.0,25.0,42.7,28.7,24.4,42.1,
,38.1,32.8,36.8,23.2,24.2,79.6,39.0,25.0,42.7,28.7,24.4,42.1,
,38.1,32.8,36.8,23.2,24.2,79.6,39.0,25.0,42.7,28.7,24.4,42.1,
,38.1,32.8,36.8,23.2,24.2,79.6,39.0,25.0,42.7,28.7,24.4,42.1,
,38.1,32.8,36.8,23.2,24.2,79.6,39.0,25.0,42.7,28.7,24.4,42.1,
,38.1,32.8,36.8,23.2,24.2,79.6,39.0,25.0,42.7,28.7,24.4,42.1,
,38.1,32.8,36.8,23.2,24.2,79.6,39.0,25.0,42.7,28.7,24.4,42.1,
,38.1,32.8,36.8,23.2,24.2,79.6,39.0,25.0,42.7,28.7,24.4,42.1,
,38.1,32.8,36.8,23.2,24.2,79.6,39.0,25.0,42.7,28.7,24.4,42.1,
,38.1,32.8,36.8,23.2,24.2,79.6,39.0,25.0,42.7,28.7,24.4,42.1,
,43.4,45.7,15.6,77.2,29.7,43.6,61.9,30.8,17.5,46.8,4.0,18.0,77.2
,43.4,45.7,15.6,77.2,29.7,43.6,61.9,30.8,17.5,46.8,4.0,18.0,
,43.4,45.7,15.6,77.2,29.7,43.6,61.9,30.8,17.5,46.8,4.0,18.0,
,43.4,45.7,15.6,77.2,29.7,43.6,61.9,30.8,17.5,46.8,4.0,18.0,
,43.4,45.7,15.6,77.2,29.7,43.6,61.9,30.8,17.5,46.8,4.0,18.0,
,43.4,45.7,15.6,77.2,29.7,43.6,61.9,30.8,17.5,46.8,4.0,18.0,
,43.4,45.7,15.6,77.2,29.7,43.6,61.9,30.8,17.5,46.8,4.0,18.0,
,43.4,45.7,15.6,77.2,29.7,43.6,61.9,30.8,17.5,46.8,4.0,18.0,
,43.4,45.7,15.6,77.2,29.7,43.6,61.9,30.8,17.5,46.8,4.0,18.0,
,43.4,45.7,15.6,77.2,29.7,43.6,61.9,30.8,17.5,46.8,4.0,18.0,
,43.4,45.7,15.6,77.2,29.7,43.6,61.9,30.8,17.5,46.8,4.0,18.0,
,43.4,45.7,15.6,77.2,29.7,43.6,61.9,30.8,17.5,46.8,4.0,18.0,
,40.9,79.0,59.4,26.6,20.4,10.7,62.8,31.9,85.4,26.8,9.3,58.5,85.4
,40.9,79.0,59.4,26.6,20.4,10.7,62.8,31.9,85.4,26.8,9.3,58.5,
,40.9,79.0,59.4,26.6,20.4,10.7,62.8,31.9,85.4,26.8,9.3,58.5,
,40.9,79.0,59.4,26.6,20.4,10.7,62.8,31.9,85.4,26.8,9.3,58.5,
,40.9,79.0,59.4,26.6,20.4,10.7,62.8,31.9,85.4,26.8,9.3,58.5,
,40.9,79.0,59.4,26.6,20.4,10.7,62.8,31.9,85.4,26.8,9.3,58.5,
,40.9,79.0,59.4,26.6,20.4,10.7,62.8,31.9,85.4,26.8,9.3,58.5,
,40.9,79.0,59.4,26.6,20.4,10.7,62.8,31.9,85.4,26.8,9.3,58.5,
,40.9,79.0,59.4,26.6,20.4,10.7,62.8,31.9,85.4,26.8,9.3,58.5,
,40.9,79.0,59.4,26.6,20.4,10.7,62.8,31.9,85.4,26.8,9.3,58.5,
,40.9,79.0,59.4,26.6,20.4,10.7,62.8,31.9,85.4,26.8,9.3,58.5,
,40.9,79.0,59.4,26.6,20.4,10.7,62.8,31.9,85.4,26.8,9.3,58.5,
,67.9,70.4,13.3,53.7,27.5,34.8,42.1,72.0,31.8,41.4,105.5,32.0,105.5
,67.9,70.4,13.3,53.7,27.5,34.8,42.1,72.0,31.8,41.4,105.5,32.0,
,67.9,70.4,13.3,53.7,27.5,34.8,42.1,72.0,31.8,41.4,105.5,32.0,
,67.9,70.4,13.3,53.7,27.5,34.8,42.1,72.0,31.8,41.4,105.5,32.0,
,67.9,70.4,13.3,53.7,27.5,34.8,42.1,72.0,31.8,41.4,105.5,32.0,
,67.9,70.4,13.3,53.7,27.5,34.8,42.1,72.0,31.8,41.4,105.5,32.0,
,67.9,70.4,13.3,53.7,27.5,34.8,42.1,72.0,31.8,41.4,105.5,32.0,
,67.9,70.4,13.3,53.7,27.5,34.8,42.1,72.0,31.8,41.4,105.5,32.0,
,67.9,70.4,13.3,53.7,27.5,34.8,42.1,72.0,31.8,41.4,105.5,32.0,
,67.9,70.4,13.3,53.7,27.5,34.8,42.1,72.0,31.8,41.4,105.5,32.0,
,67.9,70.4,13.3,53.7,27.5,34.8,42.1,72.0,31.8,41.4,105.5,32.0,
,67.9,70.4,13.3,53.7,27.5,34.8,42.1,72.0,31.8,41.4,105.5,32.0,
,14.6,42.0,26.0,53.8,19.7,67.6,95.5,38.6,36.8,80.3,22.6,39.9,95.5
,14.6,42.0,26.0,53.8,19.7,67.6,95.5,38.6,36.8,80.3,22.6,39.9,
,14.6,42.0,26.0,53.8,19.7,67.6,95.5,38.6,36.8,80.3,22.6,39.9,
,14.6,42.0,26.0,53.8,19.7,67.6,95.5,38.6,36.8,80.3,22.6,39.9,
,14.6,42.0,26.0,53.8,19.7,67.6,95.5,38.6,36.8,80.3,22.6,39.9,
,14.6,42.0,26.0,53.8,19.7,67.6,95.5,38.6,36.8,80.3,22.6,39.9,
,14.6,42.0,26.0,53.8,19.7,67.6,95.5,38.6,36.8,80.3,22.6,39.9,
,14.6,42.0,26.0,53.8,19.7,67.6,95.5,38.6,36.8,80.3,22.6,39.9,
,14.6,42.0,26.0,53.8,19.7,67.6,95.5,38.6,36.8,80.3,22.6,39.9,
,14.6,42.0,26.0,53.8,19.7,67.6,95.5,38.6,36.8,80.3,22.6,39.9,
,14.6,42.0,26.0,53.8,19.7,67.6,95.5,38.6,36.8,80.3,22.6,39.9,
,14.6,42.0,26.0,53.8,19.7,67.6,95.5,38.6,36.8,80.3,22.6,39.9,
,26.7,21.4,30.3,21.7,57.7,57.4,67.5,30.6,32.0,83.1,37.8,24.7,83.1
,26.7,21.4,30.3,21.7,57.7,57.4,67.5,30.6,32.0,83.1,37.8,24.7,
,26.7,21.4,30.3,21.7,57.7,57.4,67.5,30.6,32.0,83.1,37.8,24.7,
,26.7,21.4,30.3,21.7,57.7,57.4,67.5,30.6,32.0,83.1,37.8,24.7,
,26.7,21.4,30.3,21.7,57.7,57.4,67.5,30.6,32.0,83.1,37.8,24.7,
,26.7,21.4,30.3,21.7,57.7,57.4,67.5,30.6,32.0,83.1,37.8,24.7,
,26.7,21.4,30.3,21.7,57.7,57.4,67.5,30.6,32.0,83.1,37.8,24.7,
,26.7,21.4,30.3,21.7,57.7,57.4,67.5,30.6,32.0,83.1,37.8,24.7,
,26.7,21.4,30.3,21.7,57.7,57.4,67.5,30.6,32.0,83.1,37.8,24.7,
,26.7,21.4,30.3,21.7,57.7,57.4,67.5,30.6,32.0,83.1,37.8,24.7,
,26.7,21.4,30.3,21.7,57.7,57.4,67.5,30.6,32.0,83.1,37.8,24.7,
,26.7,21.4,30.3,21.7,57.7,57.4,67.5,30.6,32.0,83.1,37.8,24.7,
,58.9,61.8,73.6,73.1,55.3,4.7,60.2,21.4,30.8,71.8,34.6,45.6,73.6
,58.9,61.8,73.6,73.1,55.3,4.7,60.2,21.4,30.8,71.8,34.6,45.6,
,58.9,61.8,73.6,73.1,55.3,4.7,60.2,21.4,30.8,71.8,34.6,45.6,
,58.9,61.8,73.6,73.1,55.3,4.7,60.2,21.4,30.8,71.8,34.6,45.6,
,58.9,61.8,73.6,73.1,55.3,4.7,60.2,21.4,30.8,71.8,34.6,45.6,
,58.9,61.8,73.6,73.1,55.3,4.7,60.2,21.4,30.8,71.8,34.6,45.6,
,58.9,61.8,73.6,73.1,55.3,4.7,60.2,21.4,30.8,71.8,34.6,45.6,
,58.9,61.8,73.6,73.1,55.3,4.7,60.2,21.4,30.8,71.8,34.6,45.6,
,58.9,61.8,73.6,73.1,55.3,4.7,60.2,21.4,30.8,71.8,34.6,45.6,
,58.9,61.8,73.6,73.1,55.3,4.7,60.2,21.4,30.8,71.8,34.6,45.6,
,58.9,61.8,73.6,73.1,55.3,4.7,60.2,21.4,30.8,71.8,34.6,45.6,
,58.9,61.8,73.6,73.1,55.3,4.7,60.2,21.4,30.8,71.8,34.6,45.6,
,51.4,8.3,63.8,60.0,51.4,90.6,17.3,35.6,71.7,70.4,63.1,49.9,90.6
,51.4,8.3,63.8,60.0,51.4,90.6,17.3,35.6,71.7,70.4,63.1,49.9,
,51.4,8.3,63.8,60.0,51.4,90.6,17.3,35.6,71.7,70.4,63.1,49.9,
,51.4,8.3,63.8,60.0,51.4,90.6,17.3,35.6,71.7,70.4,63.1,49.9,
,51.4,8.3,63.8,60.0,51.4,90.6,17.3,35.6,71.7,70.4,63.1,49.9,
,51.4,8.3,63.8,60.0,51.4,90.6,17.3,35.6,71.7,70.4,63.1,49.9,
,51.4,8.3,63.8,60.0,51.4,90.6,17.3,35.6,71.7,70.4,63.1,49.9,
,51.4,8.3,63.8,60.0,51.4,90.6,17.3,35.6,71.7,70.4,63.1,49.9,
,51.4,8.3,63.8,60.0,51.4,90.6,17.3,35.6,71.7,70.4,63.1,49.9,
,51.4,8.3,63.8,60.0,51.4,90.6,17.3,35.6,71.7,70.4,63.1,49.9,
,51.4,8.3,63.8,60.0,51.4,90.6,17.3,35.6,71.7,70.4,63.1,49.9,
,51.4,8.3,63.8,60.0,51.4,90.6,17.3,35.6,71.7,70.4,63.1,49.9,
,34.1,35.2,33.3,22.8,35.1,36.4,45.5,43.8,50.7,35.0,49.3,15.3,50.7
,34.1,35.2,33.3,22.8,35.1,36.4,45.5,43.8,50.7,35.0,49.3,15.3,
,34.1,35.2,33.3,22.8,35.1,36.4,45.5,43.8,50.7,35.0,49.3,15.3,
,34.1,35.2,33.3,22.8,35.1,36.4,45.5,43.8,50.7,35.0,49.3,15.3,
,34.1,35.2,33.3,22.8,35.1,36.4,45.5,43.8,50.7,35.0,49.3,15.3,
,34.1,35.2,33.3,22.8,35.1,36.4,45.5,43.8,50.7,35.0,49.3,15.3,
,34.1,35.2,33.3,22.8,35.1,36.4,45.5,43.8,50.7,35.0,49.3,15.3,
,34.1,35.2,33.3,22.8,35.1,36.4,45.5,43.8,50.7,35.0,49.3,15.3,
,34.1,35.2,33.3,22.8,35.1,36.4,45.5,43.8,50.7,35.0,49.3,15.3,
,34.1,35.2,33.3,22.8,35.1,36.4,45.5,43.8,50.7,35.0,49.3,15.3,
,34.1,35.2,33.3,22.8,35.1,36.4,45.5,43.8,50.7,35.0,49.3,15.3,
,34.1,35.2,33.3,22.8,35.1,36.4,45.5,43.8,50.7,35.0,49.3,15.3,
,33.8,31.8,40.9,73.7,66.2,16.2,79.4,28.6,30.9,64.7,38.5,8.0,79.4
,33.8,31.8,40.9,73.7,66.2,16.2,79.4,28.6,30.9,64.7,38.5,8.0,
,33.8,31.8,40.9,73.7,66.2,16.2,79.4,28.6,30.9,64.7,38.5,8.0,
,33.8,31.8,40.9,73.7,66.2,16.2,79.4,28.6,30.9,64.7,38.5,8.0,
,33.8,31.8,40.9,73.7,66.2,16.2,79.4,28.6,30.9,64.7,38.5,8.0,
,33.8,31.8,40.9,73.7,66.2,16.2,79.4,28.6,30.9,64.7,38.5,8.0,
,33.8,31.8,40.9,73.7,66.2,16.2,79.4,28.6,30.9,64.7,38.5,8.0,
,33.8,31.8,40.9,73.7,66.2,16.2,79.4,28.6,30.9,64.7,38.5,8.0,
,33.8,31.8,40.9,73.7,66.2,16.2,79.4,28.6,30.9,64.7,38.5,8.0,
,33.8,31.8,40.9,73.7,66.2,16.2,79.4,28.6,30.9,64.7,38.5,8.0,
,33.8,31.8,40.9,73.7,66.2,16.2,79.4,28.6,30.9,64.7,38.5,8.0,
,33.8,31.8,40.9,73.7,66.2,16.2,79.4,28.6,30.9,64.7,38.5,8.0,
,17.8,40.6,10.2,8.6,56.2,83.8,109.9,33.5,36.8,26.6,12.7,68.4,109.9
,17.8,40.6,10.2,8.6,56.2,83.8,109.9,33.5,36.8,26.6,12.7,68.4,
,17.8,40.6,10.2,8.6,56.2,83.8,109.9,33.5,36.8,26.6,12.7,68.4,
,17.8,40.6,10.2,8.6,56.2,83.8,109.9,33.5,36.8,26.6,12.7,68.4,
,17.8,40.6,10.2,8.6,56.2,83.8,109.9,33.5,36.8,26.6,12.7,68.4,
,17.8,40.6,10.2,8.6,56.2,83.8,109.9,33.5,36.8,26.6,12.7,68.4,
,17.8,40.6,10.2,8.6,56.2,83.8,109.9,33.5,36.8,26.6,12.7,68.4,
,17.8,40.6,10.2,8.6,56.2,83.8,109.9,33.5,36.8,26.6,12.7,68.4,
,17.8,40.6,10.2,8.6,56.2,83.8,109.9,33.5,36.8,26.6,12.7,68.4,
,17.8,40.6,10.2,8.6,56.2,83.8,109.9,33.5,36.8,26.6,12.7,68.4,
,17.8,40.6,10.2,8.6,56.2,83.8,109.9,33.5,36.8,26.6,12.7,68.4,
,17.8,40.6,10.2,8.6,56.2,83.8,109.9,33.5,36.8,26.6,12.7,68.4,
,24.7,17.6,13.5,18.3,77.8,97.6,28.2,53.3,61.2,27.1,25.8,60.4,97.6
,24.7,17.6,13.5,18.3,77.8,97.6,28.2,53.3,61.2,27.1,25.8,60.4,
,24.7,17.6,13.5,18.3,77.8,97.6,28.2,53.3,61.2,27.1,25.8,60.4,
,24.7,17.6,13.5,18.3,77.8,97.6,28.2,53.3,61.2,27.1,25.8,60.4,
,24.7,17.6,13.5,18.3,77.8,97.6,28.2,53.3,61.2,27.1,25.8,60.4,
,24.7,17.6,13.5,18.3,77.8,97.6,28.2,53.3,61.2,27.1,25.8,60.4,
,24.7,17.6,13.5,18.3,77.8,97.6,28.2,53.3,61.2,27.1,25.8,60.4,
,24.7,17.6,13.5,18.3,77.8,97.6,28.2,53.3,61.2,27.1,25.8,60.4,
,24.7,17.6,13.5,18.3,77.8,97.6,28.2,53.3,61.2,27.1,25.8,60.4,
,24.7,17.6,13.5,18.3,77.8,97.6,28.2,53.3,61.2,27.1,25.8,60.4,
,24.7,17.6,13.5,18.3,77.8,97.6,28.2,53.3,61.2,27.1,25.8,60.4,
,24.7,17.6,13.5,18.3,77.8,97.6,28.2,53.3,61.2,27.1,25.8,60.4,
,70.7,5.5,57.2,42.3,21.4,30.3,29.2,30.7,21.5,16.6,36.3,26.8,70.7
,70.7,5.5,57.2,42.3,21.4,30.3,29.2,30.7,21.5,16.6,36.3,26.8,
,70.7,5.5,57.2,42.3,21.4,30.3,29.2,30.7,21.5,16.6,36.3,26.8,
,70.7,5.5,57.2,42.3,21.4,30.3,29.2,30.7,21.5,16.6,36.3,26.8,
,70.7,5.5,57.2,42.3,21.4,30.3,29.2,30.7,21.5,16.6,36.3,26.8,
,70.7,5.5,57.2,42.3,21.4,30.3,29.2,30.7,21.5,16.6,36.3,26.8,
,70.7,5.5,57.2,42.3,21.4,30.3,29.2,30.7,21.5,16.6,36.3,26.8,
,70.7,5.5,57.2,42.3,21.4,30.3,29.2,30.7,21.5,16.6,36.3,26.8,
,70.7,5.5,57.2,42.3,21.4,30.3,29.2,30.7,21.5,16.6,36.3,26.8,
,70.7,5.5,57.2,42.3,21.4,30.3,29.2,30.7,21.5,16.6,36.3,26.8,
,70.7,5.5,57.2,42.3,21.4,30.3,29.2,30.7,21.5,16.6,36.3,26.8,
,70.7,5.5,57.2,42.3,21.4,30.3,29.2,30.7,21.5,16.6,36.3,26.8,
,14.4,63.9,34.7,12.7,57.1,141.7,55.1,31.4,60.0,48.7,79.7,30.5,141.7
,14.4,63.9,34.7,12.7,57.1,141.7,55.1,31.4,60.0,48.7,79.7,30.5,
,14.4,63.9,34.7,12.7,57.1,141.7,55.1,31.4,60.0,48.7,79.7,30.5,
,14.4,63.9,34.7,12.7,57.1,141.7,55.1,31.4,60.0,48.7,79.7,30.5,
,14.4,63.9,34.7,12.7,57.1,141.7,55.1,31.4,60.0,48.7,79.7,30.5,
,14.4,63.9,34.7,12.7,57.1,141.7,55.1,31.4,60.0,48.7,79.7,30.5,
,14.4,63.9,34.7,12.7,57.1,141.7,55.1,31.4,60.0,48.7,79.7,30.5,
,14.4,63.9,34.7,12.7,57.1,141.7,55.1,31.4,60.0,48.7,79.7,30.5,
,14.4,63.9,34.7,12.7,57.1,141.7,55.1,31.4,60.0,48.7,79.7,30.5,
,14.4,63.9,34.7,12.7,57.1,141.7,55.1,31.4,60.0,48.7,79.7,30.5,
,14.4,63.9,34.7,12.7,57.1,141.7,55.1,31.4,60.0,48.7,79.7,30.5,
,14.4,63.9,34.7,12.7,57.1,141.7,55.1,31.4,60.0,48.7,79.7,30.5,
,67.0,24.6,53.3,99.1,102.2,63.0,22.1,7.3,44.4,33.5,35.9,82.9,102.2
,67.0,24.6,53.3,99.1,102.2,63.0,22.1,7.3,44.4,33.5,35.9,82.9,
,67.0,24.6,53.3,99.1,102.2,63.0,22.1,7.3,44.4,33.5,35.9,82.9,
,67.0,24.6,53.3,99.1,102.2,63.0,22.1,7.3,44.4,33.5,35.9,82.9,
,67.0,24.6,53.3,99.1,102.2,63.0,22.1,7.3,44.4,33.5,35.9,82.9,
,67.0,24.6,53.3,99.1,102.2,63.0,22.1,7.3,44.4,33.5,35.9,82.9,
,67.0,24.6,53.3,99.1,102.2,63.0,22.1,7.3,44.4,33.5,35.9,82.9,
,67.0,24.6,53.3,99.1,102.2,63.0,22.1,7.3,44.4,33.5,35.9,82.9,
,67.0,24.6,53.3,99.1,102.2,63.0,22.1,7.3,44.4,33.5,35.9,82.9,
,67.0,24.6,53.3,99.1,102.2,63.0,22.1,7.3,44.4,33.5,35.9,82.9,
,67.0,24.6,53.3,99.1,102.2,63.0,22.1,7.3,44.4,33.5,35.9,82.9,
,67.0,24.6,53.3,99.1,102.2,63.0,22.1,7.3,44.4,33.5,35.9,82.9,
,50.1,81.3,24.4,38.1,57.0,99.4,24.9,28.5,44.2,31.8,23.6,,
,50.1,81.3,24.4,38.1,57.0,99.4,24.9,28.5,44.2,31.8,23.6,,
,50.1,81.3,24.4,38.1,57.0,99.4,24.9,28.5,44.2,31.8,23.6,,
,50.1,81.3,24.4,38.1,57.0,99.4,24.9,28.5,44.2,31.8,23.6,,
,50.1,81.3,24.4,38.1,57.0,99.4,24.9,28.5,44.2,31.8,23.6,,
,50.1,81.3,24.4,38.1,57.0,99.4,24.9,28.5,44.2,31.8,23.6,,
,50.1,81.3,24.4,38.1,57.0,99.4,24.9,28.5,44.2,31.8,23.6,,
,50.1,81.3,24.4,38.1,57.0,99.4,24.9,28.5,44.2,31.8,23.6,,
,50.1,81.3,24.4,38.1,57.0,99.4,24.9,28.5,44.2,31.8,23.6,,
,50.1,81.3,24.4,38.1,57.0,99.4,24.9,28.5,44.2,31.8,23.6,,
,50.1,81.3,24.4,38.1,57.0,99.4,24.9,28.5,44.2,31.8,23.6,,
,50.1,81.3,24.4,38.1,57.0,99.4,24.9,28.5,44.2,31.8,23.6,,
