year,jan,feb,mar,apr,may,jun,jul,aug,sep,oct,nov,dec,annual
,38.2,56.3,94.2,34.8,48.9,91.8,100.7,31.6,110.4,65.2,37.3,82.9,110.4
,38.2,56.3,94.2,34.8,48.9,91.8,100.7,31.6,110.4,65.2,37.3,82.9,
,38.2,56.3,94.2,34.8,48.9,91.8,100.7,31.6,110.4,65.2,37.3,82.9,
,38.2,56.3,94.2,34.8,48.9,91.8,100.7,31.6,110.4,65.2,37.3,82.9,
,38.2,56.3,94.2,34.8,48.9,91.8,100.7,31.6,110.4,65.2,37.3,82.9,
,38.2,56.3,94.2,34.8,48.9,91.8,100.7,31.6,110.4,65.2,37.3,82.9,
,38.2,56.3,94.2,34.8,48.9,91.8,100.7,31.6,110.4,65.2,37.3,82.9,
,38.2,56.3,94.2,34.8,48.9,91.8,100.7,31.6,110.4,65.2,37.3,82.9,
,38.2,56.3,94.2,34.8,48.9,91.8,100.7,31.6,110.4,65.2,37.3,82.9,
,38.2,56.3,94.2,34.8,48.9,91.8,100.7,31.6,110.4,65.2,37.3,82.9,
,38.2,56.3,94.2,34.8,48.9,91.8,100.7,31.6,110.4,65.2,37.3,82.9,
,38.2,56.3,94.2,34.8,48.9,91.8,100.7,31.6,110.4,65.2,37.3,82.9,
,54.6,23.4,37.9,40.0,10.9,16.6,42.4,60.6,62.4,51.0,42.5,24.0,62.4
,54.6,23.4,37.9,40.0,10.9,16.6,42.4,60.6,62.4,51.0,42.5,24.0,
,54.6,23.4,37.9,40.0,10.9,16.6,42.4,60.6,62.4,51.0,42.5,24.0,
,54.6,23.4,37.9,40.0,10.9,16.6,42.4,60.6,62.4,51.0,42.5,24.0,
,54.6,23.4,37.9,40.0,10.9,16.6,42.4,60.6,62.4,51.0,42.5,24.0,
,54.6,23.4,37.9,40.0,10.9,16.6,42.4,60.6,62.4,51.0,42.5,24.0,
,54.6,23.4,37.9,40.0,10.9,16.6,42.4,60.6,62.4,51.0,42.5,24.0,
,54.6,23.4,37.9,40.0,10.9,16.6,42.4,60.6,62.4,51.0,42.5,24.0,
,54.6,23.4,37.9,40.0,10.9,16.6,42.4,60.6,62.4,51.0,42.5,24.0,
,54.6,23.4,37.9,40.0,10.9,16.6,42.4,60.6,62.4,51.0,42.5,24.0,
,54.6,23.4,37.9,40.0,10.9,16.6,42.4,60.6,62.4,51.0,42.5,24.0,
,54.6,23.4,37.9,40.0,10.9,16.6,42.4,60.6,62.4,51.0,42.5,24.0,
,50.2,50.7,37.6,22.2,28.8,56.9,51.4,115.3,39.0,173.9,72.0,91.8,173.9
,50.2,50.7,37.6,22.2,28.8,56.9,51.4,115.3,39.0,173.9,72.0,91.8,
,50.2,50.7,37.6,22.2,28.8,56.9,51.4,115.3,39.0,173.9,72.0,91.8,
,50.2,50.7,37.6,22.2,28.8,56.9,51.4,115.3,39.0,173.9,72.0,91.8,
,50.2,50.7,37.6,22.2,28.8,56.9,51.4,115.3,39.0,173.9,72.0,91.8,
,50.2,50.7,37.6,22.2,28.8,56.9,51.4,115.3,39.0,173.9,72.0,91.8,
,50.2,50.7,37.6,22.2,28.8,56.9,51.4,115.3,39.0,173.9,72.0,91.8,
,50.2,50.7,37.6,22.2,28.8,56.9,51.4,115.3,39.0,173.9,72.0,91.8,
,50.2,50.7,37.6,22.2,28.8,56.9,51.4,115.3,39.0,173.9,72.0,91.8,
,50.2,50.7,37.6,22.2,28.8,56.9,51.4,115.3,39.0,173.9,72.0,91.8,
,50.2,50.7,37.6,22.2,28.8,56.9,51.4,115.3,39.0,173.9,72.0,91.8,
,50.2,50.7,37.6,22.2,28.8,56.9,51.4,115.3,39.0,173.9,72.0,91.8,
,12.7,51.3,26.1,45.0,41.3,22.6,76.3,66.0,74.5,37.3,26.8,79.8,79.8
,12.7,51.3,26.1,45.0,41.3,22.6,76.3,66.0,74.5,37.3,26.8,79.8,
,12.7,51.3,26.1,45.0,41.3,22.6,76.3,66.0,74.5,37.3,26.8,79.8,
,12.7,51.3,26.1,45.0,41.3,22.6,76.3,66.0,74.5,37.3,26.8,79.8,
,12.7,51.3,26.1,45.0,41.3,22.6,76.3,66.0,74.5,37.3,26.8,79.8,
,12.7,51.3,26.1,45.0,41.3,22.6,76.3,66.0,74.5,37.3,26.8,79.8,
,12.7,51.3,26.1,45.0,41.3,22.6,76.3,66.0,74.5,37.3,26.8,79.8,
,12.7,51.3,26.1,45.0,41.3,22.6,76.3,66.0,74.5,37.3,26.8,79.8,
,12.7,51.3,26.1,45.0,41.3,22.6,76.3,66.0,74.5,37.3,26.8,79.8,
,12.7,51.3,26.1,45.0,41.3,22.6,76.3,66.0,74.5,37.3,26.8,79.8,
,12.7,51.3,26.1,45.0,41.3,22.6,76.3,66.0,74.5,37.3,26.8,79.8,
,12.7,51.3,26.1,45.0,41.3,22.6,76.3,66.0,74.5,37.3,26.8,79.8,
,58.7,33.6,62.0,42.3,48.8,40.1,48.7,215.2,123.0,102.3,102.3,56.0,215.2
,58.7,33.6,62.0,42.3,48.8,40.1,48.7,215.2,123.0,102.3,102.3,56.0,
,58.7,33.6,62.0,42.3,48.8,40.1,48.7,215.2,123.0,102.3,102.3,56.0,
,58.7,33.6,62.0,42.3,48.8,40.1,48.7,215.2,123.0,102.3,102.3,56.0,
,58.7,33.6,62.0,42.3,48.8,40.1,48.7,215.2,123.0,102.3,102.3,56.0,
,58.7,33.6,62.0,42.3,48.8,40.1,48.7,215.2,123.0,102.3,102.3,56.0,
,58.7,33.6,62.0,42.3,48.8,40.1,48.7,215.2,123.0,102.3,102.3,56.0,
,58.7,33.6,62.0,42.3,48.8,40.1,48.7,215.2,123.0,102.3,102.3,56.0,
,58.7,33.6,62.0,42.3,48.8,40.1,48.7,215.2,123.0,102.3,102.3,56.0,
,58.7,33.6,62.0,42.3,48.8,40.1,48.7,215.2,123.0,102.3,102.3,56.0,
,58.7,33.6,62.0,42.3,48.8,40.1,48.7,215.2,123.0,102.3,102.3,56.0,
,58.7,33.6,62.0,42.3,48.8,40.1,48.7,215.2,123.0,102.3,102.3,56.0,
,33.1,81.2,52.3,20.8,3.4,52.3,85.8,130.5,79.3,77.2,24.8,127.1,130.5
,33.1,81.2,52.3,20.8,3.4,52.3,85.8,130.5,79.3,77.2,24.8,127.1,
,33.1,81.2,52.3,20.8,3.4,52.3,85.8,130.5,79.3,77.2,24.8,127.1,
,33.1,81.2,52.3,20.8,3.4,52.3,85.8,130.5,79.3,77.2,24.8,127.1,
,33.1,81.2,52.3,20.8,3.4,52.3,85.8,130.5,79.3,77.2,24.8,127.1,
,33.1,81.2,52.3,20.8,3.4,52.3,85.8,130.5,79.3,77.2,24.8,127.1,
,33.1,81.2,52.3,20.8,3.4,52.3,85.8,130.5,79.3,77.2,24.8,127.1,
,33.1,81.2,52.3,20.8,3.4,52.3,85.8,130.5,79.3,77.2,24.8,127.1,
,33.1,81.2,52.3,20.8,3.4,52.3,85.8,130.5,79.3,77.2,24.8,127.1,
,33.1,81.2,52.3,20.8,3.4,52.3,85.8,130.5,79.3,77.2,24.8,127.1,
,33.1,81.2,52.3,20.8,3.4,52.3,85.8,130.5,79.3,77.2,24.8,127.1,
,33.1,81.2,52.3,20.8,3.4,52.3,85.8,130.5,79.3,77.2,24.8,127.1,
,56.9,36.9,69.5,31.9,33.5,70.4,21.2,45.1,171.4,22.8,29.8,24.8,171.4
,56.9,36.9,69.5,31.9,33.5,70.4,21.2,45.1,171.4,22.8,29.8,24.8,
,56.9,36.9,69.5,31.9,33.5,70.4,21.2,45.1,171.4,22.8,29.8,24.8,
,56.9,36.9,69.5,31.9,33.5,70.4,21.2,45.1,171.4,22.8,29.8,24.8,
,56.9,36.9,69.5,31.9,33.5,70.4,21.2,45.1,171.4,22.8,29.8,24.8,
,56.9,36.9,69.5,31.9,33.5,70.4,21.2,45.1,171.4,22.8,29.8,24.8,
,56.9,36.9,69.5,31.9,33.5,70.4,21.2,45.1,171.4,22.8,29.8,24.8,
,56.9,36.9,69.5,31.9,33.5,70.4,21.2,45.1,171.4,22.8,29.8,24.8,
,56.9,36.9,69.5,31.9,33.5,70.4,21.2,45.1,171.4,22.8,29.8,24.8,
,56.9,36.9,69.5,31.9,33.5,70.4,21.2,45.1,171.4,22.8,29.8,24.8,
,56.9,36.9,69.5,31.9,33.5,70.4,21.2,45.1,171.4,22.8,29.8,24.8,
,56.9,36.9,69.5,31.9,33.5,70.4,21.2,45.1,171.4,22.8,29.8,24.8,
,87.7,43.0,137.2,85.2,46.1,26.3,63.9,4.4,122.7,92.5,90.9,30.4,137.2
,87.7,43.0,137.2,85.2,46.1,26.3,63.9,4.4,122.7,92.5,90.9,30.4,
,87.7,43.0,137.2,85.2,46.1,26.3,63.9,4.4,122.7,92.5,90.9,30.4,
,87.7,43.0,137.2,85.2,46.1,26.3,63.9,4.4,122.7,92.5,90.9,30.4,
,87.7,43.0,137.2,85.2,46.1,26.3,63.9,4.4,122.7,92.5,90.9,30.4,
,87.7,43.0,137.2,85.2,46.1,26.3,63.9,4.4,122.7,92.5,90.9,30.4,
,87.7,43.0,137.2,85.2,46.1,26.3,63.9,4.4,122.7,92.5,90.9,30.4,
,87.7,43.0,137.2,85.2,46.1,26.3,63.9,4.4,122.7,92.5,90.9,30.4,
,87.7,43.0,137.2,85.2,46.1,26.3,63.9,4.4,122.7,92.5,90.9,30.4,
,87.7,43.0,137.2,85.2,46.1,26.3,63.9,4.4,122.7,92.5,90.9,30.4,
,87.7,43.0,137.2,85.2,46.1,26.3,63.9,4.4,122.7,92.5,90.9,30.4,
,87.7,43.0,137.2,85.2,46.1,26.3,63.9,4.4,122.7,92.5,90.9,30.4,
,39.6,96.6,41.7,39.4,41.6,38.0,41.6,51.5,62.2,12.6,77.1,32.1,96.6
,39.6,96.6,41.7,39.4,41.6,38.0,41.6,51.5,62.2,12.6,77.1,32.1,
,39.6,96.6,41.7,39.4,41.6,38.0,41.6,51.5,62.2,12.6,77.1,32.1,
,39.6,96.6,41.7,39.4,41.6,38.0,41.6,51.5,62.2,12.6,77.1,32.1,
,39.6,96.6,41.7,39.4,41.6,38.0,41.6,51.5,62.2,12.6,77.1,32.1,
,39.6,96.6,41.7,39.4,41.6,38.0,41.6,51.5,62.2,12.6,77.1,32.1,
,39.6,96.6,41.7,39.4,41.6,38.0,41.6,51.5,62.2,12.6,77.1,32.1,
,39.6,96.6,41.7,39.4,41.6,38.0,41.6,51.5,62.2,12.6,77.1,32.1,
,39.6,96.6,41.7,39.4,41.6,38.0,41.6,51.5,62.2,12.6,77.1,32.1,
,39.6,96.6,41.7,39.4,41.6,38.0,41.6,51.5,62.2,12.6,77.1,32.1,
,39.6,96.6,41.7,39.4,41.6,38.0,41.6,51.5,62.2,12.6,77.1,32.1,
,39.6,96.6,41.7,39.4,41.6,38.0,41.6,51.5,62.2,12.6,77.1,32.1,
,17.6,77.5,79.5,31.3,79.3,112.4,100.3,40.1,28.6,85.5,18.4,21.7,112.4
,17.6,77.5,79.5,31.3,79.3,112.4,100.3,40.1,28.6,85.5,18.4,21.7,
,17.6,77.5,79.5,31.3,79.3,112.4,100.3,40.1,28.6,85.5,18.4,21.7,
,17.6,77.5,79.5,31.3,79.3,112.4,100.3,40.1,28.6,85.5,18.4,21.7,
,17.6,77.5,79.5,31.3,79.3,112.4,100.3,40.1,28.6,85.5,18.4,21.7,
,17.6,77.5,79.5,31.3,79.3,112.4,100.3,40.1,28.6,85.5,18.4,21.7,
,17.6,77.5,79.5,31.3,79.3,112.4,100.3,40.1,28.6,85.5,18.4,21.7,
,17.6,77.5,79.5,31.3,79.3,112.4,100.3,40.1,28.6,85.5,18.4,21.7,
,17.6,77.5,79.5,31.3,79.3,112.4,100.3,40.1,28.6,85.5,18.4,21.7,
,17.6,77.5,79.5,31.3,79.3,112.4,100.3,40.1,28.6,85.5,18.4,21.7,
,17.6,77.5,79.5,31.3,79.3,112.4,100.3,40.1,28.6,85.5,18.4,21.7,
,17.6,77.5,79.5,31.3,79.3,112.4,100.3,40.1,28.6,85.5,18.4,21.7,
,49.8,36.3,74.3,28.3,33.4,74.7,68.7,78.0,28.1,22.5,18.5,51.1,78.0
,49.8,36.3,74.3,28.3,33.4,74.7,68.7,78.0,28.1,22.5,18.5,51.1,
,49.8,36.3,74.3,28.3,33.4,74.7,68.7,78.0,28.1,22.5,18.5,51.1,
,49.8,36.3,74.3,28.3,33.4,74.7,68.7,78.0,28.1,22.5,18.5,51.1,
,49.8,36.3,74.3,28.3,33.4,74.7,68.7,78.0,28.1,22.5,18.5,51.1,
,49.8,36.3,74.3,28.3,33.4,74.7,68.7,78.0,28.1,22.5,18.5,51.1,
,49.8,36.3,74.3,28.3,33.4,74.7,68.7,78.0,28.1,22.5,18.5,51.1,
,49.8,36.3,74.3,28.3,33.4,74.7,68.7,78.0,28.1,22.5,18.5,51.1,
,49.8,36.3,74.3,28.3,33.4,74.7,68.7,78.0,28.1,22.5,18.5,51.1,
,49.8,36.3,74.3,28.3,33.4,74.7,68.7,78.0,28.1,22.5,18.5,51.1,
,49.8,36.3,74.3,28.3,33.4,74.7,68.7,78.0,28.1,22.5,18.5,51.1,
,49.8,36.3,74.3,28.3,33.4,74.7,68.7,78.0,28.1,22.5,18.5,51.1,
,90.6,92.7,86.6,63.8,35.2,144.0,92.0,89.2,102.4,91.2,78.1,20.4,144.0
,90.6,92.7,86.6,63.8,35.2,144.0,92.0,89.2,102.4,91.2,78.1,20.4,
,90.6,92.7,86.6,63.8,35.2,144.0,92.0,89.2,102.4,91.2,78.1,20.4,
,90.6,92.7,86.6,63.8,35.2,144.0,92.0,89.2,102.4,91.2,78.1,20.4,
,90.6,92.7,86.6,63.8,35.2,144.0,92.0,89.2,102.4,91.2,78.1,20.4,
,90.6,92.7,86.6,63.8,35.2,144.0,92.0,89.2,102.4,91.2,78.1,20.4,
,90.6,92.7,86.6,63.8,35.2,144.0,92.0,89.2,102.4,91.2,78.1,20.4,
,90.6,92.7,86.6,63.8,35.2,144.0,92.0,89.2,102.4,91.2,78.1,20.4,
,90.6,92.7,86.6,63.8,35.2,144.0,92.0,89.2,102.4,91.2,78.1,20.4,
,90.6,92.7,86.6,63.8,35.2,144.0,92.0,89.2,102.4,91.2,78.1,20.4,
,90.6,92.7,86.6,63.8,35.2,144.0,92.0,89.2,102.4,91.2,78.1,20.4,
,90.6,92.7,86.6,63.8,35.2,144.0,92.0,89.2,102.4,91.2,78.1,20.4,
,135.9,96.2,66.8,36.5,66.3,23.4,72.0,77.3,71.4,30.3,32.1,57.9,135.9
,135.9,96.2,66.8,36.5,66.3,23.4,72.0,77.3,71.4,30.3,32.1,57.9,
,135.9,96.2,66.8,36.5,66.3,23.4,72.0,77.3,71.4,30.3,32.1,57.9,
,135.9,96.2,66.8,36.5,66.3,23.4,72.0,77.3,71.4,30.3,32.1,57.9,
,135.9,96.2,66.8,36.5,66.3,23.4,72.0,77.3,71.4,30.3,32.1,57.9,
,135.9,96.2,66.8,36.5,66.3,23.4,72.0,77.3,71.4,30.3,32.1,57.9,
,135.9,96.2,66.8,36.5,66.3,23.4,72.0,77.3,71.4,30.3,32.1,57.9,
,135.9,96.2,66.8,36.5,66.3,23.4,72.0,77.3,71.4,30.3,32.1,57.9,
,135.9,96.2,66.8,36.5,66.3,23.4,72.0,77.3,71.4,30.3,32.1,57.9,
,135.9,96.2,66.8,36.5,66.3,23.4,72.0,77.3,71.4,30.3,32.1,57.9,
,135.9,96.2,66.8,36.5,66.3,23.4,72.0,77.3,71.4,30.3,32.1,57.9,
,135.9,96.2,66.8,36.5,66.3,23.4,72.0,77.3,71.4,30.3,32.1,57.9,
,47.6,33.3,49.4,3.7,64.0,152.4,54.8,73.7,32.0,15.6,52.9,90.4,152.4
,47.6,33.3,49.4,3.7,64.0,152.4,54.8,73.7,32.0,15.6,52.9,90.4,
,47.6,33.3,49.4,3.7,64.0,152.4,54.8,73.7,32.0,15.6,52.9,90.4,
,47.6,33.3,49.4,3.7,64.0,152.4,54.8,73.7,32.0,15.6,52.9,90.4,
,47.6,33.3,49.4,3.7,64.0,152.4,54.8,73.7,32.0,15.6,52.9,90.4,
,47.6,33.3,49.4,3.7,64.0,152.4,54.8,73.7,32.0,15.6,52.9,90.4,
,47.6,33.3,49.4,3.7,64.0,152.4,54.8,73.7,32.0,15.6,52.9,90.4,
,47.6,33.3,49.4,3.7,64.0,152.4,54.8,73.7,32.0,15.6,52.9,90.4,
,47.6,33.3,49.4,3.7,64.0,152.4,54.8,73.7,32.0,15.6,52.9,90.4,
,47.6,33.3,49.4,3.7,64.0,152.4,54.8,73.7,32.0,15.6,52.9,90.4,
,47.6,33.3,49.4,3.7,64.0,152.4,54.8,73.7,32.0,15.6,52.9,90.4,
,47.6,33.3,49.4,3.7,64.0,152.4,54.8,73.7,32.0,15.6,52.9,90.4,
,61.2,46.8,23.7,25.4,50.2,47.9,36.4,84.0,66.5,32.1,48.5,86.4,86.4
,61.2,46.8,23.7,25.4,50.2,47.9,36.4,84.0,66.5,32.1,48.5,86.4,
,61.2,46.8,23.7,25.4,50.2,47.9,36.4,84.0,66.5,32.1,48.5,86.4,
,61.2,46.8,23.7,25.4,50.2,47.9,36.4,84.0,66.5,32.1,48.5,86.4,
,61.2,46.8,23.7,25.4,50.2,47.9,36.4,84.0,66.5,32.1,48.5,86.4,
,61.2,46.8,23.7,25.4,50.2,47.9,36.4,84.0,66.5,32.1,48.5,86.4,
,61.2,46.8,23.7,25.4,50.2,47.9,36.4,84.0,66.5,32.1,48.5,86.4,
,61.2,46.8,23.7,25.4,50.2,47.9,36.4,84.0,66.5,32.1,48.5,86.4,
,61.2,46.8,23.7,25.4,50.2,47.9,36.4,84.0,66.5,32.1,48.5,86.4,
,61.2,46.8,23.7,25.4,50.2,47.9,36.4,84.0,66.5,32.1,48.5,86.4,
,61.2,46.8,23.7,25.4,50.2,47.9,36.4,84.0,66.5,32.1,48.5,86.4,
,61.2,46.8,23.7,25.4,50.2,47.9,36.4,84.0,66.5,32.1,48.5,86.4,
,42.5,69.2,52.6,45.0,70.7,80.4,122.9,72.8,67.7,29.8,74.2,69.3,122.9
,42.5,69.2,52.6,45.0,70.7,80.4,122.9,72.8,67.7,29.8,74.2,69.3,
,42.5,69.2,52.6,45.0,70.7,80.4,122.9,72.8,67.7,29.8,74.2,69.3,
,42.5,69.2,52.6,45.0,70.7,80.4,122.9,72.8,67.7,29.8,74.2,69.3,
,42.5,69.2,52.6,45.0,70.7,80.4,122.9,72.8,67.7,29.8,74.2,69.3,
,42.5,69.2,52.6,45.0,70.7,80.4,122.9,72.8,67.7,29.8,74.2,69.3,
,42.5,69.2,52.6,45.0,70.7,80.4,122.9,72.8,67.7,29.8,74.2,69.3,
,42.5,69.2,52.6,45.0,70.7,80.4,122.9,72.8,67.7,29.8,74.2,69.3,
,42.5,69.2,52.6,45.0,70.7,80.4,122.9,72.8,67.7,29.8,74.2,69.3,
,42.5,69.2,52.6,45.0,70.7,80.4,122.9,72.8,67.7,29.8,74.2,69.3,
,42.5,69.2,52.6,45.0,70.7,80.4,122.9,72.8,67.7,29.8,74.2,69.3,
,42.5,69.2,52.6,45.0,70.7,80.4,122.9,72.8,67.7,29.8,74.2,69.3,
,33.4,24.1,64.7,83.6,31.2,146.1,77.8,84.6,36.0,43.7,34.8,57.5,146.1
,33.4,24.1,64.7,83.6,31.2,146.1,77.8,84.6,36.0,43.7,34.8,57.5,
,33.4,24.1,64.7,83.6,31.2,146.1,77.8,84.6,36.0,43.7,34.8,57.5,
,33.4,24.1,64.7,83.6,31.2,146.1,77.8,84.6,36.0,43.7,34.8,57.5,
,33.4,24.1,64.7,83.6,31.2,146.1,77.8,84.6,36.0,43.7,34.8,57.5,
,33.4,24.1,64.7,83.6,31.2,146.1,77.8,84.6,36.0,43.7,34.8,57.5,
,33.4,24.1,64.7,83.6,31.2,146.1,77.8,84.6,36.0,43.7,34.8,57.5,
,33.4,24.1,64.7,83.6,31.2,146.1,77.8,84.6,36.0,43.7,34.8,57.5,
,33.4,24.1,64.7,83.6,31.2,146.1,77.8,84.6,36.0,43.7,34.8,57.5,
,33.4,24.1,64.7,83.6,31.2,146.1,77.8,84.6,36.0,43.7,34.8,57.5,
,33.4,24.1,64.7,83.6,31.2,146.1,77.8,84.6,36.0,43.7,34.8,57.5,
,33.4,24.1,64.7,83.6,31.2,146.1,77.8,84.6,36.0,43.7,34.8,57.5,
,73.3,24.6,16.6,7.9,25.4,55.4,46.5,93.6,51.8,54.4,61.0,54.7,93.6
,73.3,24.6,16.6,7.9,25.4,55.4,46.5,93.6,51.8,54.4,61.0,54.7,
,73.3,24.6,16.6,7.9,25.4,55.4,46.5,93.6,51.8,54.4,61.0,54.7,
,73.3,24.6,16.6,7.9,25.4,55.4,46.5,93.6,51.8,54.4,61.0,54.7,
,73.3,24.6,16.6,7.9,25.4,55.4,46.5,93.6,51.8,54.4,61.0,54.7,
,73.3,24.6,16.6,7.9,25.4,55.4,46.5,93.6,51.8,54.4,61.0,54.7,
,73.3,24.6,16.6,7.9,25.4,55.4,46.5,93.6,51.8,54.4,61.0,54.7,
,73.3,24.6,16.6,7.9,25.4,55.4,46.5,93.6,51.8,54.4,61.0,54.7,
,73.3,24.6,16.6,7.9,25.4,55.4,46.5,93.6,51.8,54.4,61.0,54.7,
,73.3,24.6,16.6,7.9,25.4,55.4,46.5,93.6,51.8,54.4,61.0,54.7,
,73.3,24.6,16.6,7.9,25.4,55.4,46.5,93.6,51.8,54.4,61.0,54.7,
,73.3,24.6,16.6,7.9,25.4,55.4,46.5,93.6,51.8,54.4,61.0,54.7,
,26.8,35.1,28.2,79.0,78.0,35.1,65.1,50.5,67.2,33.6,55.3,69.0,79.0
,26.8,35.1,28.2,79.0,78.0,35.1,65.1,50.5,67.2,33.6,55.3,69.0,
,26.8,35.1,28.2,79.0,78.0,35.1,65.1,50.5,67.2,33.6,55.3,69.0,
,26.8,35.1,28.2,79.0,78.0,35.1,65.1,50.5,67.2,33.6,55.3,69.0,
,26.8,35.1,28.2,79.0,78.0,35.1,65.1,50.5,67.2,33.6,55.3,69.0,
,26.8,35.1,28.2,79.0,78.0,35.1,65.1,50.5,67.2,33.6,55.3,69.0,
,26.8,35.1,28.2,79.0,78.0,35.1,65.1,50.5,67.2,33.6,55.3,69.0,
,26.8,35.1,28.2,79.0,78.0,35.1,65.1,50.5,67.2,33.6,55.3,69.0,
,26.8,35.1,28.2,79.0,78.0,35.1,65.1,50.5,67.2,33.6,55.3,69.0,
,26.8,35.1,28.2,79.0,78.0,35.1,65.1,50.5,67.2,33.6,55.3,69.0,
,26.8,35.1,28.2,79.0,78.0,35.1,65.1,50.5,67.2,33.6,55.3,69.0,
,26.8,35.1,28.2,79.0,78.0,35.1,65.1,50.5,67.2,33.6,55.3,69.0,
,40.4,49.5,60.2,124.3,51.0,51.1,76.8,68.2,26.0,45.8,58.0,104.6,124.3
,40.4,49.5,60.2,124.3,51.0,51.1,76.8,68.2,26.0,45.8,58.0,104.6,
,40.4,49.5,60.2,124.3,51.0,51.1,76.8,68.2,26.0,45.8,58.0,104.6,
,40.4,49.5,60.2,124.3,51.0,51.1,76.8,68.2,26.0,45.8,58.0,104.6,
,40.4,49.5,60.2,124.3,51.0,51.1,76.8,68.2,26.0,45.8,58.0,104.6,
,40.4,49.5,60.2,124.3,51.0,51.1,76.8,68.2,26.0,45.8,58.0,104.6,
,40.4,49.5,60.2,124.3,51.0,51.1,76.8,68.2,26.0,45.8,58.0,104.6,
,40.4,49.5,60.2,124.3,51.0,51.1,76.8,68.2,26.0,45.8,58.0,104.6,
,40.4,49.5,60.2,124.3,51.0,51.1,76.8,68.2,26.0,45.8,58.0,104.6,
,40.4,49.5,60.2,124.3,51.0,51.1,76.8,68.2,26.0,45.8,58.0,104.6,
,40.4,49.5,60.2,124.3,51.0,51.1,76.8,68.2,26.0,45.8,58.0,104.6,
,40.4,49.5,60.2,124.3,51.0,51.1,76.8,68.2,26.0,45.8,58.0,104.6,
,55.2,126.2,16.5,54.2,37.6,70.5,40.9,36.7,94.7,8.4,44.0,41.6,126.2
,55.2,126.2,16.5,54.2,37.6,70.5,40.9,36.7,94.7,8.4,44.0,41.6,
,55.2,126.2,16.5,54.2,37.6,70.5,40.9,36.7,94.7,8.4,44.0,41.6,
,55.2,126.2,16.5,54.2,37.6,70.5,40.9,36.7,94.7,8.4,44.0,41.6,
,55.2,126.2,16.5,54.2,37.6,70.5,40.9,36.7,94.7,8.4,44.0,41.6,
,55.2,126.2,16.5,54.2,37.6,70.5,40.9,36.7,94.7,8.4,44.0,41.6,
,55.2,126.2,16.5,54.2,37.6,70.5,40.9,36.7,94.7,8.4,44.0,41.6,
,55.2,126.2,16.5,54.2,37.6,70.5,40.9,36.7,94.7,8.4,44.0,41.6,
,55.2,126.2,16.5,54.2,37.6,70.5,40.9,36.7,94.7,8.4,44.0,41.6,
,55.2,126.2,16.5,54.2,37.6,70.5,40.9,36.7,94.7,8.4,44.0,41.6,
,55.2,126.2,16.5,54.2,37.6,70.5,40.9,36.7,94.7,8.4,44.0,41.6,
,55.2,126.2,16.5,54.2,37.6,70.5,40.9,36.7,94.7,8.4,44.0,41.6,
,4.9,72.4,18.0,11.7,30.1,159.2,132.6,102.5,91.9,165.2,75.4,100.2,165.2
,4.9,72.4,18.0,11.7,30.1,159.2,132.6,102.5,91.9,165.2,75.4,100.2,
,4.9,72.4,18.0,11.7,30.1,159.2,132.6,102.5,91.9,165.2,75.4,100.2,
,4.9,72.4,18.0,11.7,30.1,159.2,132.6,102.5,91.9,165.2,75.4,100.2,
,4.9,72.4,18.0,11.7,30.1,159.2,132.6,102.5,91.9,165.2,75.4,100.2,
,4.9,72.4,18.0,11.7,30.1,159.2,132.6,102.5,91.9,165.2,75.4,100.2,
,4.9,72.4,18.0,11.7,30.1,159.2,132.6,102.5,91.9,165.2,75.4,100.2,
,4.9,72.4,18.0,11.7,30.1,159.2,132.6,102.5,91.9,165.2,75.4,100.2,
,4.9,72.4,18.0,11.7,30.1,159.2,132.6,102.5,91.9,165.2,75.4,100.2,
,4.9,72.4,18.0,11.7,30.1,159.2,132.6,102.5,91.9,165.2,75.4,100.2,
,4.9,72.4,18.0,11.7,30.1,159.2,132.6,102.5,91.9,165.2,75.4,100.2,
,4.9,72.4,18.0,11.7,30.1,159.2,132.6,102.5,91.9,165.2,75.4,100.2,
,35.3,95.1,107.0,43.3,77.0,68.2,78.0,89.0,60.9,56.4,92.6,18.3,107.0
,35.3,95.1,107.0,43.3,77.0,68.2,78.0,89.0,60.9,56.4,92.6,18.3,
,35.3,95.1,107.0,43.3,77.0,68.2,78.0,89.0,60.9,56.4,92.6,18.3,
,35.3,95.1,107.0,43.3,77.0,68.2,78.0,89.0,60.9,56.4,92.6,18.3,
,35.3,95.1,107.0,43.3,77.0,68.2,78.0,89.0,60.9,56.4,92.6,18.3,
,35.3,95.1,107.0,43.3,77.0,68.2,78.0,89.0,60.9,56.4,92.6,18.3,
,35.3,95.1,107.0,43.3,77.0,68.2,78.0,89.0,60.9,56.4,92.6,18.3,
,35.3,95.1,107.0,43.3,77.0,68.2,78.0,89.0,60.9,56.4,92.6,18.3,
,35.3,95.1,107.0,43.3,77.0,68.2,78.0,89.0,60.9,56.4,92.6,18.3,
,35.3,95.1,107.0,43.3,77.0,68.2,78.0,89.0,60.9,56.4,92.6,18.3,
,35.3,95.1,107.0,43.3,77.0,68.2,78.0,89.0,60.9,56.4,92.6,18.3,
,35.3,95.1,107.0,43.3,77.0,68.2,78.0,89.0,60.9,56.4,92.6,18.3,
,51.6,69.9,63.1,153.4,162.9,172.8,66.8,43.3,39.2,34.7,52.4,16.6,172.8
,51.6,69.9,63.1,153.4,162.9,172.8,66.8,43.3,39.2,34.7,52.4,16.6,
,51.6,69.9,63.1,153.4,162.9,172.8,66.8,43.3,39.2,34.7,52.4,16.6,
,51.6,69.9,63.1,153.4,162.9,172.8,66.8,43.3,39.2,34.7,52.4,16.6,
,51.6,69.9,63.1,153.4,162.9,172.8,66.8,43.3,39.2,34.7,52.4,16.6,
,51.6,69.9,63.1,153.4,162.9,172.8,66.8,43.3,39.2,34.7,52.4,16.6,
,51.6,69.9,63.1,153.4,162.9,172.8,66.8,43.3,39.2,34.7,52.4,16.6,
,51.6,69.9,63.1,153.4,162.9,172.8,66.8,43.3,39.2,34.7,52.4,16.6,
,51.6,69.9,63.1,153.4,162.9,172.8,66.8,43.3,39.2,34.7,52.4,16.6,
,51.6,69.9,63.1,153.4,162.9,172.8,66.8,43.3,39.2,34.7,52.4,16.6,
,51.6,69.9,63.1,153.4,162.9,172.8,66.8,43.3,39.2,34.7,52.4,16.6,
,51.6,69.9,63.1,153.4,162.9,172.8,66.8,43.3,39.2,34.7,52.4,16.6,
,30.6,60.8,98.0,66.2,51.8,51.5,52.0,138.7,103.1,60.3,12.1,146.6,146.6
,30.6,60.8,98.0,66.2,51.8,51.5,52.0,138.7,103.1,60.3,12.1,146.6,
,30.6,60.8,98.0,66.2,51.8,51.5,52.0,138.7,103.1,60.3,12.1,146.6,
,30.6,60.8,98.0,66.2,51.8,51.5,52.0,138.7,103.1,60.3,12.1,146.6,
,30.6,60.8,98.0,66.2,51.8,51.5,52.0,138.7,103.1,60.3,12.1,146.6,
,30.6,60.8,98.0,66.2,51.8,51.5,52.0,138.7,103.1,60.3,12.1,146.6,
,30.6,60.8,98.0,66.2,51.8,51.5,52.0,138.7,103.1,60.3,12.1,146.6,
,30.6,60.8,98.0,66.2,51.8,51.5,52.0,138.7,103.1,60.3,12.1,146.6,
,30.6,60.8,98.0,66.2,51.8,51.5,52.0,138.7,103.1,60.3,12.1,146.6,
,30.6,60.8,98.0,66.2,51.8,51.5,52.0,138.7,103.1,60.3,12.1,146.6,
,30.6,60.8,98.0,66.2,51.8,51.5,52.0,138.7,103.1,60.3,12.1,146.6,
,30.6,60.8,98.0,66.2,51.8,51.5,52.0,138.7,103.1,60.3,12.1,146.6,
,31.1,50.5,118.3,58.4,87.9,87.9,72.2,67.1,143.6,75.8,121.2,91.7,143.6
,31.1,50.5,118.3,58.4,87.9,87.9,72.2,67.1,143.6,75.8,121.2,91.7,
,31.1,50.5,118.3,58.4,87.9,87.9,72.2,67.1,143.6,75.8,121.2,91.7,
,31.1,50.5,118.3,58.4,87.9,87.9,72.2,67.1,143.6,75.8,121.2,91.7,
,31.1,50.5,118.3,58.4,87.9,87.9,72.2,67.1,143.6,75.8,121.2,91.7,
,31.1,50.5,118.3,58.4,87.9,87.9,72.2,67.1,143.6,75.8,121.2,91.7,
,31.1,50.5,118.3,58.4,87.9,87.9,72.2,67.1,143.6,75.8,121.2,91.7,
,31.1,50.5,118.3,58.4,87.9,87.9,72.2,67.1,143.6,75.8,121.2,91.7,
,31.1,50.5,118.3,58.4,87.9,87.9,72.2,67.1,143.6,75.8,121.2,91.7,
,31.1,50.5,118.3,58.4,87.9,87.9,72.2,67.1,143.6,75.8,121.2,91.7,
,31.1,50.5,118.3,58.4,87.9,87.9,72.2,67.1,143.6,75.8,121.2,91.7,
,31.1,50.5,118.3,58.4,87.9,87.9,72.2,67.1,143.6,75.8,121.2,91.7,
,98.9,58.8,62.5,71.0,77.7,52.5,91.2,136.3,82.5,58.3,84.9,47.8,136.3
,98.9,58.8,62.5,71.0,77.7,52.5,91.2,136.3,82.5,58.3,84.9,47.8,
,98.9,58.8,62.5,71.0,77.7,52.5,91.2,136.3,82.5,58.3,84.9,47.8,
,98.9,58.8,62.5,71.0,77.7,52.5,91.2,136.3,82.5,58.3,84.9,47.8,
,98.9,58.8,62.5,71.0,77.7,52.5,91.2,136.3,82.5,58.3,84.9,47.8,
,98.9,58.8,62.5,71.0,77.7,52.5,91.2,136.3,82.5,58.3,84.9,47.8,
,98.9,58.8,62.5,71.0,77.7,52.5,91.2,136.3,82.5,58.3,84.9,47.8,
,98.9,58.8,62.5,71.0,77.7,52.5,91.2,136.3,82.5,58.3,84.9,47.8,
,98.9,58.8,62.5,71.0,77.7,52.5,91.2,136.3,82.5,58.3,84.9,47.8,
,98.9,58.8,62.5,71.0,77.7,52.5,91.2,136.3,82.5,58.3,84.9,47.8,
,98.9,58.8,62.5,71.0,77.7,52.5,91.2,136.3,82.5,58.3,84.9,47.8,
,98.9,58.8,62.5,71.0,77.7,52.5,91.2,136.3,82.5,58.3,84.9,47.8,
,74.9,44.3,3.7,44.4,19.8,74.1,38.9,9.7,105.6,40.2,65.9,23.3,105.6
,74.9,44.3,3.7,44.4,19.8,74.1,38.9,9.7,105.6,40.2,65.9,23.3,
,74.9,44.3,3.7,44.4,19.8,74.1,38.9,9.7,105.6,40.2,65.9,23.3,
,74.9,44.3,3.7,44.4,19.8,74.1,38.9,9.7,105.6,40.2,65.9,23.3,
,74.9,44.3,3.7,44.4,19.8,74.1,38.9,9.7,105.6,40.2,65.9,23.3,
,74.9,44.3,3.7,44.4,19.8,74.1,38.9,9.7,105.6,40.2,65.9,23.3,
,74.9,44.3,3.7,44.4,19.8,74.1,38.9,9.7,105.6,40.2,65.9,23.3,
,74.9,44.3,3.7,44.4,19.8,74.1,38.9,9.7,105.6,40.2,65.9,23.3,
,74.9,44.3,3.7,44.4,19.8,74.1,38.9,9.7,105.6,40.2,65.9,23.3,
,74.9,44.3,3.7,44.4,19.8,74.1,38.9,9.7,105.6,40.2,65.9,23.3,
,74.9,44.3,3.7,44.4,19.8,74.1,38.9,9.7,105.6,40.2,65.9,23.3,
,74.9,44.3,3.7,44.4,19.8,74.1,38.9,9.7,105.6,40.2,65.9,23.3,
,88.1,58.7,89.3,96.5,58.9,65.4,74.6,60.0,62.2,32.7,60.4,34.0,96.5
,88.1,58.7,89.3,96.5,58.9,65.4,74.6,60.0,62.2,32.7,60.4,34.0,
,88.1,58.7,89.3,96.5,58.9,65.4,74.6,60.0,62.2,32.7,60.4,34.0,
,88.1,58.7,89.3,96.5,58.9,65.4,74.6,60.0,62.2,32.7,60.4,34.0,
,88.1,58.7,89.3,96.5,58.9,65.4,74.6,60.0,62.2,32.7,60.4,34.0,
,88.1,58.7,89.3,96.5,58.9,65.4,74.6,60.0,62.2,32.7,60.4,34.0,
,88.1,58.7,89.3,96.5,58.9,65.4,74.6,60.0,62.2,32.7,60.4,34.0,
,88.1,58.7,89.3,96.5,58.9,65.4,74.6,60.0,62.2,32.7,60.4,34.0,
,88.1,58.7,89.3,96.5,58.9,65.4,74.6,60.0,62.2,32.7,60.4,34.0,
,88.1,58.7,89.3,96.5,58.9,65.4,74.6,60.0,62.2,32.7,60.4,34.0,
,88.1,58.7,89.3,96.5,58.9,65.4,74.6,60.0,62.2,32.7,60.4,34.0,
,88.1,58.7,89.3,96.5,58.9,65.4,74.6,60.0,62.2,32.7,60.4,34.0,
,49.1,55.7,54.4,104.8,103.6,53.9,18.3,15.5,134.5,155.2,114.7,65.5,155.2
,49.1,55.7,54.4,104.8,103.6,53.9,18.3,15.5,134.5,155.2,114.7,65.5,
,49.1,55.7,54.4,104.8,103.6,53.9,18.3,15.5,134.5,155.2,114.7,65.5,
,49.1,55.7,54.4,104.8,103.6,53.9,18.3,15.5,134.5,155.2,114.7,65.5,
,49.1,55.7,54.4,104.8,103.6,53.9,18.3,15.5,134.5,155.2,114.7,65.5,
,49.1,55.7,54.4,104.8,103.6,53.9,18.3,15.5,134.5,155.2,114.7,65.5,
,49.1,55.7,54.4,104.8,103.6,53.9,18.3,15.5,134.5,155.2,114.7,65.5,
,49.1,55.7,54.4,104.8,103.6,53.9,18.3,15.5,134.5,155.2,114.7,65.5,
,49.1,55.7,54.4,104.8,103.6,53.9,18.3,15.5,134.5,155.2,114.7,65.5,
,49.1,55.7,54.4,104.8,103.6,53.9,18.3,15.5,134.5,155.2,114.7,65.5,
,49.1,55.7,54.4,104.8,103.6,53.9,18.3,15.5,134.5,155.2,114.7,65.5,
,49.1,55.7,54.4,104.8,103.6,53.9,18.3,15.5,134.5,155.2,114.7,65.5,
,30.8,43.9,28.8,158.5,15.4,43.9,98.2,57.7,40.5,66.0,32.2,67.6,158.5
,30.8,43.9,28.8,158.5,15.4,43.9,98.2,57.7,40.5,66.0,32.2,67.6,
,30.8,43.9,28.8,158.5,15.4,43.9,98.2,57.7,40.5,66.0,32.2,67.6,
,30.8,43.9,28.8,158.5,15.4,43.9,98.2,57.7,40.5,66.0,32.2,67.6,
,30.8,43.9,28.8,158.5,15.4,43.9,98.2,57.7,40.5,66.0,32.2,67.6,
,30.8,43.9,28.8,158.5,15.4,43.9,98.2,57.7,40.5,66.0,32.2,67.6,
,30.8,43.9,28.8,158.5,15.4,43.9,98.2,57.7,40.5,66.0,32.2,67.6,
,30.8,43.9,28.8,158.5,15.4,43.9,98.2,57.7,40.5,66.0,32.2,67.6,
,30.8,43.9,28.8,158.5,15.4,43.9,98.2,57.7,40.5,66.0,32.2,67.6,
,30.8,43.9,28.8,158.5,15.4,43.9,98.2,57.7,40.5,66.0,32.2,67.6,
,30.8,43.9,28.8,158.5,15.4,43.9,98.2,57.7,40.5,66.0,32.2,67.6,
,30.8,43.9,28.8,158.5,15.4,43.9,98.2,57.7,40.5,66.0,32.2,67.6,
,164.0,47.8,79.6,97.9,38.4,56.0,113.3,44.8,130.4,65.8,54.6,30.5,164.0
,164.0,47.8,79.6,97.9,38.4,56.0,113.3,44.8,130.4,65.8,54.6,30.5,
,164.0,47.8,79.6,97.9,38.4,56.0,113.3,44.8,130.4,65.8,54.6,30.5,
,164.0,47.8,79.6,97.9,38.4,56.0,113.3,44.8,130.4,65.8,54.6,30.5,
,164.0,47.8,79.6,97.9,38.4,56.0,113.3,44.8,130.4,65.8,54.6,30.5,
,164.0,47.8,79.6,97.9,38.4,56.0,113.3,44.8,130.4,65.8,54.6,30.5,
,164.0,47.8,79.6,97.9,38.4,56.0,113.3,44.8,130.4,65.8,54.6,30.5,
,164.0,47.8,79.6,97.9,38.4,56.0,113.3,44.8,130.4,65.8,54.6,30.5,
,164.0,47.8,79.6,97.9,38.4,56.0,113.3,44.8,130.4,65.8,54.6,30.5,
,164.0,47.8,79.6,97.9,38.4,56.0,113.3,44.8,130.4,65.8,54.6,30.5,
,164.0,47.8,79.6,97.9,38.4,56.0,113.3,44.8,130.4,65.8,54.6,30.5,
,164.0,47.8,79.6,97.9,38.4,56.0,113.3,44.8,130.4,65.8,54.6,30.5,
,72.5,69.5,31.3,13.3,87.3,110.0,105.0,39.5,48.2,101.9,158.3,71.2,158.3
,72.5,69.5,31.3,13.3,87.3,110.0,105.0,39.5,48.2,101.9,158.3,71.2,
,72.5,69.5,31.3,13.3,87.3,110.0,105.0,39.5,48.2,101.9,158.3,71.2,
,72.5,69.5,31.3,13.3,87.3,110.0,105.0,39.5,48.2,101.9,158.3,71.2,
,72.5,69.5,31.3,13.3,87.3,110.0,105.0,39.5,48.2,101.9,158.3,71.2,
,72.5,69.5,31.3,13.3,87.3,110.0,105.0,39.5,48.2,101.9,158.3,71.2,
,72.5,69.5,31.3,13.3,87.3,110.0,105.0,39.5,48.2,101.9,158.3,71.2,
,72.5,69.5,31.3,13.3,87.3,110.0,105.0,39.5,48.2,101.9,158.3,71.2,
,72.5,69.5,31.3,13.3,87.3,110.0,105.0,39.5,48.2,101.9,158.3,71.2,
,72.5,69.5,31.3,13.3,87.3,110.0,105.0,39.5,48.2,101.9,158.3,71.2,
,72.5,69.5,31.3,13.3,87.3,110.0,105.0,39.5,48.2,101.9,158.3,71.2,
,72.5,69.5,31.3,13.3,87.3,110.0,105.0,39.5,48.2,101.9,158.3,71.2,
,56.7,134.9,39.2,67.9,71.4,87.5,64.3,84.8,33.0,128.2,37.1,35.5,134.9
,56.7,134.9,39.2,67.9,71.4,87.5,64.3,84.8,33.0,128.2,37.1,35.5,
,56.7,134.9,39.2,67.9,71.4,87.5,64.3,84.8,33.0,128.2,37.1,35.5,
,56.7,134.9,39.2,67.9,71.4,87.5,64.3,84.8,33.0,128.2,37.1,35.5,
,56.7,134.9,39.2,67.9,71.4,87.5,64.3,84.8,33.0,128.2,37.1,35.5,
,56.7,134.9,39.2,67.9,71.4,87.5,64.3,84.8,33.0,128.2,37.1,35.5,
,56.7,134.9,39.2,67.9,71.4,87.5,64.3,84.8,33.0,128.2,37.1,35.5,
,56.7,134.9,39.2,67.9,71.4,87.5,64.3,84.8,33.0,128.2,37.1,35.5,
,56.7,134.9,39.2,67.9,71.4,87.5,64.3,84.8,33.0,128.2,37.1,35.5,
,56.7,134.9,39.2,67.9,71.4,87.5,64.3,84.8,33.0,128.2,37.1,35.5,
,56.7,134.9,39.2,67.9,71.4,87.5,64.3,84.8,33.0,128.2,37.1,35.5,
,56.7,134.9,39.2,67.9,71.4,87.5,64.3,84.8,33.0,128.2,37.1,35.5,
,38.3,42.4,45.5,39.7,31.0,94.5,121.4,122.5,102.7,59.6,28.0,121.3,122.5
,38.3,42.4,45.5,39.7,31.0,94.5,121.4,122.5,102.7,59.6,28.0,121.3,
,38.3,42.4,45.5,39.7,31.0,94.5,121.4,122.5,102.7,59.6,28.0,121.3,
,38.3,42.4,45.5,39.7,31.0,94.5,121.4,122.5,102.7,59.6,28.0,121.3,
,38.3,42.4,45.5,39.7,31.0,94.5,121.4,122.5,102.7,59.6,28.0,121.3,
,38.3,42.4,45.5,39.7,31.0,94.5,121.4,122.5,102.7,59.6,28.0,121.3,
,38.3,42.4,45.5,39.7,31.0,94.5,121.4,122.5,102.7,59.6,28.0,121.3,
,38.3,42.4,45.5,39.7,31.0,94.5,121.4,122.5,102.7,59.6,28.0,121.3,
,38.3,42.4,45.5,39.7,31.0,94.5,121.4,122.5,102.7,59.6,28.0,121.3,
,38.3,42.4,45.5,39.7,31.0,94.5,121.4,122.5,102.7,59.6,28.0,121.3,
,38.3,42.4,45.5,39.7,31.0,94.5,121.4,122.5,102.7,59.6,28.0,121.3,
,38.3,42.4,45.5,39.7,31.0,94.5,121.4,122.5,102.7,59.6,28.0,121.3,
,72.9,65.0,46.8,72.4,10.2,65.8,61.2,69.7,80.7,90.3,40.4,68.7,90.3
,72.9,65.0,46.8,72.4,10.2,65.8,61.2,69.7,80.7,90.3,40.4,68.7,
,72.9,65.0,46.8,72.4,10.2,65.8,61.2,69.7,80.7,90.3,40.4,68.7,
,72.9,65.0,46.8,72.4,10.2,65.8,61.2,69.7,80.7,90.3,40.4,68.7,
,72.9,65.0,46.8,72.4,10.2,65.8,61.2,69.7,80.7,90.3,40.4,68.7,
,72.9,65.0,46.8,72.4,10.2,65.8,61.2,69.7,80.7,90.3,40.4,68.7,
,72.9,65.0,46.8,72.4,10.2,65.8,61.2,69.7,80.7,90.3,40.4,68.7,
,72.9,65.0,46.8,72.4,10.2,65.8,61.2,69.7,80.7,90.3,40.4,68.7,
,72.9,65.0,46.8,72.4,10.2,65.8,61.2,69.7,80.7,90.3,40.4,68.7,
,72.9,65.0,46.8,72.4,10.2,65.8,61.2,69.7,80.7,90.3,40.4,68.7,
,72.9,65.0,46.8,72.4,10.2,65.8,61.2,69.7,80.7,90.3,40.4,68.7,
,72.9,65.0,46.8,72.4,10.2,65.8,61.2,69.7,80.7,90.3,40.4,68.7,
,55.5,98.1,37.4,27.7,40.3,69.9,73.7,75.8,41.5,114.9,51.0,137.3,137.3
,55.5,98.1,37.4,27.7,40.3,69.9,73.7,75.8,41.5,114.9,51.0,137.3,
,55.5,98.1,37.4,27.7,40.3,69.9,73.7,75.8,41.5,114.9,51.0,137.3,
,55.5,98.1,37.4,27.7,40.3,69.9,73.7,75.8,41.5,114.9,51.0,137.3,
,55.5,98.1,37.4,27.7,40.3,69.9,73.7,75.8,41.5,114.9,51.0,137.3,
,55.5,98.1,37.4,27.7,40.3,69.9,73.7,75.8,41.5,114.9,51.0,137.3,
,55.5,98.1,37.4,27.7,40.3,69.9,73.7,75.8,41.5,114.9,51.0,137.3,
,55.5,98.1,37.4,27.7,40.3,69.9,73.7,75.8,41.5,114.9,51.0,137.3,
,55.5,98.1,37.4,27.7,40.3,69.9,73.7,75.8,41.5,114.9,51.0,137.3,
,55.5,98.1,37.4,27.7,40.3,69.9,73.7,75.8,41.5,114.9,51.0,137.3,
,55.5,98.1,37.4,27.7,40.3,69.9,73.7,75.8,41.5,114.9,51.0,137.3,
,55.5,98.1,37.4,27.7,40.3,69.9,73.7,75.8,41.5,114.9,51.0,137.3,
,60.1,87.9,89.1,64.5,127.7,29.7,67.4,57.2,54.5,19.0,25.8,52.4,127.7
,60.1,87.9,89.1,64.5,127.7,29.7,67.4,57.2,54.5,19.0,25.8,52.4,
,60.1,87.9,89.1,64.5,127.7,29.7,67.4,57.2,54.5,19.0,25.8,52.4,
,60.1,87.9,89.1,64.5,127.7,29.7,67.4,57.2,54.5,19.0,25.8,52.4,
,60.1,87.9,89.1,64.5,127.7,29.7,67.4,57.2,54.5,19.0,25.8,52.4,
,60.1,87.9,89.1,64.5,127.7,29.7,67.4,57.2,54.5,19.0,25.8,52.4,
,60.1,87.9,89.1,64.5,127.7,29.7,67.4,57.2,54.5,19.0,25.8,52.4,
,60.1,87.9,89.1,64.5,127.7,29.7,67.4,57.2,54.5,19.0,25.8,52.4,
,60.1,87.9,89.1,64.5,127.7,29.7,67.4,57.2,54.5,19.0,25.8,52.4,
,60.1,87.9,89.1,64.5,127.7,29.7,67.4,57.2,54.5,19.0,25.8,52.4,
,60.1,87.9,89.1,64.5,127.7,29.7,67.4,57.2,54.5,19.0,25.8,52.4,
,60.1,87.9,89.1,64.5,127.7,29.7,67.4,57.2,54.5,19.0,25.8,52.4,
,44.3,68.4,28.8,102.4,99.4,101.3,87.7,38.5,54.7,53.8,93.0,24.7,102.4
,44.3,68.4,28.8,102.4,99.4,101.3,87.7,38.5,54.7,53.8,93.0,24.7,
,44.3,68.4,28.8,102.4,99.4,101.3,87.7,38.5,54.7,53.8,93.0,24.7,
,44.3,68.4,28.8,102.4,99.4,101.3,87.7,38.5,54.7,53.8,93.0,24.7,
,44.3,68.4,28.8,102.4,99.4,101.3,87.7,38.5,54.7,53.8,93.0,24.7,
,44.3,68.4,28.8,102.4,99.4,101.3,87.7,38.5,54.7,53.8,93.0,24.7,
,44.3,68.4,28.8,102.4,99.4,101.3,87.7,38.5,54.7,53.8,93.0,24.7,
,44.3,68.4,28.8,102.4,99.4,101.3,87.7,38.5,54.7,53.8,93.0,24.7,
,44.3,68.4,28.8,102.4,99.4,101.3,87.7,38.5,54.7,53.8,93.0,24.7,
,44.3,68.4,28.8,102.4,99.4,101.3,87.7,38.5,54.7,53.8,93.0,24.7,
,44.3,68.4,28.8,102.4,99.4,101.3,87.7,38.5,54.7,53.8,93.0,24.7,
,44.3,68.4,28.8,102.4,99.4,101.3,87.7,38.5,54.7,53.8,93.0,24.7,
,28.4,57.7,59.3,95.8,91.0,83.1,75.1,66.6,117.3,49.1,61.5,61.5,117.3
,28.4,57.7,59.3,95.8,91.0,83.1,75.1,66.6,117.3,49.1,61.5,61.5,
,28.4,57.7,59.3,95.8,91.0,83.1,75.1,66.6,117.3,49.1,61.5,61.5,
,28.4,57.7,59.3,95.8,91.0,83.1,75.1,66.6,117.3,49.1,61.5,61.5,
,28.4,57.7,59.3,95.8,91.0,83.1,75.1,66.6,117.3,49.1,61.5,61.5,
,28.4,57.7,59.3,95.8,91.0,83.1,75.1,66.6,117.3,49.1,61.5,61.5,
,28.4,57.7,59.3,95.8,91.0,83.1,75.1,66.6,117.3,49.1,61.5,61.5,
,28.4,57.7,59.3,95.8,91.0,83.1,75.1,66.6,117.3,49.1,61.5,61.5,
,28.4,57.7,59.3,95.8,91.0,83.1,75.1,66.6,117.3,49.1,61.5,61.5,
,28.4,57.7,59.3,95.8,91.0,83.1,75.1,66.6,117.3,49.1,61.5,61.5,
,28.4,57.7,59.3,95.8,91.0,83.1,75.1,66.6,117.3,49.1,61.5,61.5,
,28.4,57.7,59.3,95.8,91.0,83.1,75.1,66.6,117.3,49.1,61.5,61.5,
,77.8,54.9,56.4,166.9,75.4,51.7,114.1,25.6,58.2,138.1,101.5,92.0,166.9
,77.8,54.9,56.4,166.9,75.4,51.7,114.1,25.6,58.2,138.1,101.5,92.0,
,77.8,54.9,56.4,166.9,75.4,51.7,114.1,25.6,58.2,138.1,101.5,92.0,
,77.8,54.9,56.4,166.9,75.4,51.7,114.1,25.6,58.2,138.1,101.5,92.0,
,77.8,54.9,56.4,166.9,75.4,51.7,114.1,25.6,58.2,138.1,101.5,92.0,
,77.8,54.9,56.4,166.9,75.4,51.7,114.1,25.6,58.2,138.1,101.5,92.0,
,77.8,54.9,56.4,166.9,75.4,51.7,114.1,25.6,58.2,138.1,101.5,92.0,
,77.8,54.9,56.4,166.9,75.4,51.7,114.1,25.6,58.2,138.1,101.5,92.0,
,77.8,54.9,56.4,166.9,75.4,51.7,114.1,25.6,58.2,138.1,101.5,92.0,
,77.8,54.9,56.4,166.9,75.4,51.7,114.1,25.6,58.2,138.1,101.5,92.0,
,77.8,54.9,56.4,166.9,75.4,51.7,114.1,25.6,58.2,138.1,101.5,92.0,
,77.8,54.9,56.4,166.9,75.4,51.7,114.1,25.6,58.2,138.1,101.5,92.0,
,31.9,42.0,54.4,64.4,112.6,124.9,108.2,49.4,69.8,85.1,53.6,77.4,124.9
,31.9,42.0,54.4,64.4,112.6,124.9,108.2,49.4,69.8,85.1,53.6,77.4,
,31.9,42.0,54.4,64.4,112.6,124.9,108.2,49.4,69.8,85.1,53.6,77.4,
,31.9,42.0,54.4,64.4,112.6,124.9,108.2,49.4,69.8,85.1,53.6,77.4,
,31.9,42.0,54.4,64.4,112.6,124.9,108.2,49.4,69.8,85.1,53.6,77.4,
,31.9,42.0,54.4,64.4,112.6,124.9,108.2,49.4,69.8,85.1,53.6,77.4,
,31.9,42.0,54.4,64.4,112.6,124.9,108.2,49.4,69.8,85.1,53.6,77.4,
,31.9,42.0,54.4,64.4,112.6,124.9,108.2,49.4,69.8,85.1,53.6,77.4,
,31.9,42.0,54.4,64.4,112.6,124.9,108.2,49.4,69.8,85.1,53.6,77.4,
,31.9,42.0,54.4,64.4,112.6,124.9,108.2,49.4,69.8,85.1,53.6,77.4,
,31.9,42.0,54.4,64.4,112.6,124.9,108.2,49.4,69.8,85.1,53.6,77.4,
,31.9,42.0,54.4,64.4,112.6,124.9,108.2,49.4,69.8,85.1,53.6,77.4,
,106.3,82.5,40.1,56.2,58.9,78.5,76.6,49.5,28.4,107.3,53.2,122.3,122.3
,106.3,82.5,40.1,56.2,58.9,78.5,76.6,49.5,28.4,107.3,53.2,122.3,
,106.3,82.5,40.1,56.2,58.9,78.5,76.6,49.5,28.4,107.3,53.2,122.3,
,106.3,82.5,40.1,56.2,58.9,78.5,76.6,49.5,28.4,107.3,53.2,122.3,
,106.3,82.5,40.1,56.2,58.9,78.5,76.6,49.5,28.4,107.3,53.2,122.3,
,106.3,82.5,40.1,56.2,58.9,78.5,76.6,49.5,28.4,107.3,53.2,122.3,
,106.3,82.5,40.1,56.2,58.9,78.5,76.6,49.5,28.4,107.3,53.2,122.3,
,106.3,82.5,40.1,56.2,58.9,78.5,76.6,49.5,28.4,107.3,53.2,122.3,
,106.3,82.5,40.1,56.2,58.9,78.5,76.6,49.5,28.4,107.3,53.2,122.3,
,106.3,82.5,40.1,56.2,58.9,78.5,76.6,49.5,28.4,107.3,53.2,122.3,
,106.3,82.5,40.1,56.2,58.9,78.5,76.6,49.5,28.4,107.3,53.2,122.3,
,106.3,82.5,40.1,56.2,58.9,78.5,76.6,49.5,28.4,107.3,53.2,122.3,
,39.3,51.8,14.1,43.9,126.6,72.4,53.6,60.4,111.0,45.3,65.5,18.4,126.6
,39.3,51.8,14.1,43.9,126.6,72.4,53.6,60.4,111.0,45.3,65.5,18.4,
,39.3,51.8,14.1,43.9,126.6,72.4,53.6,60.4,111.0,45.3,65.5,18.4,
,39.3,51.8,14.1,43.9,126.6,72.4,53.6,60.4,111.0,45.3,65.5,18.4,
,39.3,51.8,14.1,43.9,126.6,72.4,53.6,60.4,111.0,45.3,65.5,18.4,
,39.3,51.8,14.1,43.9,126.6,72.4,53.6,60.4,111.0,45.3,65.5,18.4,
,39.3,51.8,14.1,43.9,126.6,72.4,53.6,60.4,111.0,45.3,65.5,18.4,
,39.3,51.8,14.1,43.9,126.6,72.4,53.6,60.4,111.0,45.3,65.5,18.4,
,39.3,51.8,14.1,43.9,126.6,72.4,53.6,60.4,111.0,45.3,65.5,18.4,
,39.3,51.8,14.1,43.9,126.6,72.4,53.6,60.4,111.0,45.3,65.5,18.4,
,39.3,51.8,14.1,43.9,126.6,72.4,53.6,60.4,111.0,45.3,65.5,18.4,
,39.3,51.8,14.1,43.9,126.6,72.4,53.6,60.4,111.0,45.3,65.5,18.4,
,16.3,18.8,73.2,104.5,81.5,22.5,28.4,76.0,98.6,142.4,70.1,30.3,142.4
,16.3,18.8,73.2,104.5,81.5,22.5,28.4,76.0,98.6,142.4,70.1,30.3,
,16.3,18.8,73.2,104.5,81.5,22.5,28.4,76.0,98.6,142.4,70.1,30.3,
,16.3,18.8,73.2,104.5,81.5,22.5,28.4,76.0,98.6,142.4,70.1,30.3,
,16.3,18.8,73.2,104.5,81.5,22.5,28.4,76.0,98.6,142.4,70.1,30.3,
,16.3,18.8,73.2,104.5,81.5,22.5,28.4,76.0,98.6,142.4,70.1,30.3,
,16.3,18.8,73.2,104.5,81.5,22.5,28.4,76.0,98.6,142.4,70.1,30.3,
,16.3,18.8,73.2,104.5,81.5,22.5,28.4,76.0,98.6,142.4,70.1,30.3,
,16.3,18.8,73.2,104.5,81.5,22.5,28.4,76.0,98.6,142.4,70.1,30.3,
,16.3,18.8,73.2,104.5,81.5,22.5,28.4,76.0,98.6,142.4,70.1,30.3,
,16.3,18.8,73.2,104.5,81.5,22.5,28.4,76.0,98.6,142.4,70.1,30.3,
,16.3,18.8,73.2,104.5,81.5,22.5,28.4,76.0,98.6,142.4,70.1,30.3,
,67.6,82.3,52.2,23.5,101.1,101.2,35.2,51.6,60.0,17.0,44.1,61.7,101.2
,67.6,82.3,52.2,23.5,101.1,101.2,35.2,51.6,60.0,17.0,44.1,61.7,
,67.6,82.3,52.2,23.5,101.1,101.2,35.2,51.6,60.0,17.0,44.1,61.7,
,67.6,82.3,52.2,23.5,101.1,101.2,35.2,51.6,60.0,17.0,44.1,61.7,
,67.6,82.3,52.2,23.5,101.1,101.2,35.2,51.6,60.0,17.0,44.1,61.7,
,67.6,82.3,52.2,23.5,101.1,101.2,35.2,51.6,60.0,17.0,44.1,61.7,
,67.6,82.3,52.2,23.5,101.1,101.2,35.2,51.6,60.0,17.0,44.1,61.7,
,67.6,82.3,52.2,23.5,101.1,101.2,35.2,51.6,60.0,17.0,44.1,61.7,
,67.6,82.3,52.2,23.5,101.1,101.2,35.2,51.6,60.0,17.0,44.1,61.7,
,67.6,82.3,52.2,23.5,101.1,101.2,35.2,51.6,60.0,17.0,44.1,61.7,
,67.6,82.3,52.2,23.5,101.1,101.2,35.2,51.6,60.0,17.0,44.1,61.7,
,67.6,82.3,52.2,23.5,101.1,101.2,35.2,51.6,60.0,17.0,44.1,61.7,
,38.8,111.8,73.2,22.3,84.6,158.5,101.0,67.3,137.4,37.1,70.7,32.0,158.5
,38.8,111.8,73.2,22.3,84.6,158.5,101.0,67.3,137.4,37.1,70.7,32.0,
,38.8,111.8,73.2,22.3,84.6,158.5,101.0,67.3,137.4,37.1,70.7,32.0,
,38.8,111.8,73.2,22.3,84.6,158.5,101.0,67.3,137.4,37.1,70.7,32.0,
,38.8,111.8,73.2,22.3,84.6,158.5,101.0,67.3,137.4,37.1,70.7,32.0,
,38.8,111.8,73.2,22.3,84.6,158.5,101.0,67.3,137.4,37.1,70.7,32.0,
,38.8,111.8,73.2,22.3,84.6,158.5,101.0,67.3,137.4,37.1,70.7,32.0,
,38.8,111.8,73.2,22.3,84.6,158.5,101.0,67.3,137.4,37.1,70.7,32.0,
,38.8,111.8,73.2,22.3,84.6,158.5,101.0,67.3,137.4,37.1,70.7,32.0,
,38.8,111.8,73.2,22.3,84.6,158.5,101.0,67.3,137.4,37.1,70.7,32.0,
,38.8,111.8,73.2,22.3,84.6,158.5,101.0,67.3,137.4,37.1,70.7,32.0,
,38.8,111.8,73.2,22.3,84.6,158.5,101.0,67.3,137.4,37.1,70.7,32.0,
,50.1,65.0,43.1,84.9,179.8,66.3,115.4,113.8,75.3,90.3,25.0,54.1,179.8
,50.1,65.0,43.1,84.9,179.8,66.3,115.4,113.8,75.3,90.3,25.0,54.1,
,50.1,65.0,43.1,84.9,179.8,66.3,115.4,113.8,75.3,90.3,25.0,54.1,
,50.1,65.0,43.1,84.9,179.8,66.3,115.4,113.8,75.3,90.3,25.0,54.1,
,50.1,65.0,43.1,84.9,179.8,66.3,115.4,113.8,75.3,90.3,25.0,54.1,
,50.1,65.0,43.1,84.9,179.8,66.3,115.4,113.8,75.3,90.3,25.0,54.1,
,50.1,65.0,43.1,84.9,179.8,66.3,115.4,113.8,75.3,90.3,25.0,54.1,
,50.1,65.0,43.1,84.9,179.8,66.3,115.4,113.8,75.3,90.3,25.0,54.1,
,50.1,65.0,43.1,84.9,179.8,66.3,115.4,113.8,75.3,90.3,25.0,54.1,
,50.1,65.0,43.1,84.9,179.8,66.3,115.4,113.8,75.3,90.3,25.0,54.1,
,50.1,65.0,43.1,84.9,179.8,66.3,115.4,113.8,75.3,90.3,25.0,54.1,
,50.1,65.0,43.1,84.9,179.8,66.3,115.4,113.8,75.3,90.3,25.0,54.1,
,68.1,68.5,58.3,26.7,49.4,35.7,37.1,184.6,108.4,88.5,110.4,71.4,184.6
,68.1,68.5,58.3,26.7,49.4,35.7,37.1,184.6,108.4,88.5,110.4,71.4,
,68.1,68.5,58.3,26.7,49.4,35.7,37.1,184.6,108.4,88.5,110.4,71.4,
,68.1,68.5,58.3,26.7,49.4,35.7,37.1,184.6,108.4,88.5,110.4,71.4,
,68.1,68.5,58.3,26.7,49.4,35.7,37.1,184.6,108.4,88.5,110.4,71.4,
,68.1,68.5,58.3,26.7,49.4,35.7,37.1,184.6,108.4,88.5,110.4,71.4,
,68.1,68.5,58.3,26.7,49.4,35.7,37.1,184.6,108.4,88.5,110.4,71.4,
,68.1,68.5,58.3,26.7,49.4,35.7,37.1,184.6,108.4,88.5,110.4,71.4,
,68.1,68.5,58.3,26.7,49.4,35.7,37.1,184.6,108.4,88.5,110.4,71.4,
,68.1,68.5,58.3,26.7,49.4,35.7,37.1,184.6,108.4,88.5,110.4,71.4,
,68.1,68.5,58.3,26.7,49.4,35.7,37.1,184.6,108.4,88.5,110.4,71.4,
,68.1,68.5,58.3,26.7,49.4,35.7,37.1,184.6,108.4,88.5,110.4,71.4,
,73.7,45.0,49.0,54.2,47.9,94.3,95.6,54.2,91.6,43.5,41.2,45.4,95.6
,73.7,45.0,49.0,54.2,47.9,94.3,95.6,54.2,91.6,43.5,41.2,45.4,
,73.7,45.0,49.0,54.2,47.9,94.3,95.6,54.2,91.6,43.5,41.2,45.4,
,73.7,45.0,49.0,54.2,47.9,94.3,95.6,54.2,91.6,43.5,41.2,45.4,
,73.7,45.0,49.0,54.2,47.9,94.3,95.6,54.2,91.6,43.5,41.2,45.4,
,73.7,45.0,49.0,54.2,47.9,94.3,95.6,54.2,91.6,43.5,41.2,45.4,
,73.7,45.0,49.0,54.2,47.9,94.3,95.6,54.2,91.6,43.5,41.2,45.4,
,73.7,45.0,49.0,54.2,47.9,94.3,95.6,54.2,91.6,43.5,41.2,45.4,
,73.7,45.0,49.0,54.2,47.9,94.3,95.6,54.2,91.6,43.5,41.2,45.4,
,73.7,45.0,49.0,54.2,47.9,94.3,95.6,54.2,91.6,43.5,41.2,45.4,
,73.7,45.0,49.0,54.2,47.9,94.3,95.6,54.2,91.6,43.5,41.2,45.4,
,73.7,45.0,49.0,54.2,47.9,94.3,95.6,54.2,91.6,43.5,41.2,45.4,
,81.0,79.8,51.3,89.1,30.4,63.5,104.5,64.0,46.3,67.1,7.2,29.3,104.5
,81.0,79.8,51.3,89.1,30.4,63.5,104.5,64.0,46.3,67.1,7.2,29.3,
,81.0,79.8,51.3,89.1,30.4,63.5,104.5,64.0,46.3,67.1,7.2,29.3,
,81.0,79.8,51.3,89.1,30.4,63.5,104.5,64.0,46.3,67.1,7.2,29.3,
,81.0,79.8,51.3,89.1,30.4,63.5,104.5,64.0,46.3,67.1,7.2,29.3,
,81.0,79.8,51.3,89.1,30.4,63.5,104.5,64.0,46.3,67.1,7.2,29.3,
,81.0,79.8,51.3,89.1,30.4,63.5,104.5,64.0,46.3,67.1,7.2,29.3,
,81.0,79.8,51.3,89.1,30.4,63.5,104.5,64.0,46.3,67.1,7.2,29.3,
,81.0,79.8,51.3,89.1,30.4,63.5,104.5,64.0,46.3,67.1,7.2,29.3,
,81.0,79.8,51.3,89.1,30.4,63.5,104.5,64.0,46.3,67.1,7.2,29.3,
,81.0,79.8,51.3,89.1,30.4,63.5,104.5,64.0,46.3,67.1,7.2,29.3,
,81.0,79.8,51.3,89.1,30.4,63.5,104.5,64.0,46.3,67.1,7.2,29.3,
,110.2,102.8,80.7,41.5,24.3,23.9,102.3,55.5,214.6,42.3,15.3,76.0,214.6
,110.2,102.8,80.7,41.5,24.3,23.9,102.3,55.5,214.6,42.3,15.3,76.0,
,110.2,102.8,80.7,41.5,24.3,23.9,102.3,55.5,214.6,42.3,15.3,76.0,
,110.2,102.8,80.7,41.5,24.3,23.9,102.3,55.5,214.6,42.3,15.3,76.0,
,110.2,102.8,80.7,41.5,24.3,23.9,102.3,55.5,214.6,42.3,15.3,76.0,
,110.2,102.8,80.7,41.5,24.3,23.9,102.3,55.5,214.6,42.3,15.3,76.0,
,110.2,102.8,80.7,41.5,24.3,23.9,102.3,55.5,214.6,42.3,15.3,76.0,
,110.2,102.8,80.7,41.5,24.3,23.9,102.3,55.5,214.6,42.3,15.3,76.0,
,110.2,102.8,80.7,41.5,24.3,23.9,102.3,55.5,214.6,42.3,15.3,76.0,
,110.2,102.8,80.7,41.5,24.3,23.9,102.3,55.5,214.6,42.3,15.3,76.0,
,110.2,102.8,80.7,41.5,24.3,23.9,102.3,55.5,214.6,42.3,15.3,76.0,
,110.2,102.8,80.7,41.5,24.3,23.9,102.3,55.5,214.6,42.3,15.3,76.0,
,85.5,72.4,24.2,79.3,34.6,53.9,53.3,169.9,93.0,77.9,137.8,73.2,169.9
,85.5,72.4,24.2,79.3,34.6,53.9,53.3,169.9,93.0,77.9,137.8,73.2,
,85.5,72.4,24.2,79.3,34.6,53.9,53.3,169.9,93.0,77.9,137.8,73.2,
,85.5,72.4,24.2,79.3,34.6,53.9,53.3,169.9,93.0,77.9,137.8,73.2,
,85.5,72.4,24.2,79.3,34.6,53.9,53.3,169.9,93.0,77.9,137.8,73.2,
,85.5,72.4,24.2,79.3,34.6,53.9,53.3,169.9,93.0,77.9,137.8,73.2,
,85.5,72.4,24.2,79.3,34.6,53.9,53.3,169.9,93.0,77.9,137.8,73.2,
,85.5,72.4,24.2,79.3,34.6,53.9,53.3,169.9,93.0,77.9,137.8,73.2,
,85.5,72.4,24.2,79.3,34.6,53.9,53.3,169.9,93.0,77.9,137.8,73.2,
,85.5,72.4,24.2,79.3,34.6,53.9,53.3,169.9,93.0,77.9,137.8,73.2,
,85.5,72.4,24.2,79.3,34.6,53.9,53.3,169.9,93.0,77.9,137.8,73.2,
,85.5,72.4,24.2,79.3,34.6,53.9,53.3,169.9,93.0,77.9,137.8,73.2,
,35.5,69.4,56.3,66.2,27.7,79.1,129.4,38.6,81.4,141.3,37.6,76.1,141.3
,35.5,69.4,56.3,66.2,27.7,79.1,129.4,38.6,81.4,141.3,37.6,76.1,
,35.5,69.4,56.3,66.2,27.7,79.1,129.4,38.6,81.4,141.3,37.6,76.1,
,35.5,69.4,56.3,66.2,27.7,79.1,129.4,38.6,81.4,141.3,37.6,76.1,
,35.5,69.4,56.3,66.2,27.7,79.1,129.4,38.6,81.4,141.3,37.6,76.1,
,35.5,69.4,56.3,66.2,27.7,79.1,129.4,38.6,81.4,141.3,37.6,76.1,
,35.5,69.4,56.3,66.2,27.7,79.1,129.4,38.6,81.4,141.3,37.6,76.1,
,35.5,69.4,56.3,66.2,27.7,79.1,129.4,38.6,81.4,141.3,37.6,76.1,
,35.5,69.4,56.3,66.2,27.7,79.1,129.4,38.6,81.4,141.3,37.6,76.1,
,35.5,69.4,56.3,66.2,27.7,79.1,129.4,38.6,81.4,141.3,37.6,76.1,
,35.5,69.4,56.3,66.2,27.7,79.1,129.4,38.6,81.4,141.3,37.6,76.1,
,35.5,69.4,56.3,66.2,27.7,79.1,129.4,38.6,81.4,141.3,37.6,76.1,
,50.4,50.3,32.4,39.6,96.8,67.5,141.4,51.4,97.9,174.5,52.6,39.4,174.5
,50.4,50.3,32.4,39.6,96.8,67.5,141.4,51.4,97.9,174.5,52.6,39.4,
,50.4,50.3,32.4,39.6,96.8,67.5,141.4,51.4,97.9,174.5,52.6,39.4,
,50.4,50.3,32.4,39.6,96.8,67.5,141.4,51.4,97.9,174.5,52.6,39.4,
,50.4,50.3,32.4,39.6,96.8,67.5,141.4,51.4,97.9,174.5,52.6,39.4,
,50.4,50.3,32.4,39.6,96.8,67.5,141.4,51.4,97.9,174.5,52.6,39.4,
,50.4,50.3,32.4,39.6,96.8,67.5,141.4,51.4,97.9,174.5,52.6,39.4,
,50.4,50.3,32.4,39.6,96.8,67.5,141.4,51.4,97.9,174.5,52.6,39.4,
,50.4,50.3,32.4,39.6,96.8,67.5,141.4,51.4,97.9,174.5,52.6,39.4,
,50.4,50.3,32.4,39.6,96.8,67.5,141.4,51.4,97.9,174.5,52.6,39.4,
,50.4,50.3,32.4,39.6,96.8,67.5,141.4,51.4,97.9,174.5,52.6,39.4,
,50.4,50.3,32.4,39.6,96.8,67.5,141.4,51.4,97.9,174.5,52.6,39.4,
,102.0,125.2,97.8,151.0,56.6,10.0,98.9,41.6,57.1,146.1,40.2,58.8,151.0
,102.0,125.2,97.8,151.0,56.6,10.0,98.9,41.6,57.1,146.1,40.2,58.8,
,102.0,125.2,97.8,151.0,56.6,10.0,98.9,41.6,57.1,146.1,40.2,58.8,
,102.0,125.2,97.8,151.0,56.6,10.0,98.9,41.6,57.1,146.1,40.2,58.8,
,102.0,125.2,97.8,151.0,56.6,10.0,98.9,41.6,57.1,146.1,40.2,58.8,
,102.0,125.2,97.8,151.0,56.6,10.0,98.9,41.6,57.1,146.1,40.2,58.8,
,102.0,125.2,97.8,151.0,56.6,10.0,98.9,41.6,57.1,146.1,40.2,58.8,
,102.0,125.2,97.8,151.0,56.6,10.0,98.9,41.6,57.1,146.1,40.2,58.8,
,102.0,125.2,97.8,151.0,56.6,10.0,98.9,41.6,57.1,146.1,40.2,58.8,
,102.0,125.2,97.8,151.0,56.6,10.0,98.9,41.6,57.1,146.1,40.2,58.8,
,102.0,125.2,97.8,151.0,56.6,10.0,98.9,41.6,57.1,146.1,40.2,58.8,
,102.0,125.2,97.8,151.0,56.6,10.0,98.9,41.6,57.1,146.1,40.2,58.8,
,90.2,31.4,128.0,77.8,115.3,101.1,17.3,52.1,139.7,187.0,68.0,86.1,187.0
,90.2,31.4,128.0,77.8,115.3,101.1,17.3,52.1,139.7,187.0,68.0,86.1,
,90.2,31.4,128.0,77.8,115.3,101.1,17.3,52.1,139.7,187.0,68.0,86.1,
,90.2,31.4,128.0,77.8,115.3,101.1,17.3,52.1,139.7,187.0,68.0,86.1,
,90.2,31.4,128.0,77.8,115.3,101.1,17.3,52.1,139.7,187.0,68.0,86.1,
,90.2,31.4,128.0,77.8,115.3,101.1,17.3,52.1,139.7,187.0,68.0,86.1,
,90.2,31.4,128.0,77.8,115.3,101.1,17.3,52.1,139.7,187.0,68.0,86.1,
,90.2,31.4,128.0,77.8,115.3,101.1,17.3,52.1,139.7,187.0,68.0,86.1,
,90.2,31.4,128.0,77.8,115.3,101.1,17.3,52.1,139.7,187.0,68.0,86.1,
,90.2,31.4,128.0,77.8,115.3,101.1,17.3,52.1,139.7,187.0,68.0,86.1,
,90.2,31.4,128.0,77.8,115.3,101.1,17.3,52.1,139.7,187.0,68.0,86.1,
,90.2,31.4,128.0,77.8,115.3,101.1,17.3,52.1,139.7,187.0,68.0,86.1,
,50.9,47.4,42.7,50.2,72.4,54.6,76.5,53.5,124.5,44.9,56.5,38.3,124.5
,50.9,47.4,42.7,50.2,72.4,54.6,76.5,53.5,124.5,44.9,56.5,38.3,
,50.9,47.4,42.7,50.2,72.4,54.6,76.5,53.5,124.5,44.9,56.5,38.3,
,50.9,47.4,42.7,50.2,72.4,54.6,76.5,53.5,124.5,44.9,56.5,38.3,
,50.9,47.4,42.7,50.2,72.4,54.6,76.5,53.5,124.5,44.9,56.5,38.3,
,50.9,47.4,42.7,50.2,72.4,54.6,76.5,53.5,124.5,44.9,56.5,38.3,
,50.9,47.4,42.7,50.2,72.4,54.6,76.5,53.5,124.5,44.9,56.5,38.3,
,50.9,47.4,42.7,50.2,72.4,54.6,76.5,53.5,124.5,44.9,56.5,38.3,
,50.9,47.4,42.7,50.2,72.4,54.6,76.5,53.5,124.5,44.9,56.5,38.3,
,50.9,47.4,42.7,50.2,72.4,54.6,76.5,53.5,124.5,44.9,56.5,38.3,
,50.9,47.4,42.7,50.2,72.4,54.6,76.5,53.5,124.5,44.9,56.5,38.3,
,50.9,47.4,42.7,50.2,72.4,54.6,76.5,53.5,124.5,44.9,56.5,38.3,
,73.4,40.7,63.7,91.2,112.1,94.8,104.0,32.6,41.1,107.0,82.7,8.1,112.1
,73.4,40.7,63.7,91.2,112.1,94.8,104.0,32.6,41.1,107.0,82.7,8.1,
,73.4,40.7,63.7,91.2,112.1,94.8,104.0,32.6,41.1,107.0,82.7,8.1,
,73.4,40.7,63.7,91.2,112.1,94.8,104.0,32.6,41.1,107.0,82.7,8.1,
,73.4,40.7,63.7,91.2,112.1,94.8,104.0,32.6,41.1,107.0,82.7,8.1,
,73.4,40.7,63.7,91.2,112.1,94.8,104.0,32.6,41.1,107.0,82.7,8.1,
,73.4,40.7,63.7,91.2,112.1,94.8,104.0,32.6,41.1,107.0,82.7,8.1,
,73.4,40.7,63.7,91.2,112.1,94.8,104.0,32.6,41.1,107.0,82.7,8.1,
,73.4,40.7,63.7,91.2,112.1,94.8,104.0,32.6,41.1,107.0,82.7,8.1,
,73.4,40.7,63.7,91.2,112.1,94.8,104.0,32.6,41.1,107.0,82.7,8.1,
,73.4,40.7,63.7,91.2,112.1,94.8,104.0,32.6,41.1,107.0,82.7,8.1,
,73.4,40.7,63.7,91.2,112.1,94.8,104.0,32.6,41.1,107.0,82.7,8.1,
,23.1,42.1,40.6,16.8,81.3,108.9,151.2,67.8,80.8,65.8,24.0,70.4,151.2
,23.1,42.1,40.6,16.8,81.3,108.9,151.2,67.8,80.8,65.8,24.0,70.4,
,23.1,42.1,40.6,16.8,81.3,108.9,151.2,67.8,80.8,65.8,24.0,70.4,
,23.1,42.1,40.6,16.8,81.3,108.9,151.2,67.8,80.8,65.8,24.0,70.4,
,23.1,42.1,40.6,16.8,81.3,108.9,151.2,67.8,80.8,65.8,24.0,70.4,
,23.1,42.1,40.6,16.8,81.3,108.9,151.2,67.8,80.8,65.8,24.0,70.4,
,23.1,42.1,40.6,16.8,81.3,108.9,151.2,67.8,80.8,65.8,24.0,70.4,
,23.1,42.1,40.6,16.8,81.3,108.9,151.2,67.8,80.8,65.8,24.0,70.4,
,23.1,42.1,40.6,16.8,81.3,108.9,151.2,67.8,80.8,65.8,24.0,70.4,
,23.1,42.1,40.6,16.8,81.3,108.9,151.2,67.8,80.8,65.8,24.0,70.4,
,23.1,42.1,40.6,16.8,81.3,108.9,151.2,67.8,80.8,65.8,24.0,70.4,
,23.1,42.1,40.6,16.8,81.3,108.9,151.2,67.8,80.8,65.8,24.0,70.4,
,64.4,37.5,35.0,26.0,78.0,116.6,98.9,108.5,101.2,38.8,43.0,62.9,116.6
,64.4,37.5,35.0,26.0,78.0,116.6,98.9,108.5,101.2,38.8,43.0,62.9,
,64.4,37.5,35.0,26.0,78.0,116.6,98.9,108.5,101.2,38.8,43.0,62.9,
,64.4,37.5,35.0,26.0,78.0,116.6,98.9,108.5,101.2,38.8,43.0,62.9,
,64.4,37.5,35.0,26.0,78.0,116.6,98.9,108.5,101.2,38.8,43.0,62.9,
,64.4,37.5,35.0,26.0,78.0,116.6,98.9,108.5,101.2,38.8,43.0,62.9,
,64.4,37.5,35.0,26.0,78.0,116.6,98.9,108.5,101.2,38.8,43.0,62.9,
,64.4,37.5,35.0,26.0,78.0,116.6,98.9,108.5,101.2,38.8,43.0,62.9,
,64.4,37.5,35.0,26.0,78.0,116.6,98.9,108.5,101.2,38.8,43.0,62.9,
,64.4,37.5,35.0,26.0,78.0,116.6,98.9,108.5,101.2,38.8,43.0,62.9,
,64.4,37.5,35.0,26.0,78.0,116.6,98.9,108.5,101.2,38.8,43.0,62.9,
,64.4,37.5,35.0,26.0,78.0,116.6,98.9,108.5,101.2,38.8,43.0,62.9,
,76.1,7.0,80.7,57.0,68.7,38.5,90.4,41.6,30.0,27.3,52.9,27.0,90.4
,76.1,7.0,80.7,57.0,68.7,38.5,90.4,41.6,30.0,27.3,52.9,27.0,
,76.1,7.0,80.7,57.0,68.7,38.5,90.4,41.6,30.0,27.3,52.9,27.0,
,76.1,7.0,80.7,57.0,68.7,38.5,90.4,41.6,30.0,27.3,52.9,27.0,
,76.1,7.0,80.7,57.0,68.7,38.5,90.4,41.6,30.0,27.3,52.9,27.0,
,76.1,7.0,80.7,57.0,68.7,38.5,90.4,41.6,30.0,27.3,52.9,27.0,
,76.1,7.0,80.7,57.0,68.7,38.5,90.4,41.6,30.0,27.3,52.9,27.0,
,76.1,7.0,80.7,57.0,68.7,38.5,90.4,41.6,30.0,27.3,52.9,27.0,
,76.1,7.0,80.7,57.0,68.7,38.5,90.4,41.6,30.0,27.3,52.9,27.0,
,76.1,7.0,80.7,57.0,68.7,38.5,90.4,41.6,30.0,27.3,52.9,27.0,
,76.1,7.0,80.7,57.0,68.7,38.5,90.4,41.6,30.0,27.3,52.9,27.0,
,76.1,7.0,80.7,57.0,68.7,38.5,90.4,41.6,30.0,27.3,52.9,27.0,
,27.0,72.5,39.8,35.5,97.3,168.8,95.9,63.2,133.1,52.1,153.8,42.1,168.8
,27.0,72.5,39.8,35.5,97.3,168.8,95.9,63.2,133.1,52.1,153.8,42.1,
,27.0,72.5,39.8,35.5,97.3,168.8,95.9,63.2,133.1,52.1,153.8,42.1,
,27.0,72.5,39.8,35.5,97.3,168.8,95.9,63.2,133.1,52.1,153.8,42.1,
,27.0,72.5,39.8,35.5,97.3,168.8,95.9,63.2,133.1,52.1,153.8,42.1,
,27.0,72.5,39.8,35.5,97.3,168.8,95.9,63.2,133.1,52.1,153.8,42.1,
,27.0,72.5,39.8,35.5,97.3,168.8,95.9,63.2,133.1,52.1,153.8,42.1,
,27.0,72.5,39.8,35.5,97.3,168.8,95.9,63.2,133.1,52.1,153.8,42.1,
,27.0,72.5,39.8,35.5,97.3,168.8,95.9,63.2,133.1,52.1,153.8,42.1,
,27.0,72.5,39.8,35.5,97.3,168.8,95.9,63.2,133.1,52.1,153.8,42.1,
,27.0,72.5,39.8,35.5,97.3,168.8,95.9,63.2,133.1,52.1,153.8,42.1,
,27.0,72.5,39.8,35.5,97.3,168.8,95.9,63.2,133.1,52.1,153.8,42.1,
,105.4,50.6,54.0,151.8,309.3,122.0,34.3,26.3,121.1,35.0,43.1,104.0,309.3
,105.4,50.6,54.0,151.8,309.3,122.0,34.3,26.3,121.1,35.0,43.1,104.0,
,105.4,50.6,54.0,151.8,309.3,122.0,34.3,26.3,121.1,35.0,43.1,104.0,
,105.4,50.6,54.0,151.8,309.3,122.0,34.3,26.3,121.1,35.0,43.1,104.0,
,105.4,50.6,54.0,151.8,309.3,122.0,34.3,26.3,121.1,35.0,43.1,104.0,
,105.4,50.6,54.0,151.8,309.3,122.0,34.3,26.3,121.1,35.0,43.1,104.0,
,105.4,50.6,54.0,151.8,309.3,122.0,34.3,26.3,121.1,35.0,43.1,104.0,
,105.4,50.6,54.0,151.8,309.3,122.0,34.3,26.3,121.1,35.0,43.1,104.0,
,105.4,50.6,54.0,151.8,309.3,122.0,34.3,26.3,121.1,35.0,43.1,104.0,
,105.4,50.6,54.0,151.8,309.3,122.0,34.3,26.3,121.1,35.0,43.1,104.0,
,105.4,50.6,54.0,151.8,309.3,122.0,34.3,26.3,121.1,35.0,43.1,104.0,
,105.4,50.6,54.0,151.8,309.3,122.0,34.3,26.3,121.1,35.0,43.1,104.0,
,26.5,87.6,34.5,38.8,102.8,183.9,53.2,61.8,83.4,46.4,46.4,,
,26.5,87.6,34.5,38.8,102.8,183.9,53.2,61.8,83.4,46.4,46.4,,
,26.5,87.6,34.5,38.8,102.8,183.9,53.2,61.8,83.4,46.4,46.4,,
,26.5,87.6,34.5,38.8,102.8,183.9,53.2,61.8,83.4,46.4,46.4,,
,26.5,87.6,34.5,38.8,102.8,183.9,53.2,61.8,83.4,46.4,46.4,,
,26.5,87.6,34.5,38.8,102.8,183.9,53.2,61.8,83.4,46.4,46.4,,
,26.5,87.6,34.5,38.8,102.8,183.9,53.2,61.8,83.4,46.4,46.4,,
,26.5,87.6,34.5,38.8,102.8,183.9,53.2,61.8,83.4,46.4,46.4,,
,26.5,87.6,34.5,38.8,102.8,183.9,53.2,61.8,83.4,46.4,46.4,,
,26.5,87.6,34.5,38.8,102.8,183.9,53.2,61.8,83.4,46.4,46.4,,
,26.5,87.6,34.5,38.8,102.8,183.9,53.2,61.8,83.4,46.4,46.4,,
,26.5,87.6,34.5,38.8,102.8,183.9,53.2,61.8,83.4,46.4,46.4,,
