year,jan,feb,mar,apr,may,jun,jul,aug,sep,oct,nov,dec,annual
,37.5,35.9,35.3,31.0,27.6,29.9,30.5,34.9,28.7,32.2,34.1,35.3,37.5
,37.5,35.9,35.3,31.0,27.6,29.9,30.5,34.9,28.7,32.2,34.1,35.3,
,37.5,35.9,35.3,31.0,27.6,29.9,30.5,34.9,28.7,32.2,34.1,35.3,
,37.5,35.9,35.3,31.0,27.6,29.9,30.5,34.9,28.7,32.2,34.1,35.3,
,37.5,35.9,35.3,31.0,27.6,29.9,30.5,34.9,28.7,32.2,34.1,35.3,
,37.5,35.9,35.3,31.0,27.6,29.9,30.5,34.9,28.7,32.2,34.1,35.3,
,37.5,35.9,35.3,31.0,27.6,29.9,30.5,34.9,28.7,32.2,34.1,35.3,
,37.5,35.9,35.3,31.0,27.6,29.9,30.5,34.9,28.7,32.2,34.1,35.3,
,37.5,35.9,35.3,31.0,27.6,29.9,30.5,34.9,28.7,32.2,34.1,35.3,
,37.5,35.9,35.3,31.0,27.6,29.9,30.5,34.9,28.7,32.2,34.1,35.3,
,37.5,35.9,35.3,31.0,27.6,29.9,30.5,34.9,28.7,32.2,34.1,35.3,
,37.5,35.9,35.3,31.0,27.6,29.9,30.5,34.9,28.7,32.2,34.1,35.3,
,34.8,34.7,36.0,33.5,27.2,31.5,23.7,31.4,31.4,31.4,39.0,38.3,39.0
,34.8,34.7,36.0,33.5,27.2,31.5,23.7,31.4,31.4,31.4,39.0,38.3,
,34.8,34.7,36.0,33.5,27.2,31.5,23.7,31.4,31.4,31.4,39.0,38.3,
,34.8,34.7,36.0,33.5,27.2,31.5,23.7,31.4,31.4,31.4,39.0,38.3,
,34.8,34.7,36.0,33.5,27.2,31.5,23.7,31.4,31.4,31.4,39.0,38.3,
,34.8,34.7,36.0,33.5,27.2,31.5,23.7,31.4,31.4,31.4,39.0,38.3,
,34.8,34.7,36.0,33.5,27.2,31.5,23.7,31.4,31.4,31.4,39.0,38.3,
,34.8,34.7,36.0,33.5,27.2,31.5,23.7,31.4,31.4,31.4,39.0,38.3,
,34.8,34.7,36.0,33.5,27.2,31.5,23.7,31.4,31.4,31.4,39.0,38.3,
,34.8,34.7,36.0,33.5,27.2,31.5,23.7,31.4,31.4,31.4,39.0,38.3,
,34.8,34.7,36.0,33.5,27.2,31.5,23.7,31.4,31.4,31.4,39.0,38.3,
,34.8,34.7,36.0,33.5,27.2,31.5,23.7,31.4,31.4,31.4,39.0,38.3,
,37.5,37.4,36.3,34.2,28.0,28.9,28.6,28.6,34.7,31.0,36.2,34.3,37.5
,37.5,37.4,36.3,34.2,28.0,28.9,28.6,28.6,34.7,31.0,36.2,34.3,
,37.5,37.4,36.3,34.2,28.0,28.9,28.6,28.6,34.7,31.0,36.2,34.3,
,37.5,37.4,36.3,34.2,28.0,28.9,28.6,28.6,34.7,31.0,36.2,34.3,
,37.5,37.4,36.3,34.2,28.0,28.9,28.6,28.6,34.7,31.0,36.2,34.3,
,37.5,37.4,36.3,34.2,28.0,28.9,28.6,28.6,34.7,31.0,36.2,34.3,
,37.5,37.4,36.3,34.2,28.0,28.9,28.6,28.6,34.7,31.0,36.2,34.3,
,37.5,37.4,36.3,34.2,28.0,28.9,28.6,28.6,34.7,31.0,36.2,34.3,
,37.5,37.4,36.3,34.2,28.0,28.9,28.6,28.6,34.7,31.0,36.2,34.3,
,37.5,37.4,36.3,34.2,28.0,28.9,28.6,28.6,34.7,31.0,36.2,34.3,
,37.5,37.4,36.3,34.2,28.0,28.9,28.6,28.6,34.7,31.0,36.2,34.3,
,37.5,37.4,36.3,34.2,28.0,28.9,28.6,28.6,34.7,31.0,36.2,34.3,
,39.1,36.7,36.3,31.7,27.2,27.3,28.4,28.8,32.8,32.5,32.1,36.5,39.1
,39.1,36.7,36.3,31.7,27.2,27.3,28.4,28.8,32.8,32.5,32.1,36.5,
,39.1,36.7,36.3,31.7,27.2,27.3,28.4,28.8,32.8,32.5,32.1,36.5,
,39.1,36.7,36.3,31.7,27.2,27.3,28.4,28.8,32.8,32.5,32.1,36.5,
,39.1,36.7,36.3,31.7,27.2,27.3,28.4,28.8,32.8,32.5,32.1,36.5,
,39.1,36.7,36.3,31.7,27.2,27.3,28.4,28.8,32.8,32.5,32.1,36.5,
,39.1,36.7,36.3,31.7,27.2,27.3,28.4,28.8,32.8,32.5,32.1,36.5,
,39.1,36.7,36.3,31.7,27.2,27.3,28.4,28.8,32.8,32.5,32.1,36.5,
,39.1,36.7,36.3,31.7,27.2,27.3,28.4,28.8,32.8,32.5,32.1,36.5,
,39.1,36.7,36.3,31.7,27.2,27.3,28.4,28.8,32.8,32.5,32.1,36.5,
,39.1,36.7,36.3,31.7,27.2,27.3,28.4,28.8,32.8,32.5,32.1,36.5,
,39.1,36.7,36.3,31.7,27.2,27.3,28.4,28.8,32.8,32.5,32.1,36.5,
,35.3,36.6,32.9,31.6,28.2,27.8,28.2,31.6,34.4,34.6,34.6,36.0,36.6
,35.3,36.6,32.9,31.6,28.2,27.8,28.2,31.6,34.4,34.6,34.6,36.0,
,35.3,36.6,32.9,31.6,28.2,27.8,28.2,31.6,34.4,34.6,34.6,36.0,
,35.3,36.6,32.9,31.6,28.2,27.8,28.2,31.6,34.4,34.6,34.6,36.0,
,35.3,36.6,32.9,31.6,28.2,27.8,28.2,31.6,34.4,34.6,34.6,36.0,
,35.3,36.6,32.9,31.6,28.2,27.8,28.2,31.6,34.4,34.6,34.6,36.0,
,35.3,36.6,32.9,31.6,28.2,27.8,28.2,31.6,34.4,34.6,34.6,36.0,
,35.3,36.6,32.9,31.6,28.2,27.8,28.2,31.6,34.4,34.6,34.6,36.0,
,35.3,36.6,32.9,31.6,28.2,27.8,28.2,31.6,34.4,34.6,34.6,36.0,
,35.3,36.6,32.9,31.6,28.2,27.8,28.2,31.6,34.4,34.6,34.6,36.0,
,35.3,36.6,32.9,31.6,28.2,27.8,28.2,31.6,34.4,34.6,34.6,36.0,
,35.3,36.6,32.9,31.6,28.2,27.8,28.2,31.6,34.4,34.6,34.6,36.0,
,35.0,35.6,36.6,32.4,30.1,28.0,30.3,31.4,31.3,31.5,34.6,36.1,36.6
,35.0,35.6,36.6,32.4,30.1,28.0,30.3,31.4,31.3,31.5,34.6,36.1,
,35.0,35.6,36.6,32.4,30.1,28.0,30.3,31.4,31.3,31.5,34.6,36.1,
,35.0,35.6,36.6,32.4,30.1,28.0,30.3,31.4,31.3,31.5,34.6,36.1,
,35.0,35.6,36.6,32.4,30.1,28.0,30.3,31.4,31.3,31.5,34.6,36.1,
,35.0,35.6,36.6,32.4,30.1,28.0,30.3,31.4,31.3,31.5,34.6,36.1,
,35.0,35.6,36.6,32.4,30.1,28.0,30.3,31.4,31.3,31.5,34.6,36.1,
,35.0,35.6,36.6,32.4,30.1,28.0,30.3,31.4,31.3,31.5,34.6,36.1,
,35.0,35.6,36.6,32.4,30.1,28.0,30.3,31.4,31.3,31.5,34.6,36.1,
,35.0,35.6,36.6,32.4,30.1,28.0,30.3,31.4,31.3,31.5,34.6,36.1,
,35.0,35.6,36.6,32.4,30.1,28.0,30.3,31.4,31.3,31.5,34.6,36.1,
,35.0,35.6,36.6,32.4,30.1,28.0,30.3,31.4,31.3,31.5,34.6,36.1,
,35.4,35.4,32.2,32.6,31.0,-99.0,31.4,32.6,28.4,35.0,36.9,36.5,36.9
,35.4,35.4,32.2,32.6,31.0,-99.0,31.4,32.6,28.4,35.0,36.9,36.5,
,35.4,35.4,32.2,32.6,31.0,-99.0,31.4,32.6,28.4,35.0,36.9,36.5,
,35.4,35.4,32.2,32.6,31.0,-99.0,31.4,32.6,28.4,35.0,36.9,36.5,
,35.4,35.4,32.2,32.6,31.0,-99.0,31.4,32.6,28.4,35.0,36.9,36.5,
,35.4,35.4,32.2,32.6,31.0,-99.0,31.4,32.6,28.4,35.0,36.9,36.5,
,35.4,35.4,32.2,32.6,31.0,-99.0,31.4,32.6,28.4,35.0,36.9,36.5,
,35.4,35.4,32.2,32.6,31.0,-99.0,31.4,32.6,28.4,35.0,36.9,36.5,
,35.4,35.4,32.2,32.6,31.0,-99.0,31.4,32.6,28.4,35.0,36.9,36.5,
,35.4,35.4,32.2,32.6,31.0,-99.0,31.4,32.6,28.4,35.0,36.9,36.5,
,35.4,35.4,32.2,32.6,31.0,-99.0,31.4,32.6,28.4,35.0,36.9,36.5,
,35.4,35.4,32.2,32.6,31.0,-99.0,31.4,32.6,28.4,35.0,36.9,36.5,
,35.8,37.3,35.5,30.0,27.3,26.0,26.4,28.8,34.8,33.8,33.5,38.2,38.2
,35.8,37.3,35.5,30.0,27.3,26.0,26.4,28.8,34.8,33.8,33.5,38.2,
,35.8,37.3,35.5,30.0,27.3,26.0,26.4,28.8,34.8,33.8,33.5,38.2,
,35.8,37.3,35.5,30.0,27.3,26.0,26.4,28.8,34.8,33.8,33.5,38.2,
,35.8,37.3,35.5,30.0,27.3,26.0,26.4,28.8,34.8,33.8,33.5,38.2,
,35.8,37.3,35.5,30.0,27.3,26.0,26.4,28.8,34.8,33.8,33.5,38.2,
,35.8,37.3,35.5,30.0,27.3,26.0,26.4,28.8,34.8,33.8,33.5,38.2,
,35.8,37.3,35.5,30.0,27.3,26.0,26.4,28.8,34.8,33.8,33.5,38.2,
,35.8,37.3,35.5,30.0,27.3,26.0,26.4,28.8,34.8,33.8,33.5,38.2,
,35.8,37.3,35.5,30.0,27.3,26.0,26.4,28.8,34.8,33.8,33.5,38.2,
,35.8,37.3,35.5,30.0,27.3,26.0,26.4,28.8,34.8,33.8,33.5,38.2,
,35.8,37.3,35.5,30.0,27.3,26.0,26.4,28.8,34.8,33.8,33.5,38.2,
,35.6,36.1,35.2,31.1,32.2,29.9,30.3,31.6,32.3,35.0,35.0,36.4,36.4
,35.6,36.1,35.2,31.1,32.2,29.9,30.3,31.6,32.3,35.0,35.0,36.4,
,35.6,36.1,35.2,31.1,32.2,29.9,30.3,31.6,32.3,35.0,35.0,36.4,
,35.6,36.1,35.2,31.1,32.2,29.9,30.3,31.6,32.3,35.0,35.0,36.4,
,35.6,36.1,35.2,31.1,32.2,29.9,30.3,31.6,32.3,35.0,35.0,36.4,
,35.6,36.1,35.2,31.1,32.2,29.9,30.3,31.6,32.3,35.0,35.0,36.4,
,35.6,36.1,35.2,31.1,32.2,29.9,30.3,31.6,32.3,35.0,35.0,36.4,
,35.6,36.1,35.2,31.1,32.2,29.9,30.3,31.6,32.3,35.0,35.0,36.4,
,35.6,36.1,35.2,31.1,32.2,29.9,30.3,31.6,32.3,35.0,35.0,36.4,
,35.6,36.1,35.2,31.1,32.2,29.9,30.3,31.6,32.3,35.0,35.0,36.4,
,35.6,36.1,35.2,31.1,32.2,29.9,30.3,31.6,32.3,35.0,35.0,36.4,
,35.6,36.1,35.2,31.1,32.2,29.9,30.3,31.6,32.3,35.0,35.0,36.4,
,35.4,36.5,36.0,33.5,31.0,28.5,28.2,31.2,30.0,34.4,31.1,39.2,39.2
,35.4,36.5,36.0,33.5,31.0,28.5,28.2,31.2,30.0,34.4,31.1,39.2,
,35.4,36.5,36.0,33.5,31.0,28.5,28.2,31.2,30.0,34.4,31.1,39.2,
,35.4,36.5,36.0,33.5,31.0,28.5,28.2,31.2,30.0,34.4,31.1,39.2,
,35.4,36.5,36.0,33.5,31.0,28.5,28.2,31.2,30.0,34.4,31.1,39.2,
,35.4,36.5,36.0,33.5,31.0,28.5,28.2,31.2,30.0,34.4,31.1,39.2,
,35.4,36.5,36.0,33.5,31.0,28.5,28.2,31.2,30.0,34.4,31.1,39.2,
,35.4,36.5,36.0,33.5,31.0,28.5,28.2,31.2,30.0,34.4,31.1,39.2,
,35.4,36.5,36.0,33.5,31.0,28.5,28.2,31.2,30.0,34.4,31.1,39.2,
,35.4,36.5,36.0,33.5,31.0,28.5,28.2,31.2,30.0,34.4,31.1,39.2,
,35.4,36.5,36.0,33.5,31.0,28.5,28.2,31.2,30.0,34.4,31.1,39.2,
,35.4,36.5,36.0,33.5,31.0,28.5,28.2,31.2,30.0,34.4,31.1,39.2,
,37.2,37.3,32.4,32.3,29.5,24.4,28.0,29.5,31.6,31.3,34.9,37.3,37.3
,37.2,37.3,32.4,32.3,29.5,24.4,28.0,29.5,31.6,31.3,34.9,37.3,
,37.2,37.3,32.4,32.3,29.5,24.4,28.0,29.5,31.6,31.3,34.9,37.3,
,37.2,37.3,32.4,32.3,29.5,24.4,28.0,29.5,31.6,31.3,34.9,37.3,
,37.2,37.3,32.4,32.3,29.5,24.4,28.0,29.5,31.6,31.3,34.9,37.3,
,37.2,37.3,32.4,32.3,29.5,24.4,28.0,29.5,31.6,31.3,34.9,37.3,
,37.2,37.3,32.4,32.3,29.5,24.4,28.0,29.5,31.6,31.3,34.9,37.3,
,37.2,37.3,32.4,32.3,29.5,24.4,28.0,29.5,31.6,31.3,34.9,37.3,
,37.2,37.3,32.4,32.3,29.5,24.4,28.0,29.5,31.6,31.3,34.9,37.3,
,37.2,37.3,32.4,32.3,29.5,24.4,28.0,29.5,31.6,31.3,34.9,37.3,
,37.2,37.3,32.4,32.3,29.5,24.4,28.0,29.5,31.6,31.3,34.9,37.3,
,37.2,37.3,32.4,32.3,29.5,24.4,28.0,29.5,31.6,31.3,34.9,37.3,
,35.5,35.5,34.6,29.5,30.3,27.7,27.7,30.1,32.4,33.6,32.2,38.6,38.6
,35.5,35.5,34.6,29.5,30.3,27.7,27.7,30.1,32.4,33.6,32.2,38.6,
,35.5,35.5,34.6,29.5,30.3,27.7,27.7,30.1,32.4,33.6,32.2,38.6,
,35.5,35.5,34.6,29.5,30.3,27.7,27.7,30.1,32.4,33.6,32.2,38.6,
,35.5,35.5,34.6,29.5,30.3,27.7,27.7,30.1,32.4,33.6,32.2,38.6,
,35.5,35.5,34.6,29.5,30.3,27.7,27.7,30.1,32.4,33.6,32.2,38.6,
,35.5,35.5,34.6,29.5,30.3,27.7,27.7,30.1,32.4,33.6,32.2,38.6,
,35.5,35.5,34.6,29.5,30.3,27.7,27.7,30.1,32.4,33.6,32.2,38.6,
,35.5,35.5,34.6,29.5,30.3,27.7,27.7,30.1,32.4,33.6,32.2,38.6,
,35.5,35.5,34.6,29.5,30.3,27.7,27.7,30.1,32.4,33.6,32.2,38.6,
,35.5,35.5,34.6,29.5,30.3,27.7,27.7,30.1,32.4,33.6,32.2,38.6,
,35.5,35.5,34.6,29.5,30.3,27.7,27.7,30.1,32.4,33.6,32.2,38.6,
,37.0,36.4,33.8,34.6,31.2,29.6,31.2,25.0,27.8,32.0,34.9,32.4,37.0
,37.0,36.4,33.8,34.6,31.2,29.6,31.2,25.0,27.8,32.0,34.9,32.4,
,37.0,36.4,33.8,34.6,31.2,29.6,31.2,25.0,27.8,32.0,34.9,32.4,
,37.0,36.4,33.8,34.6,31.2,29.6,31.2,25.0,27.8,32.0,34.9,32.4,
,37.0,36.4,33.8,34.6,31.2,29.6,31.2,25.0,27.8,32.0,34.9,32.4,
,37.0,36.4,33.8,34.6,31.2,29.6,31.2,25.0,27.8,32.0,34.9,32.4,
,37.0,36.4,33.8,34.6,31.2,29.6,31.2,25.0,27.8,32.0,34.9,32.4,
,37.0,36.4,33.8,34.6,31.2,29.6,31.2,25.0,27.8,32.0,34.9,32.4,
,37.0,36.4,33.8,34.6,31.2,29.6,31.2,25.0,27.8,32.0,34.9,32.4,
,37.0,36.4,33.8,34.6,31.2,29.6,31.2,25.0,27.8,32.0,34.9,32.4,
,37.0,36.4,33.8,34.6,31.2,29.6,31.2,25.0,27.8,32.0,34.9,32.4,
,37.0,36.4,33.8,34.6,31.2,29.6,31.2,25.0,27.8,32.0,34.9,32.4,
,36.9,36.2,34.1,31.2,29.1,24.3,27.1,31.4,34.4,29.6,35.3,36.2,36.9
,36.9,36.2,34.1,31.2,29.1,24.3,27.1,31.4,34.4,29.6,35.3,36.2,
,36.9,36.2,34.1,31.2,29.1,24.3,27.1,31.4,34.4,29.6,35.3,36.2,
,36.9,36.2,34.1,31.2,29.1,24.3,27.1,31.4,34.4,29.6,35.3,36.2,
,36.9,36.2,34.1,31.2,29.1,24.3,27.1,31.4,34.4,29.6,35.3,36.2,
,36.9,36.2,34.1,31.2,29.1,24.3,27.1,31.4,34.4,29.6,35.3,36.2,
,36.9,36.2,34.1,31.2,29.1,24.3,27.1,31.4,34.4,29.6,35.3,36.2,
,36.9,36.2,34.1,31.2,29.1,24.3,27.1,31.4,34.4,29.6,35.3,36.2,
,36.9,36.2,34.1,31.2,29.1,24.3,27.1,31.4,34.4,29.6,35.3,36.2,
,36.9,36.2,34.1,31.2,29.1,24.3,27.1,31.4,34.4,29.6,35.3,36.2,
,36.9,36.2,34.1,31.2,29.1,24.3,27.1,31.4,34.4,29.6,35.3,36.2,
,36.9,36.2,34.1,31.2,29.1,24.3,27.1,31.4,34.4,29.6,35.3,36.2,
,35.2,37.9,34.2,28.3,28.6,25.5,28.9,31.5,34.7,30.9,37.3,34.7,37.9
,35.2,37.9,34.2,28.3,28.6,25.5,28.9,31.5,34.7,30.9,37.3,34.7,
,35.2,37.9,34.2,28.3,28.6,25.5,28.9,31.5,34.7,30.9,37.3,34.7,
,35.2,37.9,34.2,28.3,28.6,25.5,28.9,31.5,34.7,30.9,37.3,34.7,
,35.2,37.9,34.2,28.3,28.6,25.5,28.9,31.5,34.7,30.9,37.3,34.7,
,35.2,37.9,34.2,28.3,28.6,25.5,28.9,31.5,34.7,30.9,37.3,34.7,
,35.2,37.9,34.2,28.3,28.6,25.5,28.9,31.5,34.7,30.9,37.3,34.7,
,35.2,37.9,34.2,28.3,28.6,25.5,28.9,31.5,34.7,30.9,37.3,34.7,
,35.2,37.9,34.2,28.3,28.6,25.5,28.9,31.5,34.7,30.9,37.3,34.7,
,35.2,37.9,34.2,28.3,28.6,25.5,28.9,31.5,34.7,30.9,37.3,34.7,
,35.2,37.9,34.2,28.3,28.6,25.5,28.9,31.5,34.7,30.9,37.3,34.7,
,35.2,37.9,34.2,28.3,28.6,25.5,28.9,31.5,34.7,30.9,37.3,34.7,
,35.2,34.8,35.4,31.1,27.4,26.8,27.6,29.2,31.3,30.9,34.2,35.6,35.6
,35.2,34.8,35.4,31.1,27.4,26.8,27.6,29.2,31.3,30.9,34.2,35.6,
,35.2,34.8,35.4,31.1,27.4,26.8,27.6,29.2,31.3,30.9,34.2,35.6,
,35.2,34.8,35.4,31.1,27.4,26.8,27.6,29.2,31.3,30.9,34.2,35.6,
,35.2,34.8,35.4,31.1,27.4,26.8,27.6,29.2,31.3,30.9,34.2,35.6,
,35.2,34.8,35.4,31.1,27.4,26.8,27.6,29.2,31.3,30.9,34.2,35.6,
,35.2,34.8,35.4,31.1,27.4,26.8,27.6,29.2,31.3,30.9,34.2,35.6,
,35.2,34.8,35.4,31.1,27.4,26.8,27.6,29.2,31.3,30.9,34.2,35.6,
,35.2,34.8,35.4,31.1,27.4,26.8,27.6,29.2,31.3,30.9,34.2,35.6,
,35.2,34.8,35.4,31.1,27.4,26.8,27.6,29.2,31.3,30.9,34.2,35.6,
,35.2,34.8,35.4,31.1,27.4,26.8,27.6,29.2,31.3,30.9,34.2,35.6,
,35.2,34.8,35.4,31.1,27.4,26.8,27.6,29.2,31.3,30.9,34.2,35.6,
,35.0,36.1,34.6,30.2,28.8,26.5,31.3,29.5,34.2,35.6,33.9,33.9,36.1
,35.0,36.1,34.6,30.2,28.8,26.5,31.3,29.5,34.2,35.6,33.9,33.9,
,35.0,36.1,34.6,30.2,28.8,26.5,31.3,29.5,34.2,35.6,33.9,33.9,
,35.0,36.1,34.6,30.2,28.8,26.5,31.3,29.5,34.2,35.6,33.9,33.9,
,35.0,36.1,34.6,30.2,28.8,26.5,31.3,29.5,34.2,35.6,33.9,33.9,
,35.0,36.1,34.6,30.2,28.8,26.5,31.3,29.5,34.2,35.6,33.9,33.9,
,35.0,36.1,34.6,30.2,28.8,26.5,31.3,29.5,34.2,35.6,33.9,33.9,
,35.0,36.1,34.6,30.2,28.8,26.5,31.3,29.5,34.2,35.6,33.9,33.9,
,35.0,36.1,34.6,30.2,28.8,26.5,31.3,29.5,34.2,35.6,33.9,33.9,
,35.0,36.1,34.6,30.2,28.8,26.5,31.3,29.5,34.2,35.6,33.9,33.9,
,35.0,36.1,34.6,30.2,28.8,26.5,31.3,29.5,34.2,35.6,33.9,33.9,
,35.0,36.1,34.6,30.2,28.8,26.5,31.3,29.5,34.2,35.6,33.9,33.9,
,36.7,36.9,38.1,32.0,31.0,28.3,28.0,29.1,29.9,32.3,34.7,35.8,38.1
,36.7,36.9,38.1,32.0,31.0,28.3,28.0,29.1,29.9,32.3,34.7,35.8,
,36.7,36.9,38.1,32.0,31.0,28.3,28.0,29.1,29.9,32.3,34.7,35.8,
,36.7,36.9,38.1,32.0,31.0,28.3,28.0,29.1,29.9,32.3,34.7,35.8,
,36.7,36.9,38.1,32.0,31.0,28.3,28.0,29.1,29.9,32.3,34.7,35.8,
,36.7,36.9,38.1,32.0,31.0,28.3,28.0,29.1,29.9,32.3,34.7,35.8,
,36.7,36.9,38.1,32.0,31.0,28.3,28.0,29.1,29.9,32.3,34.7,35.8,
,36.7,36.9,38.1,32.0,31.0,28.3,28.0,29.1,29.9,32.3,34.7,35.8,
,36.7,36.9,38.1,32.0,31.0,28.3,28.0,29.1,29.9,32.3,34.7,35.8,
,36.7,36.9,38.1,32.0,31.0,28.3,28.0,29.1,29.9,32.3,34.7,35.8,
,36.7,36.9,38.1,32.0,31.0,28.3,28.0,29.1,29.9,32.3,34.7,35.8,
,36.7,36.9,38.1,32.0,31.0,28.3,28.0,29.1,29.9,32.3,34.7,35.8,
,35.4,36.4,33.1,29.4,25.2,26.7,29.3,30.4,35.8,33.3,34.6,34.6,36.4
,35.4,36.4,33.1,29.4,25.2,26.7,29.3,30.4,35.8,33.3,34.6,34.6,
,35.4,36.4,33.1,29.4,25.2,26.7,29.3,30.4,35.8,33.3,34.6,34.6,
,35.4,36.4,33.1,29.4,25.2,26.7,29.3,30.4,35.8,33.3,34.6,34.6,
,35.4,36.4,33.1,29.4,25.2,26.7,29.3,30.4,35.8,33.3,34.6,34.6,
,35.4,36.4,33.1,29.4,25.2,26.7,29.3,30.4,35.8,33.3,34.6,34.6,
,35.4,36.4,33.1,29.4,25.2,26.7,29.3,30.4,35.8,33.3,34.6,34.6,
,35.4,36.4,33.1,29.4,25.2,26.7,29.3,30.4,35.8,33.3,34.6,34.6,
,35.4,36.4,33.1,29.4,25.2,26.7,29.3,30.4,35.8,33.3,34.6,34.6,
,35.4,36.4,33.1,29.4,25.2,26.7,29.3,30.4,35.8,33.3,34.6,34.6,
,35.4,36.4,33.1,29.4,25.2,26.7,29.3,30.4,35.8,33.3,34.6,34.6,
,35.4,36.4,33.1,29.4,25.2,26.7,29.3,30.4,35.8,33.3,34.6,34.6,
,36.2,35.4,36.2,33.8,28.8,28.8,31.5,28.0,29.9,34.0,32.4,35.5,36.2
,36.2,35.4,36.2,33.8,28.8,28.8,31.5,28.0,29.9,34.0,32.4,35.5,
,36.2,35.4,36.2,33.8,28.8,28.8,31.5,28.0,29.9,34.0,32.4,35.5,
,36.2,35.4,36.2,33.8,28.8,28.8,31.5,28.0,29.9,34.0,32.4,35.5,
,36.2,35.4,36.2,33.8,28.8,28.8,31.5,28.0,29.9,34.0,32.4,35.5,
,36.2,35.4,36.2,33.8,28.8,28.8,31.5,28.0,29.9,34.0,32.4,35.5,
,36.2,35.4,36.2,33.8,28.8,28.8,31.5,28.0,29.9,34.0,32.4,35.5,
,36.2,35.4,36.2,33.8,28.8,28.8,31.5,28.0,29.9,34.0,32.4,35.5,
,36.2,35.4,36.2,33.8,28.8,28.8,31.5,28.0,29.9,34.0,32.4,35.5,
,36.2,35.4,36.2,33.8,28.8,28.8,31.5,28.0,29.9,34.0,32.4,35.5,
,36.2,35.4,36.2,33.8,28.8,28.8,31.5,28.0,29.9,34.0,32.4,35.5,
,36.2,35.4,36.2,33.8,28.8,28.8,31.5,28.0,29.9,34.0,32.4,35.5,
,35.1,35.5,34.6,32.6,32.6,27.8,28.8,31.3,33.4,32.8,33.6,34.6,35.5
,35.1,35.5,34.6,32.6,32.6,27.8,28.8,31.3,33.4,32.8,33.6,34.6,
,35.1,35.5,34.6,32.6,32.6,27.8,28.8,31.3,33.4,32.8,33.6,34.6,
,35.1,35.5,34.6,32.6,32.6,27.8,28.8,31.3,33.4,32.8,33.6,34.6,
,35.1,35.5,34.6,32.6,32.6,27.8,28.8,31.3,33.4,32.8,33.6,34.6,
,35.1,35.5,34.6,32.6,32.6,27.8,28.8,31.3,33.4,32.8,33.6,34.6,
,35.1,35.5,34.6,32.6,32.6,27.8,28.8,31.3,33.4,32.8,33.6,34.6,
,35.1,35.5,34.6,32.6,32.6,27.8,28.8,31.3,33.4,32.8,33.6,34.6,
,35.1,35.5,34.6,32.6,32.6,27.8,28.8,31.3,33.4,32.8,33.6,34.6,
,35.1,35.5,34.6,32.6,32.6,27.8,28.8,31.3,33.4,32.8,33.6,34.6,
,35.1,35.5,34.6,32.6,32.6,27.8,28.8,31.3,33.4,32.8,33.6,34.6,
,35.1,35.5,34.6,32.6,32.6,27.8,28.8,31.3,33.4,32.8,33.6,34.6,
,35.4,34.7,31.7,30.9,31.9,27.5,29.2,34.0,33.8,34.0,33.2,35.7,35.7
,35.4,34.7,31.7,30.9,31.9,27.5,29.2,34.0,33.8,34.0,33.2,35.7,
,35.4,34.7,31.7,30.9,31.9,27.5,29.2,34.0,33.8,34.0,33.2,35.7,
,35.4,34.7,31.7,30.9,31.9,27.5,29.2,34.0,33.8,34.0,33.2,35.7,
,35.4,34.7,31.7,30.9,31.9,27.5,29.2,34.0,33.8,34.0,33.2,35.7,
,35.4,34.7,31.7,30.9,31.9,27.5,29.2,34.0,33.8,34.0,33.2,35.7,
,35.4,34.7,31.7,30.9,31.9,27.5,29.2,34.0,33.8,34.0,33.2,35.7,
,35.4,34.7,31.7,30.9,31.9,27.5,29.2,34.0,33.8,34.0,33.2,35.7,
,35.4,34.7,31.7,30.9,31.9,27.5,29.2,34.0,33.8,34.0,33.2,35.7,
,35.4,34.7,31.7,30.9,31.9,27.5,29.2,34.0,33.8,34.0,33.2,35.7,
,35.4,34.7,31.7,30.9,31.9,27.5,29.2,34.0,33.8,34.0,33.2,35.7,
,35.4,34.7,31.7,30.9,31.9,27.5,29.2,34.0,33.8,34.0,33.2,35.7,
,35.6,33.8,33.9,29.7,28.8,30.6,28.5,32.1,32.1,32.9,35.0,37.2,37.2
,35.6,33.8,33.9,29.7,28.8,30.6,28.5,32.1,32.1,32.9,35.0,37.2,
,35.6,33.8,33.9,29.7,28.8,30.6,28.5,32.1,32.1,32.9,35.0,37.2,
,35.6,33.8,33.9,29.7,28.8,30.6,28.5,32.1,32.1,32.9,35.0,37.2,
,35.6,33.8,33.9,29.7,28.8,30.6,28.5,32.1,32.1,32.9,35.0,37.2,
,35.6,33.8,33.9,29.7,28.8,30.6,28.5,32.1,32.1,32.9,35.0,37.2,
,35.6,33.8,33.9,29.7,28.8,30.6,28.5,32.1,32.1,32.9,35.0,37.2,
,35.6,33.8,33.9,29.7,28.8,30.6,28.5,32.1,32.1,32.9,35.0,37.2,
,35.6,33.8,33.9,29.7,28.8,30.6,28.5,32.1,32.1,32.9,35.0,37.2,
,35.6,33.8,33.9,29.7,28.8,30.6,28.5,32.1,32.1,32.9,35.0,37.2,
,35.6,33.8,33.9,29.7,28.8,30.6,28.5,32.1,32.1,32.9,35.0,37.2,
,35.6,33.8,33.9,29.7,28.8,30.6,28.5,32.1,32.1,32.9,35.0,37.2,
,37.3,37.9,32.9,30.7,31.6,30.4,30.2,24.4,26.1,36.0,34.7,35.8,37.9
,37.3,37.9,32.9,30.7,31.6,30.4,30.2,24.4,26.1,36.0,34.7,35.8,
,37.3,37.9,32.9,30.7,31.6,30.4,30.2,24.4,26.1,36.0,34.7,35.8,
,37.3,37.9,32.9,30.7,31.6,30.4,30.2,24.4,26.1,36.0,34.7,35.8,
,37.3,37.9,32.9,30.7,31.6,30.4,30.2,24.4,26.1,36.0,34.7,35.8,
,37.3,37.9,32.9,30.7,31.6,30.4,30.2,24.4,26.1,36.0,34.7,35.8,
,37.3,37.9,32.9,30.7,31.6,30.4,30.2,24.4,26.1,36.0,34.7,35.8,
,37.3,37.9,32.9,30.7,31.6,30.4,30.2,24.4,26.1,36.0,34.7,35.8,
,37.3,37.9,32.9,30.7,31.6,30.4,30.2,24.4,26.1,36.0,34.7,35.8,
,37.3,37.9,32.9,30.7,31.6,30.4,30.2,24.4,26.1,36.0,34.7,35.8,
,37.3,37.9,32.9,30.7,31.6,30.4,30.2,24.4,26.1,36.0,34.7,35.8,
,37.3,37.9,32.9,30.7,31.6,30.4,30.2,24.4,26.1,36.0,34.7,35.8,
,36.3,34.7,33.3,32.7,31.8,26.8,29.7,30.7,29.6,36.5,39.8,34.7,39.8
,36.3,34.7,33.3,32.7,31.8,26.8,29.7,30.7,29.6,36.5,39.8,34.7,
,36.3,34.7,33.3,32.7,31.8,26.8,29.7,30.7,29.6,36.5,39.8,34.7,
,36.3,34.7,33.3,32.7,31.8,26.8,29.7,30.7,29.6,36.5,39.8,34.7,
,36.3,34.7,33.3,32.7,31.8,26.8,29.7,30.7,29.6,36.5,39.8,34.7,
,36.3,34.7,33.3,32.7,31.8,26.8,29.7,30.7,29.6,36.5,39.8,34.7,
,36.3,34.7,33.3,32.7,31.8,26.8,29.7,30.7,29.6,36.5,39.8,34.7,
,36.3,34.7,33.3,32.7,31.8,26.8,29.7,30.7,29.6,36.5,39.8,34.7,
,36.3,34.7,33.3,32.7,31.8,26.8,29.7,30.7,29.6,36.5,39.8,34.7,
,36.3,34.7,33.3,32.7,31.8,26.8,29.7,30.7,29.6,36.5,39.8,34.7,
,36.3,34.7,33.3,32.7,31.8,26.8,29.7,30.7,29.6,36.5,39.8,34.7,
,36.3,34.7,33.3,32.7,31.8,26.8,29.7,30.7,29.6,36.5,39.8,34.7,
,38.9,36.0,34.8,30.8,30.3,29.9,26.6,30.5,32.6,32.8,36.8,34.7,38.9
,38.9,36.0,34.8,30.8,30.3,29.9,26.6,30.5,32.6,32.8,36.8,34.7,
,38.9,36.0,34.8,30.8,30.3,29.9,26.6,30.5,32.6,32.8,36.8,34.7,
,38.9,36.0,34.8,30.8,30.3,29.9,26.6,30.5,32.6,32.8,36.8,34.7,
,38.9,36.0,34.8,30.8,30.3,29.9,26.6,30.5,32.6,32.8,36.8,34.7,
,38.9,36.0,34.8,30.8,30.3,29.9,26.6,30.5,32.6,32.8,36.8,34.7,
,38.9,36.0,34.8,30.8,30.3,29.9,26.6,30.5,32.6,32.8,36.8,34.7,
,38.9,36.0,34.8,30.8,30.3,29.9,26.6,30.5,32.6,32.8,36.8,34.7,
,38.9,36.0,34.8,30.8,30.3,29.9,26.6,30.5,32.6,32.8,36.8,34.7,
,38.9,36.0,34.8,30.8,30.3,29.9,26.6,30.5,32.6,32.8,36.8,34.7,
,38.9,36.0,34.8,30.8,30.3,29.9,26.6,30.5,32.6,32.8,36.8,34.7,
,38.9,36.0,34.8,30.8,30.3,29.9,26.6,30.5,32.6,32.8,36.8,34.7,
,34.3,36.7,35.9,32.0,27.4,27.1,32.9,25.0,28.3,29.9,34.0,37.3,37.3
,34.3,36.7,35.9,32.0,27.4,27.1,32.9,25.0,28.3,29.9,34.0,37.3,
,34.3,36.7,35.9,32.0,27.4,27.1,32.9,25.0,28.3,29.9,34.0,37.3,
,34.3,36.7,35.9,32.0,27.4,27.1,32.9,25.0,28.3,29.9,34.0,37.3,
,34.3,36.7,35.9,32.0,27.4,27.1,32.9,25.0,28.3,29.9,34.0,37.3,
,34.3,36.7,35.9,32.0,27.4,27.1,32.9,25.0,28.3,29.9,34.0,37.3,
,34.3,36.7,35.9,32.0,27.4,27.1,32.9,25.0,28.3,29.9,34.0,37.3,
,34.3,36.7,35.9,32.0,27.4,27.1,32.9,25.0,28.3,29.9,34.0,37.3,
,34.3,36.7,35.9,32.0,27.4,27.1,32.9,25.0,28.3,29.9,34.0,37.3,
,34.3,36.7,35.9,32.0,27.4,27.1,32.9,25.0,28.3,29.9,34.0,37.3,
,34.3,36.7,35.9,32.0,27.4,27.1,32.9,25.0,28.3,29.9,34.0,37.3,
,34.3,36.7,35.9,32.0,27.4,27.1,32.9,25.0,28.3,29.9,34.0,37.3,
,36.4,33.2,37.9,31.4,23.3,29.8,29.7,33.5,27.1,34.8,33.3,35.6,37.9
,36.4,33.2,37.9,31.4,23.3,29.8,29.7,33.5,27.1,34.8,33.3,35.6,
,36.4,33.2,37.9,31.4,23.3,29.8,29.7,33.5,27.1,34.8,33.3,35.6,
,36.4,33.2,37.9,31.4,23.3,29.8,29.7,33.5,27.1,34.8,33.3,35.6,
,36.4,33.2,37.9,31.4,23.3,29.8,29.7,33.5,27.1,34.8,33.3,35.6,
,36.4,33.2,37.9,31.4,23.3,29.8,29.7,33.5,27.1,34.8,33.3,35.6,
,36.4,33.2,37.9,31.4,23.3,29.8,29.7,33.5,27.1,34.8,33.3,35.6,
,36.4,33.2,37.9,31.4,23.3,29.8,29.7,33.5,27.1,34.8,33.3,35.6,
,36.4,33.2,37.9,31.4,23.3,29.8,29.7,33.5,27.1,34.8,33.3,35.6,
,36.4,33.2,37.9,31.4,23.3,29.8,29.7,33.5,27.1,34.8,33.3,35.6,
,36.4,33.2,37.9,31.4,23.3,29.8,29.7,33.5,27.1,34.8,33.3,35.6,
,36.4,33.2,37.9,31.4,23.3,29.8,29.7,33.5,27.1,34.8,33.3,35.6,
,36.1,34.5,34.5,34.5,28.6,24.2,25.6,30.8,27.1,32.0,33.6,35.2,36.1
,36.1,34.5,34.5,34.5,28.6,24.2,25.6,30.8,27.1,32.0,33.6,35.2,
,36.1,34.5,34.5,34.5,28.6,24.2,25.6,30.8,27.1,32.0,33.6,35.2,
,36.1,34.5,34.5,34.5,28.6,24.2,25.6,30.8,27.1,32.0,33.6,35.2,
,36.1,34.5,34.5,34.5,28.6,24.2,25.6,30.8,27.1,32.0,33.6,35.2,
,36.1,34.5,34.5,34.5,28.6,24.2,25.6,30.8,27.1,32.0,33.6,35.2,
,36.1,34.5,34.5,34.5,28.6,24.2,25.6,30.8,27.1,32.0,33.6,35.2,
,36.1,34.5,34.5,34.5,28.6,24.2,25.6,30.8,27.1,32.0,33.6,35.2,
,36.1,34.5,34.5,34.5,28.6,24.2,25.6,30.8,27.1,32.0,33.6,35.2,
,36.1,34.5,34.5,34.5,28.6,24.2,25.6,30.8,27.1,32.0,33.6,35.2,
,36.1,34.5,34.5,34.5,28.6,24.2,25.6,30.8,27.1,32.0,33.6,35.2,
,36.1,34.5,34.5,34.5,28.6,24.2,25.6,30.8,27.1,32.0,33.6,35.2,
,38.1,36.4,34.6,31.8,27.2,23.5,24.3,30.5,26.2,32.9,38.6,35.6,38.6
,38.1,36.4,34.6,31.8,27.2,23.5,24.3,30.5,26.2,32.9,38.6,35.6,
,38.1,36.4,34.6,31.8,27.2,23.5,24.3,30.5,26.2,32.9,38.6,35.6,
,38.1,36.4,34.6,31.8,27.2,23.5,24.3,30.5,26.2,32.9,38.6,35.6,
,38.1,36.4,34.6,31.8,27.2,23.5,24.3,30.5,26.2,32.9,38.6,35.6,
,38.1,36.4,34.6,31.8,27.2,23.5,24.3,30.5,26.2,32.9,38.6,35.6,
,38.1,36.4,34.6,31.8,27.2,23.5,24.3,30.5,26.2,32.9,38.6,35.6,
,38.1,36.4,34.6,31.8,27.2,23.5,24.3,30.5,26.2,32.9,38.6,35.6,
,38.1,36.4,34.6,31.8,27.2,23.5,24.3,30.5,26.2,32.9,38.6,35.6,
,38.1,36.4,34.6,31.8,27.2,23.5,24.3,30.5,26.2,32.9,38.6,35.6,
,38.1,36.4,34.6,31.8,27.2,23.5,24.3,30.5,26.2,32.9,38.6,35.6,
,38.1,36.4,34.6,31.8,27.2,23.5,24.3,30.5,26.2,32.9,38.6,35.6,
,37.8,36.5,37.6,33.7,32.7,30.0,30.8,29.4,32.6,38.2,36.8,36.4,38.2
,37.8,36.5,37.6,33.7,32.7,30.0,30.8,29.4,32.6,38.2,36.8,36.4,
,37.8,36.5,37.6,33.7,32.7,30.0,30.8,29.4,32.6,38.2,36.8,36.4,
,37.8,36.5,37.6,33.7,32.7,30.0,30.8,29.4,32.6,38.2,36.8,36.4,
,37.8,36.5,37.6,33.7,32.7,30.0,30.8,29.4,32.6,38.2,36.8,36.4,
,37.8,36.5,37.6,33.7,32.7,30.0,30.8,29.4,32.6,38.2,36.8,36.4,
,37.8,36.5,37.6,33.7,32.7,30.0,30.8,29.4,32.6,38.2,36.8,36.4,
,37.8,36.5,37.6,33.7,32.7,30.0,30.8,29.4,32.6,38.2,36.8,36.4,
,37.8,36.5,37.6,33.7,32.7,30.0,30.8,29.4,32.6,38.2,36.8,36.4,
,37.8,36.5,37.6,33.7,32.7,30.0,30.8,29.4,32.6,38.2,36.8,36.4,
,37.8,36.5,37.6,33.7,32.7,30.0,30.8,29.4,32.6,38.2,36.8,36.4,
,37.8,36.5,37.6,33.7,32.7,30.0,30.8,29.4,32.6,38.2,36.8,36.4,
,35.1,37.2,34.5,32.9,28.7,30.9,28.1,30.8,30.3,35.7,33.8,38.4,38.4
,35.1,37.2,34.5,32.9,28.7,30.9,28.1,30.8,30.3,35.7,33.8,38.4,
,35.1,37.2,34.5,32.9,28.7,30.9,28.1,30.8,30.3,35.7,33.8,38.4,
,35.1,37.2,34.5,32.9,28.7,30.9,28.1,30.8,30.3,35.7,33.8,38.4,
,35.1,37.2,34.5,32.9,28.7,30.9,28.1,30.8,30.3,35.7,33.8,38.4,
,35.1,37.2,34.5,32.9,28.7,30.9,28.1,30.8,30.3,35.7,33.8,38.4,
,35.1,37.2,34.5,32.9,28.7,30.9,28.1,30.8,30.3,35.7,33.8,38.4,
,35.1,37.2,34.5,32.9,28.7,30.9,28.1,30.8,30.3,35.7,33.8,38.4,
,35.1,37.2,34.5,32.9,28.7,30.9,28.1,30.8,30.3,35.7,33.8,38.4,
,35.1,37.2,34.5,32.9,28.7,30.9,28.1,30.8,30.3,35.7,33.8,38.4,
,35.1,37.2,34.5,32.9,28.7,30.9,28.1,30.8,30.3,35.7,33.8,38.4,
,35.1,37.2,34.5,32.9,28.7,30.9,28.1,30.8,30.3,35.7,33.8,38.4,
,37.2,33.5,33.2,33.8,30.9,26.5,30.5,31.0,25.3,36.5,34.7,36.5,37.2
,37.2,33.5,33.2,33.8,30.9,26.5,30.5,31.0,25.3,36.5,34.7,36.5,
,37.2,33.5,33.2,33.8,30.9,26.5,30.5,31.0,25.3,36.5,34.7,36.5,
,37.2,33.5,33.2,33.8,30.9,26.5,30.5,31.0,25.3,36.5,34.7,36.5,
,37.2,33.5,33.2,33.8,30.9,26.5,30.5,31.0,25.3,36.5,34.7,36.5,
,37.2,33.5,33.2,33.8,30.9,26.5,30.5,31.0,25.3,36.5,34.7,36.5,
,37.2,33.5,33.2,33.8,30.9,26.5,30.5,31.0,25.3,36.5,34.7,36.5,
,37.2,33.5,33.2,33.8,30.9,26.5,30.5,31.0,25.3,36.5,34.7,36.5,
,37.2,33.5,33.2,33.8,30.9,26.5,30.5,31.0,25.3,36.5,34.7,36.5,
,37.2,33.5,33.2,33.8,30.9,26.5,30.5,31.0,25.3,36.5,34.7,36.5,
,37.2,33.5,33.2,33.8,30.9,26.5,30.5,31.0,25.3,36.5,34.7,36.5,
,37.2,33.5,33.2,33.8,30.9,26.5,30.5,31.0,25.3,36.5,34.7,36.5,
,34.9,35.4,33.5,33.6,31.5,30.0,30.5,31.5,38.0,33.2,33.0,39.5,39.5
,34.9,35.4,33.5,33.6,31.5,30.0,30.5,31.5,38.0,33.2,33.0,39.5,
,34.9,35.4,33.5,33.6,31.5,30.0,30.5,31.5,38.0,33.2,33.0,39.5,
,34.9,35.4,33.5,33.6,31.5,30.0,30.5,31.5,38.0,33.2,33.0,39.5,
,34.9,35.4,33.5,33.6,31.5,30.0,30.5,31.5,38.0,33.2,33.0,39.5,
,34.9,35.4,33.5,33.6,31.5,30.0,30.5,31.5,38.0,33.2,33.0,39.5,
,34.9,35.4,33.5,33.6,31.5,30.0,30.5,31.5,38.0,33.2,33.0,39.5,
,34.9,35.4,33.5,33.6,31.5,30.0,30.5,31.5,38.0,33.2,33.0,39.5,
,34.9,35.4,33.5,33.6,31.5,30.0,30.5,31.5,38.0,33.2,33.0,39.5,
,34.9,35.4,33.5,33.6,31.5,30.0,30.5,31.5,38.0,33.2,33.0,39.5,
,34.9,35.4,33.5,33.6,31.5,30.0,30.5,31.5,38.0,33.2,33.0,39.5,
,34.9,35.4,33.5,33.6,31.5,30.0,30.5,31.5,38.0,33.2,33.0,39.5,
,36.2,34.6,33.6,34.6,27.9,30.2,30.7,33.3,33.0,34.4,36.3,39.0,39.0
,36.2,34.6,33.6,34.6,27.9,30.2,30.7,33.3,33.0,34.4,36.3,39.0,
,36.2,34.6,33.6,34.6,27.9,30.2,30.7,33.3,33.0,34.4,36.3,39.0,
,36.2,34.6,33.6,34.6,27.9,30.2,30.7,33.3,33.0,34.4,36.3,39.0,
,36.2,34.6,33.6,34.6,27.9,30.2,30.7,33.3,33.0,34.4,36.3,39.0,
,36.2,34.6,33.6,34.6,27.9,30.2,30.7,33.3,33.0,34.4,36.3,39.0,
,36.2,34.6,33.6,34.6,27.9,30.2,30.7,33.3,33.0,34.4,36.3,39.0,
,36.2,34.6,33.6,34.6,27.9,30.2,30.7,33.3,33.0,34.4,36.3,39.0,
,36.2,34.6,33.6,34.6,27.9,30.2,30.7,33.3,33.0,34.4,36.3,39.0,
,36.2,34.6,33.6,34.6,27.9,30.2,30.7,33.3,33.0,34.4,36.3,39.0,
,36.2,34.6,33.6,34.6,27.9,30.2,30.7,33.3,33.0,34.4,36.3,39.0,
,36.2,34.6,33.6,34.6,27.9,30.2,30.7,33.3,33.0,34.4,36.3,39.0,
,36.6,34.8,31.9,35.2,28.8,29.0,23.5,33.6,31.0,33.0,35.0,36.1,36.6
,36.6,34.8,31.9,35.2,28.8,29.0,23.5,33.6,31.0,33.0,35.0,36.1,
,36.6,34.8,31.9,35.2,28.8,29.0,23.5,33.6,31.0,33.0,35.0,36.1,
,36.6,34.8,31.9,35.2,28.8,29.0,23.5,33.6,31.0,33.0,35.0,36.1,
,36.6,34.8,31.9,35.2,28.8,29.0,23.5,33.6,31.0,33.0,35.0,36.1,
,36.6,34.8,31.9,35.2,28.8,29.0,23.5,33.6,31.0,33.0,35.0,36.1,
,36.6,34.8,31.9,35.2,28.8,29.0,23.5,33.6,31.0,33.0,35.0,36.1,
,36.6,34.8,31.9,35.2,28.8,29.0,23.5,33.6,31.0,33.0,35.0,36.1,
,36.6,34.8,31.9,35.2,28.8,29.0,23.5,33.6,31.0,33.0,35.0,36.1,
,36.6,34.8,31.9,35.2,28.8,29.0,23.5,33.6,31.0,33.0,35.0,36.1,
,36.6,34.8,31.9,35.2,28.8,29.0,23.5,33.6,31.0,33.0,35.0,36.1,
,36.6,34.8,31.9,35.2,28.8,29.0,23.5,33.6,31.0,33.0,35.0,36.1,
,37.2,35.2,33.6,32.8,28.8,30.4,29.4,33.3,28.0,33.9,32.2,36.0,37.2
,37.2,35.2,33.6,32.8,28.8,30.4,29.4,33.3,28.0,33.9,32.2,36.0,
,37.2,35.2,33.6,32.8,28.8,30.4,29.4,33.3,28.0,33.9,32.2,36.0,
,37.2,35.2,33.6,32.8,28.8,30.4,29.4,33.3,28.0,33.9,32.2,36.0,
,37.2,35.2,33.6,32.8,28.8,30.4,29.4,33.3,28.0,33.9,32.2,36.0,
,37.2,35.2,33.6,32.8,28.8,30.4,29.4,33.3,28.0,33.9,32.2,36.0,
,37.2,35.2,33.6,32.8,28.8,30.4,29.4,33.3,28.0,33.9,32.2,36.0,
,37.2,35.2,33.6,32.8,28.8,30.4,29.4,33.3,28.0,33.9,32.2,36.0,
,37.2,35.2,33.6,32.8,28.8,30.4,29.4,33.3,28.0,33.9,32.2,36.0,
,37.2,35.2,33.6,32.8,28.8,30.4,29.4,33.3,28.0,33.9,32.2,36.0,
,37.2,35.2,33.6,32.8,28.8,30.4,29.4,33.3,28.0,33.9,32.2,36.0,
,37.2,35.2,33.6,32.8,28.8,30.4,29.4,33.3,28.0,33.9,32.2,36.0,
,37.6,31.8,35.3,29.3,29.2,26.0,26.6,25.2,29.0,34.0,34.8,34.7,37.6
,37.6,31.8,35.3,29.3,29.2,26.0,26.6,25.2,29.0,34.0,34.8,34.7,
,37.6,31.8,35.3,29.3,29.2,26.0,26.6,25.2,29.0,34.0,34.8,34.7,
,37.6,31.8,35.3,29.3,29.2,26.0,26.6,25.2,29.0,34.0,34.8,34.7,
,37.6,31.8,35.3,29.3,29.2,26.0,26.6,25.2,29.0,34.0,34.8,34.7,
,37.6,31.8,35.3,29.3,29.2,26.0,26.6,25.2,29.0,34.0,34.8,34.7,
,37.6,31.8,35.3,29.3,29.2,26.0,26.6,25.2,29.0,34.0,34.8,34.7,
,37.6,31.8,35.3,29.3,29.2,26.0,26.6,25.2,29.0,34.0,34.8,34.7,
,37.6,31.8,35.3,29.3,29.2,26.0,26.6,25.2,29.0,34.0,34.8,34.7,
,37.6,31.8,35.3,29.3,29.2,26.0,26.6,25.2,29.0,34.0,34.8,34.7,
,37.6,31.8,35.3,29.3,29.2,26.0,26.6,25.2,29.0,34.0,34.8,34.7,
,37.6,31.8,35.3,29.3,29.2,26.0,26.6,25.2,29.0,34.0,34.8,34.7,
,36.4,34.8,36.7,32.5,29.6,25.6,25.5,29.7,34.0,29.6,30.8,38.4,38.4
,36.4,34.8,36.7,32.5,29.6,25.6,25.5,29.7,34.0,29.6,30.8,38.4,
,36.4,34.8,36.7,32.5,29.6,25.6,25.5,29.7,34.0,29.6,30.8,38.4,
,36.4,34.8,36.7,32.5,29.6,25.6,25.5,29.7,34.0,29.6,30.8,38.4,
,36.4,34.8,36.7,32.5,29.6,25.6,25.5,29.7,34.0,29.6,30.8,38.4,
,36.4,34.8,36.7,32.5,29.6,25.6,25.5,29.7,34.0,29.6,30.8,38.4,
,36.4,34.8,36.7,32.5,29.6,25.6,25.5,29.7,34.0,29.6,30.8,38.4,
,36.4,34.8,36.7,32.5,29.6,25.6,25.5,29.7,34.0,29.6,30.8,38.4,
,36.4,34.8,36.7,32.5,29.6,25.6,25.5,29.7,34.0,29.6,30.8,38.4,
,36.4,34.8,36.7,32.5,29.6,25.6,25.5,29.7,34.0,29.6,30.8,38.4,
,36.4,34.8,36.7,32.5,29.6,25.6,25.5,29.7,34.0,29.6,30.8,38.4,
,36.4,34.8,36.7,32.5,29.6,25.6,25.5,29.7,34.0,29.6,30.8,38.4,
,35.8,36.8,33.4,33.2,30.4,30.8,28.6,29.4,30.2,31.8,35.8,35.6,36.8
,35.8,36.8,33.4,33.2,30.4,30.8,28.6,29.4,30.2,31.8,35.8,35.6,
,35.8,36.8,33.4,33.2,30.4,30.8,28.6,29.4,30.2,31.8,35.8,35.6,
,35.8,36.8,33.4,33.2,30.4,30.8,28.6,29.4,30.2,31.8,35.8,35.6,
,35.8,36.8,33.4,33.2,30.4,30.8,28.6,29.4,30.2,31.8,35.8,35.6,
,35.8,36.8,33.4,33.2,30.4,30.8,28.6,29.4,30.2,31.8,35.8,35.6,
,35.8,36.8,33.4,33.2,30.4,30.8,28.6,29.4,30.2,31.8,35.8,35.6,
,35.8,36.8,33.4,33.2,30.4,30.8,28.6,29.4,30.2,31.8,35.8,35.6,
,35.8,36.8,33.4,33.2,30.4,30.8,28.6,29.4,30.2,31.8,35.8,35.6,
,35.8,36.8,33.4,33.2,30.4,30.8,28.6,29.4,30.2,31.8,35.8,35.6,
,35.8,36.8,33.4,33.2,30.4,30.8,28.6,29.4,30.2,31.8,35.8,35.6,
,35.8,36.8,33.4,33.2,30.4,30.8,28.6,29.4,30.2,31.8,35.8,35.6,
,35.5,34.6,34.8,31.0,30.6,30.0,30.4,31.0,28.9,35.6,35.0,35.6,35.6
,35.5,34.6,34.8,31.0,30.6,30.0,30.4,31.0,28.9,35.6,35.0,35.6,
,35.5,34.6,34.8,31.0,30.6,30.0,30.4,31.0,28.9,35.6,35.0,35.6,
,35.5,34.6,34.8,31.0,30.6,30.0,30.4,31.0,28.9,35.6,35.0,35.6,
,35.5,34.6,34.8,31.0,30.6,30.0,30.4,31.0,28.9,35.6,35.0,35.6,
,35.5,34.6,34.8,31.0,30.6,30.0,30.4,31.0,28.9,35.6,35.0,35.6,
,35.5,34.6,34.8,31.0,30.6,30.0,30.4,31.0,28.9,35.6,35.0,35.6,
,35.5,34.6,34.8,31.0,30.6,30.0,30.4,31.0,28.9,35.6,35.0,35.6,
,35.5,34.6,34.8,31.0,30.6,30.0,30.4,31.0,28.9,35.6,35.0,35.6,
,35.5,34.6,34.8,31.0,30.6,30.0,30.4,31.0,28.9,35.6,35.0,35.6,
,35.5,34.6,34.8,31.0,30.6,30.0,30.4,31.0,28.9,35.6,35.0,35.6,
,35.5,34.6,34.8,31.0,30.6,30.0,30.4,31.0,28.9,35.6,35.0,35.6,
,36.0,35.6,38.0,31.6,32.0,30.3,29.1,33.4,31.2,32.9,35.0,34.6,38.0
,36.0,35.6,38.0,31.6,32.0,30.3,29.1,33.4,31.2,32.9,35.0,34.6,
,36.0,35.6,38.0,31.6,32.0,30.3,29.1,33.4,31.2,32.9,35.0,34.6,
,36.0,35.6,38.0,31.6,32.0,30.3,29.1,33.4,31.2,32.9,35.0,34.6,
,36.0,35.6,38.0,31.6,32.0,30.3,29.1,33.4,31.2,32.9,35.0,34.6,
,36.0,35.6,38.0,31.6,32.0,30.3,29.1,33.4,31.2,32.9,35.0,34.6,
,36.0,35.6,38.0,31.6,32.0,30.3,29.1,33.4,31.2,32.9,35.0,34.6,
,36.0,35.6,38.0,31.6,32.0,30.3,29.1,33.4,31.2,32.9,35.0,34.6,
,36.0,35.6,38.0,31.6,32.0,30.3,29.1,33.4,31.2,32.9,35.0,34.6,
,36.0,35.6,38.0,31.6,32.0,30.3,29.1,33.4,31.2,32.9,35.0,34.6,
,36.0,35.6,38.0,31.6,32.0,30.3,29.1,33.4,31.2,32.9,35.0,34.6,
,36.0,35.6,38.0,31.6,32.0,30.3,29.1,33.4,31.2,32.9,35.0,34.6,
,36.4,37.8,34.8,31.4,31.0,27.8,30.7,32.3,34.4,35.3,35.5,32.4,37.8
,36.4,37.8,34.8,31.4,31.0,27.8,30.7,32.3,34.4,35.3,35.5,32.4,
,36.4,37.8,34.8,31.4,31.0,27.8,30.7,32.3,34.4,35.3,35.5,32.4,
,36.4,37.8,34.8,31.4,31.0,27.8,30.7,32.3,34.4,35.3,35.5,32.4,
,36.4,37.8,34.8,31.4,31.0,27.8,30.7,32.3,34.4,35.3,35.5,32.4,
,36.4,37.8,34.8,31.4,31.0,27.8,30.7,32.3,34.4,35.3,35.5,32.4,
,36.4,37.8,34.8,31.4,31.0,27.8,30.7,32.3,34.4,35.3,35.5,32.4,
,36.4,37.8,34.8,31.4,31.0,27.8,30.7,32.3,34.4,35.3,35.5,32.4,
,36.4,37.8,34.8,31.4,31.0,27.8,30.7,32.3,34.4,35.3,35.5,32.4,
,36.4,37.8,34.8,31.4,31.0,27.8,30.7,32.3,34.4,35.3,35.5,32.4,
,36.4,37.8,34.8,31.4,31.0,27.8,30.7,32.3,34.4,35.3,35.5,32.4,
,36.4,37.8,34.8,31.4,31.0,27.8,30.7,32.3,34.4,35.3,35.5,32.4,
,35.0,32.9,34.7,35.0,26.5,29.6,29.2,31.1,36.6,31.9,33.8,35.4,36.6
,35.0,32.9,34.7,35.0,26.5,29.6,29.2,31.1,36.6,31.9,33.8,35.4,
,35.0,32.9,34.7,35.0,26.5,29.6,29.2,31.1,36.6,31.9,33.8,35.4,
,35.0,32.9,34.7,35.0,26.5,29.6,29.2,31.1,36.6,31.9,33.8,35.4,
,35.0,32.9,34.7,35.0,26.5,29.6,29.2,31.1,36.6,31.9,33.8,35.4,
,35.0,32.9,34.7,35.0,26.5,29.6,29.2,31.1,36.6,31.9,33.8,35.4,
,35.0,32.9,34.7,35.0,26.5,29.6,29.2,31.1,36.6,31.9,33.8,35.4,
,35.0,32.9,34.7,35.0,26.5,29.6,29.2,31.1,36.6,31.9,33.8,35.4,
,35.0,32.9,34.7,35.0,26.5,29.6,29.2,31.1,36.6,31.9,33.8,35.4,
,35.0,32.9,34.7,35.0,26.5,29.6,29.2,31.1,36.6,31.9,33.8,35.4,
,35.0,32.9,34.7,35.0,26.5,29.6,29.2,31.1,36.6,31.9,33.8,35.4,
,35.0,32.9,34.7,35.0,26.5,29.6,29.2,31.1,36.6,31.9,33.8,35.4,
,39.2,34.4,37.8,35.6,31.1,29.4,32.2,31.0,27.8,32.7,36.9,35.3,39.2
,39.2,34.4,37.8,35.6,31.1,29.4,32.2,31.0,27.8,32.7,36.9,35.3,
,39.2,34.4,37.8,35.6,31.1,29.4,32.2,31.0,27.8,32.7,36.9,35.3,
,39.2,34.4,37.8,35.6,31.1,29.4,32.2,31.0,27.8,32.7,36.9,35.3,
,39.2,34.4,37.8,35.6,31.1,29.4,32.2,31.0,27.8,32.7,36.9,35.3,
,39.2,34.4,37.8,35.6,31.1,29.4,32.2,31.0,27.8,32.7,36.9,35.3,
,39.2,34.4,37.8,35.6,31.1,29.4,32.2,31.0,27.8,32.7,36.9,35.3,
,39.2,34.4,37.8,35.6,31.1,29.4,32.2,31.0,27.8,32.7,36.9,35.3,
,39.2,34.4,37.8,35.6,31.1,29.4,32.2,31.0,27.8,32.7,36.9,35.3,
,39.2,34.4,37.8,35.6,31.1,29.4,32.2,31.0,27.8,32.7,36.9,35.3,
,39.2,34.4,37.8,35.6,31.1,29.4,32.2,31.0,27.8,32.7,36.9,35.3,
,39.2,34.4,37.8,35.6,31.1,29.4,32.2,31.0,27.8,32.7,36.9,35.3,
,38.2,35.2,37.0,31.3,25.7,31.6,32.0,32.3,32.2,35.0,36.4,37.6,38.2
,38.2,35.2,37.0,31.3,25.7,31.6,32.0,32.3,32.2,35.0,36.4,37.6,
,38.2,35.2,37.0,31.3,25.7,31.6,32.0,32.3,32.2,35.0,36.4,37.6,
,38.2,35.2,37.0,31.3,25.7,31.6,32.0,32.3,32.2,35.0,36.4,37.6,
,38.2,35.2,37.0,31.3,25.7,31.6,32.0,32.3,32.2,35.0,36.4,37.6,
,38.2,35.2,37.0,31.3,25.7,31.6,32.0,32.3,32.2,35.0,36.4,37.6,
,38.2,35.2,37.0,31.3,25.7,31.6,32.0,32.3,32.2,35.0,36.4,37.6,
,38.2,35.2,37.0,31.3,25.7,31.6,32.0,32.3,32.2,35.0,36.4,37.6,
,38.2,35.2,37.0,31.3,25.7,31.6,32.0,32.3,32.2,35.0,36.4,37.6,
,38.2,35.2,37.0,31.3,25.7,31.6,32.0,32.3,32.2,35.0,36.4,37.6,
,38.2,35.2,37.0,31.3,25.7,31.6,32.0,32.3,32.2,35.0,36.4,37.6,
,38.2,35.2,37.0,31.3,25.7,31.6,32.0,32.3,32.2,35.0,36.4,37.6,
,36.4,36.6,35.4,33.0,29.6,29.5,28.8,32.4,33.8,32.0,35.0,35.4,36.6
,36.4,36.6,35.4,33.0,29.6,29.5,28.8,32.4,33.8,32.0,35.0,35.4,
,36.4,36.6,35.4,33.0,29.6,29.5,28.8,32.4,33.8,32.0,35.0,35.4,
,36.4,36.6,35.4,33.0,29.6,29.5,28.8,32.4,33.8,32.0,35.0,35.4,
,36.4,36.6,35.4,33.0,29.6,29.5,28.8,32.4,33.8,32.0,35.0,35.4,
,36.4,36.6,35.4,33.0,29.6,29.5,28.8,32.4,33.8,32.0,35.0,35.4,
,36.4,36.6,35.4,33.0,29.6,29.5,28.8,32.4,33.8,32.0,35.0,35.4,
,36.4,36.6,35.4,33.0,29.6,29.5,28.8,32.4,33.8,32.0,35.0,35.4,
,36.4,36.6,35.4,33.0,29.6,29.5,28.8,32.4,33.8,32.0,35.0,35.4,
,36.4,36.6,35.4,33.0,29.6,29.5,28.8,32.4,33.8,32.0,35.0,35.4,
,36.4,36.6,35.4,33.0,29.6,29.5,28.8,32.4,33.8,32.0,35.0,35.4,
,36.4,36.6,35.4,33.0,29.6,29.5,28.8,32.4,33.8,32.0,35.0,35.4,
,37.5,34.4,34.7,33.6,31.3,22.5,28.6,28.6,31.8,32.5,33.8,36.1,37.5
,37.5,34.4,34.7,33.6,31.3,22.5,28.6,28.6,31.8,32.5,33.8,36.1,
,37.5,34.4,34.7,33.6,31.3,22.5,28.6,28.6,31.8,32.5,33.8,36.1,
,37.5,34.4,34.7,33.6,31.3,22.5,28.6,28.6,31.8,32.5,33.8,36.1,
,37.5,34.4,34.7,33.6,31.3,22.5,28.6,28.6,31.8,32.5,33.8,36.1,
,37.5,34.4,34.7,33.6,31.3,22.5,28.6,28.6,31.8,32.5,33.8,36.1,
,37.5,34.4,34.7,33.6,31.3,22.5,28.6,28.6,31.8,32.5,33.8,36.1,
,37.5,34.4,34.7,33.6,31.3,22.5,28.6,28.6,31.8,32.5,33.8,36.1,
,37.5,34.4,34.7,33.6,31.3,22.5,28.6,28.6,31.8,32.5,33.8,36.1,
,37.5,34.4,34.7,33.6,31.3,22.5,28.6,28.6,31.8,32.5,33.8,36.1,
,37.5,34.4,34.7,33.6,31.3,22.5,28.6,28.6,31.8,32.5,33.8,36.1,
,37.5,34.4,34.7,33.6,31.3,22.5,28.6,28.6,31.8,32.5,33.8,36.1,
,33.8,34.3,33.8,33.8,30.4,26.6,26.2,33.6,31.6,34.0,35.6,34.7,35.6
,33.8,34.3,33.8,33.8,30.4,26.6,26.2,33.6,31.6,34.0,35.6,34.7,
,33.8,34.3,33.8,33.8,30.4,26.6,26.2,33.6,31.6,34.0,35.6,34.7,
,33.8,34.3,33.8,33.8,30.4,26.6,26.2,33.6,31.6,34.0,35.6,34.7,
,33.8,34.3,33.8,33.8,30.4,26.6,26.2,33.6,31.6,34.0,35.6,34.7,
,33.8,34.3,33.8,33.8,30.4,26.6,26.2,33.6,31.6,34.0,35.6,34.7,
,33.8,34.3,33.8,33.8,30.4,26.6,26.2,33.6,31.6,34.0,35.6,34.7,
,33.8,34.3,33.8,33.8,30.4,26.6,26.2,33.6,31.6,34.0,35.6,34.7,
,33.8,34.3,33.8,33.8,30.4,26.6,26.2,33.6,31.6,34.0,35.6,34.7,
,33.8,34.3,33.8,33.8,30.4,26.6,26.2,33.6,31.6,34.0,35.6,34.7,
,33.8,34.3,33.8,33.8,30.4,26.6,26.2,33.6,31.6,34.0,35.6,34.7,
,33.8,34.3,33.8,33.8,30.4,26.6,26.2,33.6,31.6,34.0,35.6,34.7,
,35.0,39.0,33.4,34.2,25.7,27.5,30.6,33.2,28.3,28.9,35.8,35.5,39.0
,35.0,39.0,33.4,34.2,25.7,27.5,30.6,33.2,28.3,28.9,35.8,35.5,
,35.0,39.0,33.4,34.2,25.7,27.5,30.6,33.2,28.3,28.9,35.8,35.5,
,35.0,39.0,33.4,34.2,25.7,27.5,30.6,33.2,28.3,28.9,35.8,35.5,
,35.0,39.0,33.4,34.2,25.7,27.5,30.6,33.2,28.3,28.9,35.8,35.5,
,35.0,39.0,33.4,34.2,25.7,27.5,30.6,33.2,28.3,28.9,35.8,35.5,
,35.0,39.0,33.4,34.2,25.7,27.5,30.6,33.2,28.3,28.9,35.8,35.5,
,35.0,39.0,33.4,34.2,25.7,27.5,30.6,33.2,28.3,28.9,35.8,35.5,
,35.0,39.0,33.4,34.2,25.7,27.5,30.6,33.2,28.3,28.9,35.8,35.5,
,35.0,39.0,33.4,34.2,25.7,27.5,30.6,33.2,28.3,28.9,35.8,35.5,
,35.0,39.0,33.4,34.2,25.7,27.5,30.6,33.2,28.3,28.9,35.8,35.5,
,35.0,39.0,33.4,34.2,25.7,27.5,30.6,33.2,28.3,28.9,35.8,35.5,
,36.7,36.8,34.0,31.6,28.3,26.7,28.8,33.1,34.5,34.8,35.8,36.4,36.8
,36.7,36.8,34.0,31.6,28.3,26.7,28.8,33.1,34.5,34.8,35.8,36.4,
,36.7,36.8,34.0,31.6,28.3,26.7,28.8,33.1,34.5,34.8,35.8,36.4,
,36.7,36.8,34.0,31.6,28.3,26.7,28.8,33.1,34.5,34.8,35.8,36.4,
,36.7,36.8,34.0,31.6,28.3,26.7,28.8,33.1,34.5,34.8,35.8,36.4,
,36.7,36.8,34.0,31.6,28.3,26.7,28.8,33.1,34.5,34.8,35.8,36.4,
,36.7,36.8,34.0,31.6,28.3,26.7,28.8,33.1,34.5,34.8,35.8,36.4,
,36.7,36.8,34.0,31.6,28.3,26.7,28.8,33.1,34.5,34.8,35.8,36.4,
,36.7,36.8,34.0,31.6,28.3,26.7,28.8,33.1,34.5,34.8,35.8,36.4,
,36.7,36.8,34.0,31.6,28.3,26.7,28.8,33.1,34.5,34.8,35.8,36.4,
,36.7,36.8,34.0,31.6,28.3,26.7,28.8,33.1,34.5,34.8,35.8,36.4,
,36.7,36.8,34.0,31.6,28.3,26.7,28.8,33.1,34.5,34.8,35.8,36.4,
,37.0,39.0,37.1,34.4,30.3,30.6,31.1,34.0,33.2,34.5,35.5,39.8,39.8
,37.0,39.0,37.1,34.4,30.3,30.6,31.1,34.0,33.2,34.5,35.5,39.8,
,37.0,39.0,37.1,34.4,30.3,30.6,31.1,34.0,33.2,34.5,35.5,39.8,
,37.0,39.0,37.1,34.4,30.3,30.6,31.1,34.0,33.2,34.5,35.5,39.8,
,37.0,39.0,37.1,34.4,30.3,30.6,31.1,34.0,33.2,34.5,35.5,39.8,
,37.0,39.0,37.1,34.4,30.3,30.6,31.1,34.0,33.2,34.5,35.5,39.8,
,37.0,39.0,37.1,34.4,30.3,30.6,31.1,34.0,33.2,34.5,35.5,39.8,
,37.0,39.0,37.1,34.4,30.3,30.6,31.1,34.0,33.2,34.5,35.5,39.8,
,37.0,39.0,37.1,34.4,30.3,30.6,31.1,34.0,33.2,34.5,35.5,39.8,
,37.0,39.0,37.1,34.4,30.3,30.6,31.1,34.0,33.2,34.5,35.5,39.8,
,37.0,39.0,37.1,34.4,30.3,30.6,31.1,34.0,33.2,34.5,35.5,39.8,
,37.0,39.0,37.1,34.4,30.3,30.6,31.1,34.0,33.2,34.5,35.5,39.8,
,37.7,38.2,33.3,32.1,31.7,25.0,28.5,30.1,35.3,32.4,34.1,39.0,39.0
,37.7,38.2,33.3,32.1,31.7,25.0,28.5,30.1,35.3,32.4,34.1,39.0,
,37.7,38.2,33.3,32.1,31.7,25.0,28.5,30.1,35.3,32.4,34.1,39.0,
,37.7,38.2,33.3,32.1,31.7,25.0,28.5,30.1,35.3,32.4,34.1,39.0,
,37.7,38.2,33.3,32.1,31.7,25.0,28.5,30.1,35.3,32.4,34.1,39.0,
,37.7,38.2,33.3,32.1,31.7,25.0,28.5,30.1,35.3,32.4,34.1,39.0,
,37.7,38.2,33.3,32.1,31.7,25.0,28.5,30.1,35.3,32.4,34.1,39.0,
,37.7,38.2,33.3,32.1,31.7,25.0,28.5,30.1,35.3,32.4,34.1,39.0,
,37.7,38.2,33.3,32.1,31.7,25.0,28.5,30.1,35.3,32.4,34.1,39.0,
,37.7,38.2,33.3,32.1,31.7,25.0,28.5,30.1,35.3,32.4,34.1,39.0,
,37.7,38.2,33.3,32.1,31.7,25.0,28.5,30.1,35.3,32.4,34.1,39.0,
,37.7,38.2,33.3,32.1,31.7,25.0,28.5,30.1,35.3,32.4,34.1,39.0,
,38.2,40.6,34.0,32.2,27.2,29.7,27.6,34.6,33.2,37.1,35.0,37.4,40.6
,38.2,40.6,34.0,32.2,27.2,29.7,27.6,34.6,33.2,37.1,35.0,37.4,
,38.2,40.6,34.0,32.2,27.2,29.7,27.6,34.6,33.2,37.1,35.0,37.4,
,38.2,40.6,34.0,32.2,27.2,29.7,27.6,34.6,33.2,37.1,35.0,37.4,
,38.2,40.6,34.0,32.2,27.2,29.7,27.6,34.6,33.2,37.1,35.0,37.4,
,38.2,40.6,34.0,32.2,27.2,29.7,27.6,34.6,33.2,37.1,35.0,37.4,
,38.2,40.6,34.0,32.2,27.2,29.7,27.6,34.6,33.2,37.1,35.0,37.4,
,38.2,40.6,34.0,32.2,27.2,29.7,27.6,34.6,33.2,37.1,35.0,37.4,
,38.2,40.6,34.0,32.2,27.2,29.7,27.6,34.6,33.2,37.1,35.0,37.4,
,38.2,40.6,34.0,32.2,27.2,29.7,27.6,34.6,33.2,37.1,35.0,37.4,
,38.2,40.6,34.0,32.2,27.2,29.7,27.6,34.6,33.2,37.1,35.0,37.4,
,38.2,40.6,34.0,32.2,27.2,29.7,27.6,34.6,33.2,37.1,35.0,37.4,
,37.0,34.8,35.0,32.6,29.7,29.1,29.3,35.2,29.6,31.0,31.8,35.5,37.0
,37.0,34.8,35.0,32.6,29.7,29.1,29.3,35.2,29.6,31.0,31.8,35.5,
,37.0,34.8,35.0,32.6,29.7,29.1,29.3,35.2,29.6,31.0,31.8,35.5,
,37.0,34.8,35.0,32.6,29.7,29.1,29.3,35.2,29.6,31.0,31.8,35.5,
,37.0,34.8,35.0,32.6,29.7,29.1,29.3,35.2,29.6,31.0,31.8,35.5,
,37.0,34.8,35.0,32.6,29.7,29.1,29.3,35.2,29.6,31.0,31.8,35.5,
,37.0,34.8,35.0,32.6,29.7,29.1,29.3,35.2,29.6,31.0,31.8,35.5,
,37.0,34.8,35.0,32.6,29.7,29.1,29.3,35.2,29.6,31.0,31.8,35.5,
,37.0,34.8,35.0,32.6,29.7,29.1,29.3,35.2,29.6,31.0,31.8,35.5,
,37.0,34.8,35.0,32.6,29.7,29.1,29.3,35.2,29.6,31.0,31.8,35.5,
,37.0,34.8,35.0,32.6,29.7,29.1,29.3,35.2,29.6,31.0,31.8,35.5,
,37.0,34.8,35.0,32.6,29.7,29.1,29.3,35.2,29.6,31.0,31.8,35.5,
,39.0,36.0,34.8,36.0,25.0,22.2,29.6,33.0,31.8,32.8,35.0,38.0,39.0
,39.0,36.0,34.8,36.0,25.0,22.2,29.6,33.0,31.8,32.8,35.0,38.0,
,39.0,36.0,34.8,36.0,25.0,22.2,29.6,33.0,31.8,32.8,35.0,38.0,
,39.0,36.0,34.8,36.0,25.0,22.2,29.6,33.0,31.8,32.8,35.0,38.0,
,39.0,36.0,34.8,36.0,25.0,22.2,29.6,33.0,31.8,32.8,35.0,38.0,
,39.0,36.0,34.8,36.0,25.0,22.2,29.6,33.0,31.8,32.8,35.0,38.0,
,39.0,36.0,34.8,36.0,25.0,22.2,29.6,33.0,31.8,32.8,35.0,38.0,
,39.0,36.0,34.8,36.0,25.0,22.2,29.6,33.0,31.8,32.8,35.0,38.0,
,39.0,36.0,34.8,36.0,25.0,22.2,29.6,33.0,31.8,32.8,35.0,38.0,
,39.0,36.0,34.8,36.0,25.0,22.2,29.6,33.0,31.8,32.8,35.0,38.0,
,39.0,36.0,34.8,36.0,25.0,22.2,29.6,33.0,31.8,32.8,35.0,38.0,
,39.0,36.0,34.8,36.0,25.0,22.2,29.6,33.0,31.8,32.8,35.0,38.0,
,35.0,36.0,36.1,31.4,30.1,28.6,30.9,34.4,35.5,31.8,35.6,36.2,36.2
,35.0,36.0,36.1,31.4,30.1,28.6,30.9,34.4,35.5,31.8,35.6,36.2,
,35.0,36.0,36.1,31.4,30.1,28.6,30.9,34.4,35.5,31.8,35.6,36.2,
,35.0,36.0,36.1,31.4,30.1,28.6,30.9,34.4,35.5,31.8,35.6,36.2,
,35.0,36.0,36.1,31.4,30.1,28.6,30.9,34.4,35.5,31.8,35.6,36.2,
,35.0,36.0,36.1,31.4,30.1,28.6,30.9,34.4,35.5,31.8,35.6,36.2,
,35.0,36.0,36.1,31.4,30.1,28.6,30.9,34.4,35.5,31.8,35.6,36.2,
,35.0,36.0,36.1,31.4,30.1,28.6,30.9,34.4,35.5,31.8,35.6,36.2,
,35.0,36.0,36.1,31.4,30.1,28.6,30.9,34.4,35.5,31.8,35.6,36.2,
,35.0,36.0,36.1,31.4,30.1,28.6,30.9,34.4,35.5,31.8,35.6,36.2,
,35.0,36.0,36.1,31.4,30.1,28.6,30.9,34.4,35.5,31.8,35.6,36.2,
,35.0,36.0,36.1,31.4,30.1,28.6,30.9,34.4,35.5,31.8,35.6,36.2,
,36.0,36.5,36.4,33.9,29.7,29.0,30.5,29.4,33.4,33.0,34.7,37.9,37.9
,36.0,36.5,36.4,33.9,29.7,29.0,30.5,29.4,33.4,33.0,34.7,37.9,
,36.0,36.5,36.4,33.9,29.7,29.0,30.5,29.4,33.4,33.0,34.7,37.9,
,36.0,36.5,36.4,33.9,29.7,29.0,30.5,29.4,33.4,33.0,34.7,37.9,
,36.0,36.5,36.4,33.9,29.7,29.0,30.5,29.4,33.4,33.0,34.7,37.9,
,36.0,36.5,36.4,33.9,29.7,29.0,30.5,29.4,33.4,33.0,34.7,37.9,
,36.0,36.5,36.4,33.9,29.7,29.0,30.5,29.4,33.4,33.0,34.7,37.9,
,36.0,36.5,36.4,33.9,29.7,29.0,30.5,29.4,33.4,33.0,34.7,37.9,
,36.0,36.5,36.4,33.9,29.7,29.0,30.5,29.4,33.4,33.0,34.7,37.9,
,36.0,36.5,36.4,33.9,29.7,29.0,30.5,29.4,33.4,33.0,34.7,37.9,
,36.0,36.5,36.4,33.9,29.7,29.0,30.5,29.4,33.4,33.0,34.7,37.9,
,36.0,36.5,36.4,33.9,29.7,29.0,30.5,29.4,33.4,33.0,34.7,37.9,
,38.5,37.3,35.7,34.0,30.0,30.4,28.7,32.8,36.2,38.4,34.5,40.3,40.3
,38.5,37.3,35.7,34.0,30.0,30.4,28.7,32.8,36.2,38.4,34.5,40.3,
,38.5,37.3,35.7,34.0,30.0,30.4,28.7,32.8,36.2,38.4,34.5,40.3,
,38.5,37.3,35.7,34.0,30.0,30.4,28.7,32.8,36.2,38.4,34.5,40.3,
,38.5,37.3,35.7,34.0,30.0,30.4,28.7,32.8,36.2,38.4,34.5,40.3,
,38.5,37.3,35.7,34.0,30.0,30.4,28.7,32.8,36.2,38.4,34.5,40.3,
,38.5,37.3,35.7,34.0,30.0,30.4,28.7,32.8,36.2,38.4,34.5,40.3,
,38.5,37.3,35.7,34.0,30.0,30.4,28.7,32.8,36.2,38.4,34.5,40.3,
,38.5,37.3,35.7,34.0,30.0,30.4,28.7,32.8,36.2,38.4,34.5,40.3,
,38.5,37.3,35.7,34.0,30.0,30.4,28.7,32.8,36.2,38.4,34.5,40.3,
,38.5,37.3,35.7,34.0,30.0,30.4,28.7,32.8,36.2,38.4,34.5,40.3,
,38.5,37.3,35.7,34.0,30.0,30.4,28.7,32.8,36.2,38.4,34.5,40.3,
,37.7,37.8,38.4,33.2,31.4,31.4,31.0,31.3,29.6,34.3,37.6,37.9,38.4
,37.7,37.8,38.4,33.2,31.4,31.4,31.0,31.3,29.6,34.3,37.6,37.9,
,37.7,37.8,38.4,33.2,31.4,31.4,31.0,31.3,29.6,34.3,37.6,37.9,
,37.7,37.8,38.4,33.2,31.4,31.4,31.0,31.3,29.6,34.3,37.6,37.9,
,37.7,37.8,38.4,33.2,31.4,31.4,31.0,31.3,29.6,34.3,37.6,37.9,
,37.7,37.8,38.4,33.2,31.4,31.4,31.0,31.3,29.6,34.3,37.6,37.9,
,37.7,37.8,38.4,33.2,31.4,31.4,31.0,31.3,29.6,34.3,37.6,37.9,
,37.7,37.8,38.4,33.2,31.4,31.4,31.0,31.3,29.6,34.3,37.6,37.9,
,37.7,37.8,38.4,33.2,31.4,31.4,31.0,31.3,29.6,34.3,37.6,37.9,
,37.7,37.8,38.4,33.2,31.4,31.4,31.0,31.3,29.6,34.3,37.6,37.9,
,37.7,37.8,38.4,33.2,31.4,31.4,31.0,31.3,29.6,34.3,37.6,37.9,
,37.7,37.8,38.4,33.2,31.4,31.4,31.0,31.3,29.6,34.3,37.6,37.9,
,38.4,34.9,35.0,34.3,32.9,31.5,28.2,34.8,30.4,34.3,36.5,35.4,38.4
,38.4,34.9,35.0,34.3,32.9,31.5,28.2,34.8,30.4,34.3,36.5,35.4,
,38.4,34.9,35.0,34.3,32.9,31.5,28.2,34.8,30.4,34.3,36.5,35.4,
,38.4,34.9,35.0,34.3,32.9,31.5,28.2,34.8,30.4,34.3,36.5,35.4,
,38.4,34.9,35.0,34.3,32.9,31.5,28.2,34.8,30.4,34.3,36.5,35.4,
,38.4,34.9,35.0,34.3,32.9,31.5,28.2,34.8,30.4,34.3,36.5,35.4,
,38.4,34.9,35.0,34.3,32.9,31.5,28.2,34.8,30.4,34.3,36.5,35.4,
,38.4,34.9,35.0,34.3,32.9,31.5,28.2,34.8,30.4,34.3,36.5,35.4,
,38.4,34.9,35.0,34.3,32.9,31.5,28.2,34.8,30.4,34.3,36.5,35.4,
,38.4,34.9,35.0,34.3,32.9,31.5,28.2,34.8,30.4,34.3,36.5,35.4,
,38.4,34.9,35.0,34.3,32.9,31.5,28.2,34.8,30.4,34.3,36.5,35.4,
,38.4,34.9,35.0,34.3,32.9,31.5,28.2,34.8,30.4,34.3,36.5,35.4,
,40.1,37.3,36.6,34.0,28.7,24.5,30.3,32.2,28.5,34.3,32.7,37.2,40.1
,40.1,37.3,36.6,34.0,28.7,24.5,30.3,32.2,28.5,34.3,32.7,37.2,
,40.1,37.3,36.6,34.0,28.7,24.5,30.3,32.2,28.5,34.3,32.7,37.2,
,40.1,37.3,36.6,34.0,28.7,24.5,30.3,32.2,28.5,34.3,32.7,37.2,
,40.1,37.3,36.6,34.0,28.7,24.5,30.3,32.2,28.5,34.3,32.7,37.2,
,40.1,37.3,36.6,34.0,28.7,24.5,30.3,32.2,28.5,34.3,32.7,37.2,
,40.1,37.3,36.6,34.0,28.7,24.5,30.3,32.2,28.5,34.3,32.7,37.2,
,40.1,37.3,36.6,34.0,28.7,24.5,30.3,32.2,28.5,34.3,32.7,37.2,
,40.1,37.3,36.6,34.0,28.7,24.5,30.3,32.2,28.5,34.3,32.7,37.2,
,40.1,37.3,36.6,34.0,28.7,24.5,30.3,32.2,28.5,34.3,32.7,37.2,
,40.1,37.3,36.6,34.0,28.7,24.5,30.3,32.2,28.5,34.3,32.7,37.2,
,40.1,37.3,36.6,34.0,28.7,24.5,30.3,32.2,28.5,34.3,32.7,37.2,
,37.9,38.8,35.5,33.9,30.2,29.5,29.9,33.1,35.6,31.7,33.3,38.4,38.8
,37.9,38.8,35.5,33.9,30.2,29.5,29.9,33.1,35.6,31.7,33.3,38.4,
,37.9,38.8,35.5,33.9,30.2,29.5,29.9,33.1,35.6,31.7,33.3,38.4,
,37.9,38.8,35.5,33.9,30.2,29.5,29.9,33.1,35.6,31.7,33.3,38.4,
,37.9,38.8,35.5,33.9,30.2,29.5,29.9,33.1,35.6,31.7,33.3,38.4,
,37.9,38.8,35.5,33.9,30.2,29.5,29.9,33.1,35.6,31.7,33.3,38.4,
,37.9,38.8,35.5,33.9,30.2,29.5,29.9,33.1,35.6,31.7,33.3,38.4,
,37.9,38.8,35.5,33.9,30.2,29.5,29.9,33.1,35.6,31.7,33.3,38.4,
,37.9,38.8,35.5,33.9,30.2,29.5,29.9,33.1,35.6,31.7,33.3,38.4,
,37.9,38.8,35.5,33.9,30.2,29.5,29.9,33.1,35.6,31.7,33.3,38.4,
,37.9,38.8,35.5,33.9,30.2,29.5,29.9,33.1,35.6,31.7,33.3,38.4,
,37.9,38.8,35.5,33.9,30.2,29.5,29.9,33.1,35.6,31.7,33.3,38.4,
,36.5,36.3,37.1,32.6,33.4,32.4,29.4,31.5,34.0,34.9,37.6,36.0,37.6
,36.5,36.3,37.1,32.6,33.4,32.4,29.4,31.5,34.0,34.9,37.6,36.0,
,36.5,36.3,37.1,32.6,33.4,32.4,29.4,31.5,34.0,34.9,37.6,36.0,
,36.5,36.3,37.1,32.6,33.4,32.4,29.4,31.5,34.0,34.9,37.6,36.0,
,36.5,36.3,37.1,32.6,33.4,32.4,29.4,31.5,34.0,34.9,37.6,36.0,
,36.5,36.3,37.1,32.6,33.4,32.4,29.4,31.5,34.0,34.9,37.6,36.0,
,36.5,36.3,37.1,32.6,33.4,32.4,29.4,31.5,34.0,34.9,37.6,36.0,
,36.5,36.3,37.1,32.6,33.4,32.4,29.4,31.5,34.0,34.9,37.6,36.0,
,36.5,36.3,37.1,32.6,33.4,32.4,29.4,31.5,34.0,34.9,37.6,36.0,
,36.5,36.3,37.1,32.6,33.4,32.4,29.4,31.5,34.0,34.9,37.6,36.0,
,36.5,36.3,37.1,32.6,33.4,32.4,29.4,31.5,34.0,34.9,37.6,36.0,
,36.5,36.3,37.1,32.6,33.4,32.4,29.4,31.5,34.0,34.9,37.6,36.0,
,32.8,-99.0,-99.0,-99.0,-99.0,-99.0,-99.0,-99.0,-99.0,-99.0,-99.0,,
,32.8,-99.0,-99.0,-99.0,-99.0,-99.0,-99.0,-99.0,-99.0,-99.0,-99.0,,
,32.8,-99.0,-99.0,-99.0,-99.0,-99.0,-99.0,-99.0,-99.0,-99.0,-99.0,,
,32.8,-99.0,-99.0,-99.0,-99.0,-99.0,-99.0,-99.0,-99.0,-99.0,-99.0,,
,32.8,-99.0,-99.0,-99.0,-99.0,-99.0,-99.0,-99.0,-99.0,-99.0,-99.0,,
,32.8,-99.0,-99.0,-99.0,-99.0,-99.0,-99.0,-99.0,-99.0,-99.0,-99.0,,
,32.8,-99.0,-99.0,-99.0,-99.0,-99.0,-99.0,-99.0,-99.0,-99.0,-99.0,,
,32.8,-99.0,-99.0,-99.0,-99.0,-99.0,-99.0,-99.0,-99.0,-99.0,-99.0,,
,32.8,-99.0,-99.0,-99.0,-99.0,-99.0,-99.0,-99.0,-99.0,-99.0,-99.0,,
,32.8,-99.0,-99.0,-99.0,-99.0,-99.0,-99.0,-99.0,-99.0,-99.0,-99.0,,
,32.8,-99.0,-99.0,-99.0,-99.0,-99.0,-99.0,-99.0,-99.0,-99.0,-99.0,,
,32.8,-99.0,-99.0,-99.0,-99.0,-99.0,-99.0,-99.0,-99.0,-99.0,-99.0,,
