year,jan,feb,mar,apr,may,jun,jul,aug,sep,oct,nov,dec,annual
,2.0,3.0,3.0,3.0,3.0,2.0,3.0,2.0,5.0,3.0,2.0,2.0,33.0
,2.0,3.0,3.0,3.0,3.0,2.0,3.0,2.0,5.0,3.0,2.0,2.0,
,2.0,3.0,3.0,3.0,3.0,2.0,3.0,2.0,5.0,3.0,2.0,2.0,
,2.0,3.0,3.0,3.0,3.0,2.0,3.0,2.0,5.0,3.0,2.0,2.0,
,2.0,3.0,3.0,3.0,3.0,2.0,3.0,2.0,5.0,3.0,2.0,2.0,
,2.0,3.0,3.0,3.0,3.0,2.0,3.0,2.0,5.0,3.0,2.0,2.0,
,2.0,3.0,3.0,3.0,3.0,2.0,3.0,2.0,5.0,3.0,2.0,2.0,
,2.0,3.0,3.0,3.0,3.0,2.0,3.0,2.0,5.0,3.0,2.0,2.0,
,2.0,3.0,3.0,3.0,3.0,2.0,3.0,2.0,5.0,3.0,2.0,2.0,
,2.0,3.0,3.0,3.0,3.0,2.0,3.0,2.0,5.0,3.0,2.0,2.0,
,2.0,3.0,3.0,3.0,3.0,2.0,3.0,2.0,5.0,3.0,2.0,2.0,
,2.0,3.0,3.0,3.0,3.0,2.0,3.0,2.0,5.0,3.0,2.0,2.0,
,2.0,2.0,2.0,2.0,1.0,2.0,4.0,3.0,3.0,2.0,2.0,1.0,26.0
,2.0,2.0,2.0,2.0,1.0,2.0,4.0,3.0,3.0,2.0,2.0,1.0,
,2.0,2.0,2.0,2.0,1.0,2.0,4.0,3.0,3.0,2.0,2.0,1.0,
,2.0,2.0,2.0,2.0,1.0,2.0,4.0,3.0,3.0,2.0,2.0,1.0,
,2.0,2.0,2.0,2.0,1.0,2.0,4.0,3.0,3.0,2.0,2.0,1.0,
,2.0,2.0,2.0,2.0,1.0,2.0,4.0,3.0,3.0,2.0,2.0,1.0,
,2.0,2.0,2.0,2.0,1.0,2.0,4.0,3.0,3.0,2.0,2.0,1.0,
,2.0,2.0,2.0,2.0,1.0,2.0,4.0,3.0,3.0,2.0,2.0,1.0,
,2.0,2.0,2.0,2.0,1.0,2.0,4.0,3.0,3.0,2.0,2.0,1.0,
,2.0,2.0,2.0,2.0,1.0,2.0,4.0,3.0,3.0,2.0,2.0,1.0,
,2.0,2.0,2.0,2.0,1.0,2.0,4.0,3.0,3.0,2.0,2.0,1.0,
,2.0,2.0,2.0,2.0,1.0,2.0,4.0,3.0,3.0,2.0,2.0,1.0,
,3.0,2.0,3.0,2.0,2.0,2.0,3.0,6.0,6.0,7.0,4.0,2.0,42.0
,3.0,2.0,3.0,2.0,2.0,2.0,3.0,6.0,6.0,7.0,4.0,2.0,
,3.0,2.0,3.0,2.0,2.0,2.0,3.0,6.0,6.0,7.0,4.0,2.0,
,3.0,2.0,3.0,2.0,2.0,2.0,3.0,6.0,6.0,7.0,4.0,2.0,
,3.0,2.0,3.0,2.0,2.0,2.0,3.0,6.0,6.0,7.0,4.0,2.0,
,3.0,2.0,3.0,2.0,2.0,2.0,3.0,6.0,6.0,7.0,4.0,2.0,
,3.0,2.0,3.0,2.0,2.0,2.0,3.0,6.0,6.0,7.0,4.0,2.0,
,3.0,2.0,3.0,2.0,2.0,2.0,3.0,6.0,6.0,7.0,4.0,2.0,
,3.0,2.0,3.0,2.0,2.0,2.0,3.0,6.0,6.0,7.0,4.0,2.0,
,3.0,2.0,3.0,2.0,2.0,2.0,3.0,6.0,6.0,7.0,4.0,2.0,
,3.0,2.0,3.0,2.0,2.0,2.0,3.0,6.0,6.0,7.0,4.0,2.0,
,3.0,2.0,3.0,2.0,2.0,2.0,3.0,6.0,6.0,7.0,4.0,2.0,
,2.0,3.0,2.0,2.0,3.0,2.0,2.0,3.0,3.0,2.0,2.0,2.0,28.0
,2.0,3.0,2.0,2.0,3.0,2.0,2.0,3.0,3.0,2.0,2.0,2.0,
,2.0,3.0,2.0,2.0,3.0,2.0,2.0,3.0,3.0,2.0,2.0,2.0,
,2.0,3.0,2.0,2.0,3.0,2.0,2.0,3.0,3.0,2.0,2.0,2.0,
,2.0,3.0,2.0,2.0,3.0,2.0,2.0,3.0,3.0,2.0,2.0,2.0,
,2.0,3.0,2.0,2.0,3.0,2.0,2.0,3.0,3.0,2.0,2.0,2.0,
,2.0,3.0,2.0,2.0,3.0,2.0,2.0,3.0,3.0,2.0,2.0,2.0,
,2.0,3.0,2.0,2.0,3.0,2.0,2.0,3.0,3.0,2.0,2.0,2.0,
,2.0,3.0,2.0,2.0,3.0,2.0,2.0,3.0,3.0,2.0,2.0,2.0,
,2.0,3.0,2.0,2.0,3.0,2.0,2.0,3.0,3.0,2.0,2.0,2.0,
,2.0,3.0,2.0,2.0,3.0,2.0,2.0,3.0,3.0,2.0,2.0,2.0,
,2.0,3.0,2.0,2.0,3.0,2.0,2.0,3.0,3.0,2.0,2.0,2.0,
,2.0,2.0,6.0,3.0,3.0,3.0,3.0,9.0,5.0,4.0,4.0,2.0,46.0
,2.0,2.0,6.0,3.0,3.0,3.0,3.0,9.0,5.0,4.0,4.0,2.0,
,2.0,2.0,6.0,3.0,3.0,3.0,3.0,9.0,5.0,4.0,4.0,2.0,
,2.0,2.0,6.0,3.0,3.0,3.0,3.0,9.0,5.0,4.0,4.0,2.0,
,2.0,2.0,6.0,3.0,3.0,3.0,3.0,9.0,5.0,4.0,4.0,2.0,
,2.0,2.0,6.0,3.0,3.0,3.0,3.0,9.0,5.0,4.0,4.0,2.0,
,2.0,2.0,6.0,3.0,3.0,3.0,3.0,9.0,5.0,4.0,4.0,2.0,
,2.0,2.0,6.0,3.0,3.0,3.0,3.0,9.0,5.0,4.0,4.0,2.0,
,2.0,2.0,6.0,3.0,3.0,3.0,3.0,9.0,5.0,4.0,4.0,2.0,
,2.0,2.0,6.0,3.0,3.0,3.0,3.0,9.0,5.0,4.0,4.0,2.0,
,2.0,2.0,6.0,3.0,3.0,3.0,3.0,9.0,5.0,4.0,4.0,2.0,
,2.0,2.0,6.0,3.0,3.0,3.0,3.0,9.0,5.0,4.0,4.0,2.0,
,2.0,3.0,4.0,1.0,1.0,3.0,3.0,4.0,3.0,3.0,2.0,2.0,31.0
,2.0,3.0,4.0,1.0,1.0,3.0,3.0,4.0,3.0,3.0,2.0,2.0,
,2.0,3.0,4.0,1.0,1.0,3.0,3.0,4.0,3.0,3.0,2.0,2.0,
,2.0,3.0,4.0,1.0,1.0,3.0,3.0,4.0,3.0,3.0,2.0,2.0,
,2.0,3.0,4.0,1.0,1.0,3.0,3.0,4.0,3.0,3.0,2.0,2.0,
,2.0,3.0,4.0,1.0,1.0,3.0,3.0,4.0,3.0,3.0,2.0,2.0,
,2.0,3.0,4.0,1.0,1.0,3.0,3.0,4.0,3.0,3.0,2.0,2.0,
,2.0,3.0,4.0,1.0,1.0,3.0,3.0,4.0,3.0,3.0,2.0,2.0,
,2.0,3.0,4.0,1.0,1.0,3.0,3.0,4.0,3.0,3.0,2.0,2.0,
,2.0,3.0,4.0,1.0,1.0,3.0,3.0,4.0,3.0,3.0,2.0,2.0,
,2.0,3.0,4.0,1.0,1.0,3.0,3.0,4.0,3.0,3.0,2.0,2.0,
,2.0,3.0,4.0,1.0,1.0,3.0,3.0,4.0,3.0,3.0,2.0,2.0,
,3.0,3.0,2.0,2.0,2.0,4.0,2.0,2.0,3.0,4.0,3.0,2.0,32.0
,3.0,3.0,2.0,2.0,2.0,4.0,2.0,2.0,3.0,4.0,3.0,2.0,
,3.0,3.0,2.0,2.0,2.0,4.0,2.0,2.0,3.0,4.0,3.0,2.0,
,3.0,3.0,2.0,2.0,2.0,4.0,2.0,2.0,3.0,4.0,3.0,2.0,
,3.0,3.0,2.0,2.0,2.0,4.0,2.0,2.0,3.0,4.0,3.0,2.0,
,3.0,3.0,2.0,2.0,2.0,4.0,2.0,2.0,3.0,4.0,3.0,2.0,
,3.0,3.0,2.0,2.0,2.0,4.0,2.0,2.0,3.0,4.0,3.0,2.0,
,3.0,3.0,2.0,2.0,2.0,4.0,2.0,2.0,3.0,4.0,3.0,2.0,
,3.0,3.0,2.0,2.0,2.0,4.0,2.0,2.0,3.0,4.0,3.0,2.0,
,3.0,3.0,2.0,2.0,2.0,4.0,2.0,2.0,3.0,4.0,3.0,2.0,
,3.0,3.0,2.0,2.0,2.0,4.0,2.0,2.0,3.0,4.0,3.0,2.0,
,3.0,3.0,2.0,2.0,2.0,4.0,2.0,2.0,3.0,4.0,3.0,2.0,
,5.0,2.0,5.0,2.0,2.0,3.0,3.0,2.0,5.0,3.0,4.0,3.0,39.0
,5.0,2.0,5.0,2.0,2.0,3.0,3.0,2.0,5.0,3.0,4.0,3.0,
,5.0,2.0,5.0,2.0,2.0,3.0,3.0,2.0,5.0,3.0,4.0,3.0,
,5.0,2.0,5.0,2.0,2.0,3.0,3.0,2.0,5.0,3.0,4.0,3.0,
,5.0,2.0,5.0,2.0,2.0,3.0,3.0,2.0,5.0,3.0,4.0,3.0,
,5.0,2.0,5.0,2.0,2.0,3.0,3.0,2.0,5.0,3.0,4.0,3.0,
,5.0,2.0,5.0,2.0,2.0,3.0,3.0,2.0,5.0,3.0,4.0,3.0,
,5.0,2.0,5.0,2.0,2.0,3.0,3.0,2.0,5.0,3.0,4.0,3.0,
,5.0,2.0,5.0,2.0,2.0,3.0,3.0,2.0,5.0,3.0,4.0,3.0,
,5.0,2.0,5.0,2.0,2.0,3.0,3.0,2.0,5.0,3.0,4.0,3.0,
,5.0,2.0,5.0,2.0,2.0,3.0,3.0,2.0,5.0,3.0,4.0,3.0,
,5.0,2.0,5.0,2.0,2.0,3.0,3.0,2.0,5.0,3.0,4.0,3.0,
,2.0,5.0,3.0,2.0,2.0,3.0,2.0,2.0,3.0,2.0,5.0,2.0,33.0
,2.0,5.0,3.0,2.0,2.0,3.0,2.0,2.0,3.0,2.0,5.0,2.0,
,2.0,5.0,3.0,2.0,2.0,3.0,2.0,2.0,3.0,2.0,5.0,2.0,
,2.0,5.0,3.0,2.0,2.0,3.0,2.0,2.0,3.0,2.0,5.0,2.0,
,2.0,5.0,3.0,2.0,2.0,3.0,2.0,2.0,3.0,2.0,5.0,2.0,
,2.0,5.0,3.0,2.0,2.0,3.0,2.0,2.0,3.0,2.0,5.0,2.0,
,2.0,5.0,3.0,2.0,2.0,3.0,2.0,2.0,3.0,2.0,5.0,2.0,
,2.0,5.0,3.0,2.0,2.0,3.0,2.0,2.0,3.0,2.0,5.0,2.0,
,2.0,5.0,3.0,2.0,2.0,3.0,2.0,2.0,3.0,2.0,5.0,2.0,
,2.0,5.0,3.0,2.0,2.0,3.0,2.0,2.0,3.0,2.0,5.0,2.0,
,2.0,5.0,3.0,2.0,2.0,3.0,2.0,2.0,3.0,2.0,5.0,2.0,
,2.0,5.0,3.0,2.0,2.0,3.0,2.0,2.0,3.0,2.0,5.0,2.0,
,2.0,3.0,3.0,2.0,2.0,3.0,3.0,3.0,1.0,4.0,4.0,2.0,32.0
,2.0,3.0,3.0,2.0,2.0,3.0,3.0,3.0,1.0,4.0,4.0,2.0,
,2.0,3.0,3.0,2.0,2.0,3.0,3.0,3.0,1.0,4.0,4.0,2.0,
,2.0,3.0,3.0,2.0,2.0,3.0,3.0,3.0,1.0,4.0,4.0,2.0,
,2.0,3.0,3.0,2.0,2.0,3.0,3.0,3.0,1.0,4.0,4.0,2.0,
,2.0,3.0,3.0,2.0,2.0,3.0,3.0,3.0,1.0,4.0,4.0,2.0,
,2.0,3.0,3.0,2.0,2.0,3.0,3.0,3.0,1.0,4.0,4.0,2.0,
,2.0,3.0,3.0,2.0,2.0,3.0,3.0,3.0,1.0,4.0,4.0,2.0,
,2.0,3.0,3.0,2.0,2.0,3.0,3.0,3.0,1.0,4.0,4.0,2.0,
,2.0,3.0,3.0,2.0,2.0,3.0,3.0,3.0,1.0,4.0,4.0,2.0,
,2.0,3.0,3.0,2.0,2.0,3.0,3.0,3.0,1.0,4.0,4.0,2.0,
,2.0,3.0,3.0,2.0,2.0,3.0,3.0,3.0,1.0,4.0,4.0,2.0,
,5.0,3.0,3.0,2.0,2.0,4.0,3.0,3.0,2.0,2.0,1.0,2.0,32.0
,5.0,3.0,3.0,2.0,2.0,4.0,3.0,3.0,2.0,2.0,1.0,2.0,
,5.0,3.0,3.0,2.0,2.0,4.0,3.0,3.0,2.0,2.0,1.0,2.0,
,5.0,3.0,3.0,2.0,2.0,4.0,3.0,3.0,2.0,2.0,1.0,2.0,
,5.0,3.0,3.0,2.0,2.0,4.0,3.0,3.0,2.0,2.0,1.0,2.0,
,5.0,3.0,3.0,2.0,2.0,4.0,3.0,3.0,2.0,2.0,1.0,2.0,
,5.0,3.0,3.0,2.0,2.0,4.0,3.0,3.0,2.0,2.0,1.0,2.0,
,5.0,3.0,3.0,2.0,2.0,4.0,3.0,3.0,2.0,2.0,1.0,2.0,
,5.0,3.0,3.0,2.0,2.0,4.0,3.0,3.0,2.0,2.0,1.0,2.0,
,5.0,3.0,3.0,2.0,2.0,4.0,3.0,3.0,2.0,2.0,1.0,2.0,
,5.0,3.0,3.0,2.0,2.0,4.0,3.0,3.0,2.0,2.0,1.0,2.0,
,5.0,3.0,3.0,2.0,2.0,4.0,3.0,3.0,2.0,2.0,1.0,2.0,
,4.0,2.0,7.0,2.0,3.0,4.0,6.0,3.0,4.0,8.0,1.0,2.0,46.0
,4.0,2.0,7.0,2.0,3.0,4.0,6.0,3.0,4.0,8.0,1.0,2.0,
,4.0,2.0,7.0,2.0,3.0,4.0,6.0,3.0,4.0,8.0,1.0,2.0,
,4.0,2.0,7.0,2.0,3.0,4.0,6.0,3.0,4.0,8.0,1.0,2.0,
,4.0,2.0,7.0,2.0,3.0,4.0,6.0,3.0,4.0,8.0,1.0,2.0,
,4.0,2.0,7.0,2.0,3.0,4.0,6.0,3.0,4.0,8.0,1.0,2.0,
,4.0,2.0,7.0,2.0,3.0,4.0,6.0,3.0,4.0,8.0,1.0,2.0,
,4.0,2.0,7.0,2.0,3.0,4.0,6.0,3.0,4.0,8.0,1.0,2.0,
,4.0,2.0,7.0,2.0,3.0,4.0,6.0,3.0,4.0,8.0,1.0,2.0,
,4.0,2.0,7.0,2.0,3.0,4.0,6.0,3.0,4.0,8.0,1.0,2.0,
,4.0,2.0,7.0,2.0,3.0,4.0,6.0,3.0,4.0,8.0,1.0,2.0,
,4.0,2.0,7.0,2.0,3.0,4.0,6.0,3.0,4.0,8.0,1.0,2.0,
,3.0,4.0,2.0,2.0,3.0,4.0,4.0,5.0,5.0,4.0,1.0,3.0,40.0
,3.0,4.0,2.0,2.0,3.0,4.0,4.0,5.0,5.0,4.0,1.0,3.0,
,3.0,4.0,2.0,2.0,3.0,4.0,4.0,5.0,5.0,4.0,1.0,3.0,
,3.0,4.0,2.0,2.0,3.0,4.0,4.0,5.0,5.0,4.0,1.0,3.0,
,3.0,4.0,2.0,2.0,3.0,4.0,4.0,5.0,5.0,4.0,1.0,3.0,
,3.0,4.0,2.0,2.0,3.0,4.0,4.0,5.0,5.0,4.0,1.0,3.0,
,3.0,4.0,2.0,2.0,3.0,4.0,4.0,5.0,5.0,4.0,1.0,3.0,
,3.0,4.0,2.0,2.0,3.0,4.0,4.0,5.0,5.0,4.0,1.0,3.0,
,3.0,4.0,2.0,2.0,3.0,4.0,4.0,5.0,5.0,4.0,1.0,3.0,
,3.0,4.0,2.0,2.0,3.0,4.0,4.0,5.0,5.0,4.0,1.0,3.0,
,3.0,4.0,2.0,2.0,3.0,4.0,4.0,5.0,5.0,4.0,1.0,3.0,
,3.0,4.0,2.0,2.0,3.0,4.0,4.0,5.0,5.0,4.0,1.0,3.0,
,1.0,3.0,3.0,0.0,4.0,3.0,5.0,2.0,2.0,3.0,2.0,4.0,32.0
,1.0,3.0,3.0,0.0,4.0,3.0,5.0,2.0,2.0,3.0,2.0,4.0,
,1.0,3.0,3.0,0.0,4.0,3.0,5.0,2.0,2.0,3.0,2.0,4.0,
,1.0,3.0,3.0,0.0,4.0,3.0,5.0,2.0,2.0,3.0,2.0,4.0,
,1.0,3.0,3.0,0.0,4.0,3.0,5.0,2.0,2.0,3.0,2.0,4.0,
,1.0,3.0,3.0,0.0,4.0,3.0,5.0,2.0,2.0,3.0,2.0,4.0,
,1.0,3.0,3.0,0.0,4.0,3.0,5.0,2.0,2.0,3.0,2.0,4.0,
,1.0,3.0,3.0,0.0,4.0,3.0,5.0,2.0,2.0,3.0,2.0,4.0,
,1.0,3.0,3.0,0.0,4.0,3.0,5.0,2.0,2.0,3.0,2.0,4.0,
,1.0,3.0,3.0,0.0,4.0,3.0,5.0,2.0,2.0,3.0,2.0,4.0,
,1.0,3.0,3.0,0.0,4.0,3.0,5.0,2.0,2.0,3.0,2.0,4.0,
,1.0,3.0,3.0,0.0,4.0,3.0,5.0,2.0,2.0,3.0,2.0,4.0,
,2.0,2.0,2.0,2.0,2.0,2.0,2.0,8.0,3.0,3.0,2.0,2.0,32.0
,2.0,2.0,2.0,2.0,2.0,2.0,2.0,8.0,3.0,3.0,2.0,2.0,
,2.0,2.0,2.0,2.0,2.0,2.0,2.0,8.0,3.0,3.0,2.0,2.0,
,2.0,2.0,2.0,2.0,2.0,2.0,2.0,8.0,3.0,3.0,2.0,2.0,
,2.0,2.0,2.0,2.0,2.0,2.0,2.0,8.0,3.0,3.0,2.0,2.0,
,2.0,2.0,2.0,2.0,2.0,2.0,2.0,8.0,3.0,3.0,2.0,2.0,
,2.0,2.0,2.0,2.0,2.0,2.0,2.0,8.0,3.0,3.0,2.0,2.0,
,2.0,2.0,2.0,2.0,2.0,2.0,2.0,8.0,3.0,3.0,2.0,2.0,
,2.0,2.0,2.0,2.0,2.0,2.0,2.0,8.0,3.0,3.0,2.0,2.0,
,2.0,2.0,2.0,2.0,2.0,2.0,2.0,8.0,3.0,3.0,2.0,2.0,
,2.0,2.0,2.0,2.0,2.0,2.0,2.0,8.0,3.0,3.0,2.0,2.0,
,2.0,2.0,2.0,2.0,2.0,2.0,2.0,8.0,3.0,3.0,2.0,2.0,
,5.0,2.0,3.0,3.0,3.0,3.0,3.0,5.0,7.0,4.0,2.0,2.0,42.0
,5.0,2.0,3.0,3.0,3.0,3.0,3.0,5.0,7.0,4.0,2.0,2.0,
,5.0,2.0,3.0,3.0,3.0,3.0,3.0,5.0,7.0,4.0,2.0,2.0,
,5.0,2.0,3.0,3.0,3.0,3.0,3.0,5.0,7.0,4.0,2.0,2.0,
,5.0,2.0,3.0,3.0,3.0,3.0,3.0,5.0,7.0,4.0,2.0,2.0,
,5.0,2.0,3.0,3.0,3.0,3.0,3.0,5.0,7.0,4.0,2.0,2.0,
,5.0,2.0,3.0,3.0,3.0,3.0,3.0,5.0,7.0,4.0,2.0,2.0,
,5.0,2.0,3.0,3.0,3.0,3.0,3.0,5.0,7.0,4.0,2.0,2.0,
,5.0,2.0,3.0,3.0,3.0,3.0,3.0,5.0,7.0,4.0,2.0,2.0,
,5.0,2.0,3.0,3.0,3.0,3.0,3.0,5.0,7.0,4.0,2.0,2.0,
,5.0,2.0,3.0,3.0,3.0,3.0,3.0,5.0,7.0,4.0,2.0,2.0,
,5.0,2.0,3.0,3.0,3.0,3.0,3.0,5.0,7.0,4.0,2.0,2.0,
,9.0,4.0,2.0,5.0,2.0,8.0,4.0,3.0,4.0,2.0,2.0,2.0,47.0
,9.0,4.0,2.0,5.0,2.0,8.0,4.0,3.0,4.0,2.0,2.0,2.0,
,9.0,4.0,2.0,5.0,2.0,8.0,4.0,3.0,4.0,2.0,2.0,2.0,
,9.0,4.0,2.0,5.0,2.0,8.0,4.0,3.0,4.0,2.0,2.0,2.0,
,9.0,4.0,2.0,5.0,2.0,8.0,4.0,3.0,4.0,2.0,2.0,2.0,
,9.0,4.0,2.0,5.0,2.0,8.0,4.0,3.0,4.0,2.0,2.0,2.0,
,9.0,4.0,2.0,5.0,2.0,8.0,4.0,3.0,4.0,2.0,2.0,2.0,
,9.0,4.0,2.0,5.0,2.0,8.0,4.0,3.0,4.0,2.0,2.0,2.0,
,9.0,4.0,2.0,5.0,2.0,8.0,4.0,3.0,4.0,2.0,2.0,2.0,
,9.0,4.0,2.0,5.0,2.0,8.0,4.0,3.0,4.0,2.0,2.0,2.0,
,9.0,4.0,2.0,5.0,2.0,8.0,4.0,3.0,4.0,2.0,2.0,2.0,
,9.0,4.0,2.0,5.0,2.0,8.0,4.0,3.0,4.0,2.0,2.0,2.0,
,3.0,2.0,3.0,1.0,1.0,3.0,3.0,6.0,2.0,3.0,3.0,4.0,34.0
,3.0,2.0,3.0,1.0,1.0,3.0,3.0,6.0,2.0,3.0,3.0,4.0,
,3.0,2.0,3.0,1.0,1.0,3.0,3.0,6.0,2.0,3.0,3.0,4.0,
,3.0,2.0,3.0,1.0,1.0,3.0,3.0,6.0,2.0,3.0,3.0,4.0,
,3.0,2.0,3.0,1.0,1.0,3.0,3.0,6.0,2.0,3.0,3.0,4.0,
,3.0,2.0,3.0,1.0,1.0,3.0,3.0,6.0,2.0,3.0,3.0,4.0,
,3.0,2.0,3.0,1.0,1.0,3.0,3.0,6.0,2.0,3.0,3.0,4.0,
,3.0,2.0,3.0,1.0,1.0,3.0,3.0,6.0,2.0,3.0,3.0,4.0,
,3.0,2.0,3.0,1.0,1.0,3.0,3.0,6.0,2.0,3.0,3.0,4.0,
,3.0,2.0,3.0,1.0,1.0,3.0,3.0,6.0,2.0,3.0,3.0,4.0,
,3.0,2.0,3.0,1.0,1.0,3.0,3.0,6.0,2.0,3.0,3.0,4.0,
,3.0,2.0,3.0,1.0,1.0,3.0,3.0,6.0,2.0,3.0,3.0,4.0,
,1.0,2.0,4.0,5.0,2.0,2.0,3.0,2.0,2.0,2.0,3.0,4.0,32.0
,1.0,2.0,4.0,5.0,2.0,2.0,3.0,2.0,2.0,2.0,3.0,4.0,
,1.0,2.0,4.0,5.0,2.0,2.0,3.0,2.0,2.0,2.0,3.0,4.0,
,1.0,2.0,4.0,5.0,2.0,2.0,3.0,2.0,2.0,2.0,3.0,4.0,
,1.0,2.0,4.0,5.0,2.0,2.0,3.0,2.0,2.0,2.0,3.0,4.0,
,1.0,2.0,4.0,5.0,2.0,2.0,3.0,2.0,2.0,2.0,3.0,4.0,
,1.0,2.0,4.0,5.0,2.0,2.0,3.0,2.0,2.0,2.0,3.0,4.0,
,1.0,2.0,4.0,5.0,2.0,2.0,3.0,2.0,2.0,2.0,3.0,4.0,
,1.0,2.0,4.0,5.0,2.0,2.0,3.0,2.0,2.0,2.0,3.0,4.0,
,1.0,2.0,4.0,5.0,2.0,2.0,3.0,2.0,2.0,2.0,3.0,4.0,
,1.0,2.0,4.0,5.0,2.0,2.0,3.0,2.0,2.0,2.0,3.0,4.0,
,1.0,2.0,4.0,5.0,2.0,2.0,3.0,2.0,2.0,2.0,3.0,4.0,
,2.0,2.0,2.0,3.0,3.0,2.0,2.0,1.0,2.0,4.0,2.0,6.0,31.0
,2.0,2.0,2.0,3.0,3.0,2.0,2.0,1.0,2.0,4.0,2.0,6.0,
,2.0,2.0,2.0,3.0,3.0,2.0,2.0,1.0,2.0,4.0,2.0,6.0,
,2.0,2.0,2.0,3.0,3.0,2.0,2.0,1.0,2.0,4.0,2.0,6.0,
,2.0,2.0,2.0,3.0,3.0,2.0,2.0,1.0,2.0,4.0,2.0,6.0,
,2.0,2.0,2.0,3.0,3.0,2.0,2.0,1.0,2.0,4.0,2.0,6.0,
,2.0,2.0,2.0,3.0,3.0,2.0,2.0,1.0,2.0,4.0,2.0,6.0,
,2.0,2.0,2.0,3.0,3.0,2.0,2.0,1.0,2.0,4.0,2.0,6.0,
,2.0,2.0,2.0,3.0,3.0,2.0,2.0,1.0,2.0,4.0,2.0,6.0,
,2.0,2.0,2.0,3.0,3.0,2.0,2.0,1.0,2.0,4.0,2.0,6.0,
,2.0,2.0,2.0,3.0,3.0,2.0,2.0,1.0,2.0,4.0,2.0,6.0,
,2.0,2.0,2.0,3.0,3.0,2.0,2.0,1.0,2.0,4.0,2.0,6.0,
,3.0,4.0,1.0,2.0,2.0,2.0,2.0,2.0,6.0,2.0,2.0,5.0,33.0
,3.0,4.0,1.0,2.0,2.0,2.0,2.0,2.0,6.0,2.0,2.0,5.0,
,3.0,4.0,1.0,2.0,2.0,2.0,2.0,2.0,6.0,2.0,2.0,5.0,
,3.0,4.0,1.0,2.0,2.0,2.0,2.0,2.0,6.0,2.0,2.0,5.0,
,3.0,4.0,1.0,2.0,2.0,2.0,2.0,2.0,6.0,2.0,2.0,5.0,
,3.0,4.0,1.0,2.0,2.0,2.0,2.0,2.0,6.0,2.0,2.0,5.0,
,3.0,4.0,1.0,2.0,2.0,2.0,2.0,2.0,6.0,2.0,2.0,5.0,
,3.0,4.0,1.0,2.0,2.0,2.0,2.0,2.0,6.0,2.0,2.0,5.0,
,3.0,4.0,1.0,2.0,2.0,2.0,2.0,2.0,6.0,2.0,2.0,5.0,
,3.0,4.0,1.0,2.0,2.0,2.0,2.0,2.0,6.0,2.0,2.0,5.0,
,3.0,4.0,1.0,2.0,2.0,2.0,2.0,2.0,6.0,2.0,2.0,5.0,
,3.0,4.0,1.0,2.0,2.0,2.0,2.0,2.0,6.0,2.0,2.0,5.0,
,1.0,2.0,3.0,1.0,3.0,3.0,4.0,4.0,2.0,2.0,3.0,3.0,31.0
,1.0,2.0,3.0,1.0,3.0,3.0,4.0,4.0,2.0,2.0,3.0,3.0,
,1.0,2.0,3.0,1.0,3.0,3.0,4.0,4.0,2.0,2.0,3.0,3.0,
,1.0,2.0,3.0,1.0,3.0,3.0,4.0,4.0,2.0,2.0,3.0,3.0,
,1.0,2.0,3.0,1.0,3.0,3.0,4.0,4.0,2.0,2.0,3.0,3.0,
,1.0,2.0,3.0,1.0,3.0,3.0,4.0,4.0,2.0,2.0,3.0,3.0,
,1.0,2.0,3.0,1.0,3.0,3.0,4.0,4.0,2.0,2.0,3.0,3.0,
,1.0,2.0,3.0,1.0,3.0,3.0,4.0,4.0,2.0,2.0,3.0,3.0,
,1.0,2.0,3.0,1.0,3.0,3.0,4.0,4.0,2.0,2.0,3.0,3.0,
,1.0,2.0,3.0,1.0,3.0,3.0,4.0,4.0,2.0,2.0,3.0,3.0,
,1.0,2.0,3.0,1.0,3.0,3.0,4.0,4.0,2.0,2.0,3.0,3.0,
,1.0,2.0,3.0,1.0,3.0,3.0,4.0,4.0,2.0,2.0,3.0,3.0,
,2.0,4.0,3.0,3.0,3.0,4.0,3.0,2.0,2.0,2.0,5.0,3.0,36.0
,2.0,4.0,3.0,3.0,3.0,4.0,3.0,2.0,2.0,2.0,5.0,3.0,
,2.0,4.0,3.0,3.0,3.0,4.0,3.0,2.0,2.0,2.0,5.0,3.0,
,2.0,4.0,3.0,3.0,3.0,4.0,3.0,2.0,2.0,2.0,5.0,3.0,
,2.0,4.0,3.0,3.0,3.0,4.0,3.0,2.0,2.0,2.0,5.0,3.0,
,2.0,4.0,3.0,3.0,3.0,4.0,3.0,2.0,2.0,2.0,5.0,3.0,
,2.0,4.0,3.0,3.0,3.0,4.0,3.0,2.0,2.0,2.0,5.0,3.0,
,2.0,4.0,3.0,3.0,3.0,4.0,3.0,2.0,2.0,2.0,5.0,3.0,
,2.0,4.0,3.0,3.0,3.0,4.0,3.0,2.0,2.0,2.0,5.0,3.0,
,2.0,4.0,3.0,3.0,3.0,4.0,3.0,2.0,2.0,2.0,5.0,3.0,
,2.0,4.0,3.0,3.0,3.0,4.0,3.0,2.0,2.0,2.0,5.0,3.0,
,2.0,4.0,3.0,3.0,3.0,4.0,3.0,2.0,2.0,2.0,5.0,3.0,
,4.0,3.0,3.0,3.0,6.0,5.0,4.0,4.0,3.0,3.0,2.0,4.0,44.0
,4.0,3.0,3.0,3.0,6.0,5.0,4.0,4.0,3.0,3.0,2.0,4.0,
,4.0,3.0,3.0,3.0,6.0,5.0,4.0,4.0,3.0,3.0,2.0,4.0,
,4.0,3.0,3.0,3.0,6.0,5.0,4.0,4.0,3.0,3.0,2.0,4.0,
,4.0,3.0,3.0,3.0,6.0,5.0,4.0,4.0,3.0,3.0,2.0,4.0,
,4.0,3.0,3.0,3.0,6.0,5.0,4.0,4.0,3.0,3.0,2.0,4.0,
,4.0,3.0,3.0,3.0,6.0,5.0,4.0,4.0,3.0,3.0,2.0,4.0,
,4.0,3.0,3.0,3.0,6.0,5.0,4.0,4.0,3.0,3.0,2.0,4.0,
,4.0,3.0,3.0,3.0,6.0,5.0,4.0,4.0,3.0,3.0,2.0,4.0,
,4.0,3.0,3.0,3.0,6.0,5.0,4.0,4.0,3.0,3.0,2.0,4.0,
,4.0,3.0,3.0,3.0,6.0,5.0,4.0,4.0,3.0,3.0,2.0,4.0,
,4.0,3.0,3.0,3.0,6.0,5.0,4.0,4.0,3.0,3.0,2.0,4.0,
,2.0,3.0,4.0,2.0,2.0,2.0,2.0,5.0,3.0,2.0,1.0,3.0,31.0
,2.0,3.0,4.0,2.0,2.0,2.0,2.0,5.0,3.0,2.0,1.0,3.0,
,2.0,3.0,4.0,2.0,2.0,2.0,2.0,5.0,3.0,2.0,1.0,3.0,
,2.0,3.0,4.0,2.0,2.0,2.0,2.0,5.0,3.0,2.0,1.0,3.0,
,2.0,3.0,4.0,2.0,2.0,2.0,2.0,5.0,3.0,2.0,1.0,3.0,
,2.0,3.0,4.0,2.0,2.0,2.0,2.0,5.0,3.0,2.0,1.0,3.0,
,2.0,3.0,4.0,2.0,2.0,2.0,2.0,5.0,3.0,2.0,1.0,3.0,
,2.0,3.0,4.0,2.0,2.0,2.0,2.0,5.0,3.0,2.0,1.0,3.0,
,2.0,3.0,4.0,2.0,2.0,2.0,2.0,5.0,3.0,2.0,1.0,3.0,
,2.0,3.0,4.0,2.0,2.0,2.0,2.0,5.0,3.0,2.0,1.0,3.0,
,2.0,3.0,4.0,2.0,2.0,2.0,2.0,5.0,3.0,2.0,1.0,3.0,
,2.0,3.0,4.0,2.0,2.0,2.0,2.0,5.0,3.0,2.0,1.0,3.0,
,1.0,3.0,2.0,3.0,3.0,1.0,5.0,4.0,6.0,3.0,5.0,6.0,42.0
,1.0,3.0,2.0,3.0,3.0,1.0,5.0,4.0,6.0,3.0,5.0,6.0,
,1.0,3.0,2.0,3.0,3.0,1.0,5.0,4.0,6.0,3.0,5.0,6.0,
,1.0,3.0,2.0,3.0,3.0,1.0,5.0,4.0,6.0,3.0,5.0,6.0,
,1.0,3.0,2.0,3.0,3.0,1.0,5.0,4.0,6.0,3.0,5.0,6.0,
,1.0,3.0,2.0,3.0,3.0,1.0,5.0,4.0,6.0,3.0,5.0,6.0,
,1.0,3.0,2.0,3.0,3.0,1.0,5.0,4.0,6.0,3.0,5.0,6.0,
,1.0,3.0,2.0,3.0,3.0,1.0,5.0,4.0,6.0,3.0,5.0,6.0,
,1.0,3.0,2.0,3.0,3.0,1.0,5.0,4.0,6.0,3.0,5.0,6.0,
,1.0,3.0,2.0,3.0,3.0,1.0,5.0,4.0,6.0,3.0,5.0,6.0,
,1.0,3.0,2.0,3.0,3.0,1.0,5.0,4.0,6.0,3.0,5.0,6.0,
,1.0,3.0,2.0,3.0,3.0,1.0,5.0,4.0,6.0,3.0,5.0,6.0,
,4.0,4.0,2.0,2.0,4.0,3.0,4.0,6.0,2.0,2.0,3.0,3.0,39.0
,4.0,4.0,2.0,2.0,4.0,3.0,4.0,6.0,2.0,2.0,3.0,3.0,
,4.0,4.0,2.0,2.0,4.0,3.0,4.0,6.0,2.0,2.0,3.0,3.0,
,4.0,4.0,2.0,2.0,4.0,3.0,4.0,6.0,2.0,2.0,3.0,3.0,
,4.0,4.0,2.0,2.0,4.0,3.0,4.0,6.0,2.0,2.0,3.0,3.0,
,4.0,4.0,2.0,2.0,4.0,3.0,4.0,6.0,2.0,2.0,3.0,3.0,
,4.0,4.0,2.0,2.0,4.0,3.0,4.0,6.0,2.0,2.0,3.0,3.0,
,4.0,4.0,2.0,2.0,4.0,3.0,4.0,6.0,2.0,2.0,3.0,3.0,
,4.0,4.0,2.0,2.0,4.0,3.0,4.0,6.0,2.0,2.0,3.0,3.0,
,4.0,4.0,2.0,2.0,4.0,3.0,4.0,6.0,2.0,2.0,3.0,3.0,
,4.0,4.0,2.0,2.0,4.0,3.0,4.0,6.0,2.0,2.0,3.0,3.0,
,4.0,4.0,2.0,2.0,4.0,3.0,4.0,6.0,2.0,2.0,3.0,3.0,
,4.0,2.0,1.0,3.0,3.0,2.0,2.0,2.0,8.0,2.0,4.0,3.0,36.0
,4.0,2.0,1.0,3.0,3.0,2.0,2.0,2.0,8.0,2.0,4.0,3.0,
,4.0,2.0,1.0,3.0,3.0,2.0,2.0,2.0,8.0,2.0,4.0,3.0,
,4.0,2.0,1.0,3.0,3.0,2.0,2.0,2.0,8.0,2.0,4.0,3.0,
,4.0,2.0,1.0,3.0,3.0,2.0,2.0,2.0,8.0,2.0,4.0,3.0,
,4.0,2.0,1.0,3.0,3.0,2.0,2.0,2.0,8.0,2.0,4.0,3.0,
,4.0,2.0,1.0,3.0,3.0,2.0,2.0,2.0,8.0,2.0,4.0,3.0,
,4.0,2.0,1.0,3.0,3.0,2.0,2.0,2.0,8.0,2.0,4.0,3.0,
,4.0,2.0,1.0,3.0,3.0,2.0,2.0,2.0,8.0,2.0,4.0,3.0,
,4.0,2.0,1.0,3.0,3.0,2.0,2.0,2.0,8.0,2.0,4.0,3.0,
,4.0,2.0,1.0,3.0,3.0,2.0,2.0,2.0,8.0,2.0,4.0,3.0,
,4.0,2.0,1.0,3.0,3.0,2.0,2.0,2.0,8.0,2.0,4.0,3.0,
,3.0,2.0,2.0,4.0,2.0,4.0,5.0,3.0,3.0,2.0,3.0,1.0,34.0
,3.0,2.0,2.0,4.0,2.0,4.0,5.0,3.0,3.0,2.0,3.0,1.0,
,3.0,2.0,2.0,4.0,2.0,4.0,5.0,3.0,3.0,2.0,3.0,1.0,
,3.0,2.0,2.0,4.0,2.0,4.0,5.0,3.0,3.0,2.0,3.0,1.0,
,3.0,2.0,2.0,4.0,2.0,4.0,5.0,3.0,3.0,2.0,3.0,1.0,
,3.0,2.0,2.0,4.0,2.0,4.0,5.0,3.0,3.0,2.0,3.0,1.0,
,3.0,2.0,2.0,4.0,2.0,4.0,5.0,3.0,3.0,2.0,3.0,1.0,
,3.0,2.0,2.0,4.0,2.0,4.0,5.0,3.0,3.0,2.0,3.0,1.0,
,3.0,2.0,2.0,4.0,2.0,4.0,5.0,3.0,3.0,2.0,3.0,1.0,
,3.0,2.0,2.0,4.0,2.0,4.0,5.0,3.0,3.0,2.0,3.0,1.0,
,3.0,2.0,2.0,4.0,2.0,4.0,5.0,3.0,3.0,2.0,3.0,1.0,
,3.0,2.0,2.0,4.0,2.0,4.0,5.0,3.0,3.0,2.0,3.0,1.0,
,3.0,2.0,2.0,4.0,4.0,3.0,2.0,2.0,5.0,4.0,2.0,2.0,35.0
,3.0,2.0,2.0,4.0,4.0,3.0,2.0,2.0,5.0,4.0,2.0,2.0,
,3.0,2.0,2.0,4.0,4.0,3.0,2.0,2.0,5.0,4.0,2.0,2.0,
,3.0,2.0,2.0,4.0,4.0,3.0,2.0,2.0,5.0,4.0,2.0,2.0,
,3.0,2.0,2.0,4.0,4.0,3.0,2.0,2.0,5.0,4.0,2.0,2.0,
,3.0,2.0,2.0,4.0,4.0,3.0,2.0,2.0,5.0,4.0,2.0,2.0,
,3.0,2.0,2.0,4.0,4.0,3.0,2.0,2.0,5.0,4.0,2.0,2.0,
,3.0,2.0,2.0,4.0,4.0,3.0,2.0,2.0,5.0,4.0,2.0,2.0,
,3.0,2.0,2.0,4.0,4.0,3.0,2.0,2.0,5.0,4.0,2.0,2.0,
,3.0,2.0,2.0,4.0,4.0,3.0,2.0,2.0,5.0,4.0,2.0,2.0,
,3.0,2.0,2.0,4.0,4.0,3.0,2.0,2.0,5.0,4.0,2.0,2.0,
,3.0,2.0,2.0,4.0,4.0,3.0,2.0,2.0,5.0,4.0,2.0,2.0,
,3.0,2.0,2.0,3.0,2.0,3.0,3.0,3.0,2.0,3.0,2.0,3.0,31.0
,3.0,2.0,2.0,3.0,2.0,3.0,3.0,3.0,2.0,3.0,2.0,3.0,
,3.0,2.0,2.0,3.0,2.0,3.0,3.0,3.0,2.0,3.0,2.0,3.0,
,3.0,2.0,2.0,3.0,2.0,3.0,3.0,3.0,2.0,3.0,2.0,3.0,
,3.0,2.0,2.0,3.0,2.0,3.0,3.0,3.0,2.0,3.0,2.0,3.0,
,3.0,2.0,2.0,3.0,2.0,3.0,3.0,3.0,2.0,3.0,2.0,3.0,
,3.0,2.0,2.0,3.0,2.0,3.0,3.0,3.0,2.0,3.0,2.0,3.0,
,3.0,2.0,2.0,3.0,2.0,3.0,3.0,3.0,2.0,3.0,2.0,3.0,
,3.0,2.0,2.0,3.0,2.0,3.0,3.0,3.0,2.0,3.0,2.0,3.0,
,3.0,2.0,2.0,3.0,2.0,3.0,3.0,3.0,2.0,3.0,2.0,3.0,
,3.0,2.0,2.0,3.0,2.0,3.0,3.0,3.0,2.0,3.0,2.0,3.0,
,3.0,2.0,2.0,3.0,2.0,3.0,3.0,3.0,2.0,3.0,2.0,3.0,
,5.0,3.0,5.0,7.0,4.0,4.0,3.0,2.0,4.0,2.0,2.0,1.0,42.0
,5.0,3.0,5.0,7.0,4.0,4.0,3.0,2.0,4.0,2.0,2.0,1.0,
,5.0,3.0,5.0,7.0,4.0,4.0,3.0,2.0,4.0,2.0,2.0,1.0,
,5.0,3.0,5.0,7.0,4.0,4.0,3.0,2.0,4.0,2.0,2.0,1.0,
,5.0,3.0,5.0,7.0,4.0,4.0,3.0,2.0,4.0,2.0,2.0,1.0,
,5.0,3.0,5.0,7.0,4.0,4.0,3.0,2.0,4.0,2.0,2.0,1.0,
,5.0,3.0,5.0,7.0,4.0,4.0,3.0,2.0,4.0,2.0,2.0,1.0,
,5.0,3.0,5.0,7.0,4.0,4.0,3.0,2.0,4.0,2.0,2.0,1.0,
,5.0,3.0,5.0,7.0,4.0,4.0,3.0,2.0,4.0,2.0,2.0,1.0,
,5.0,3.0,5.0,7.0,4.0,4.0,3.0,2.0,4.0,2.0,2.0,1.0,
,5.0,3.0,5.0,7.0,4.0,4.0,3.0,2.0,4.0,2.0,2.0,1.0,
,5.0,3.0,5.0,7.0,4.0,4.0,3.0,2.0,4.0,2.0,2.0,1.0,
,3.0,3.0,3.0,2.0,2.0,3.0,5.0,2.0,5.0,6.0,5.0,4.0,43.0
,3.0,3.0,3.0,2.0,2.0,3.0,5.0,2.0,5.0,6.0,5.0,4.0,
,3.0,3.0,3.0,2.0,2.0,3.0,5.0,2.0,5.0,6.0,5.0,4.0,
,3.0,3.0,3.0,2.0,2.0,3.0,5.0,2.0,5.0,6.0,5.0,4.0,
,3.0,3.0,3.0,2.0,2.0,3.0,5.0,2.0,5.0,6.0,5.0,4.0,
,3.0,3.0,3.0,2.0,2.0,3.0,5.0,2.0,5.0,6.0,5.0,4.0,
,3.0,3.0,3.0,2.0,2.0,3.0,5.0,2.0,5.0,6.0,5.0,4.0,
,3.0,3.0,3.0,2.0,2.0,3.0,5.0,2.0,5.0,6.0,5.0,4.0,
,3.0,3.0,3.0,2.0,2.0,3.0,5.0,2.0,5.0,6.0,5.0,4.0,
,3.0,3.0,3.0,2.0,2.0,3.0,5.0,2.0,5.0,6.0,5.0,4.0,
,3.0,3.0,3.0,2.0,2.0,3.0,5.0,2.0,5.0,6.0,5.0,4.0,
,3.0,3.0,3.0,2.0,2.0,3.0,5.0,2.0,5.0,6.0,5.0,4.0,
,2.0,4.0,2.0,2.0,4.0,4.0,7.0,2.0,1.0,4.0,2.0,3.0,37.0
,2.0,4.0,2.0,2.0,4.0,4.0,7.0,2.0,1.0,4.0,2.0,3.0,
,2.0,4.0,2.0,2.0,4.0,4.0,7.0,2.0,1.0,4.0,2.0,3.0,
,2.0,4.0,2.0,2.0,4.0,4.0,7.0,2.0,1.0,4.0,2.0,3.0,
,2.0,4.0,2.0,2.0,4.0,4.0,7.0,2.0,1.0,4.0,2.0,3.0,
,2.0,4.0,2.0,2.0,4.0,4.0,7.0,2.0,1.0,4.0,2.0,3.0,
,2.0,4.0,2.0,2.0,4.0,4.0,7.0,2.0,1.0,4.0,2.0,3.0,
,2.0,4.0,2.0,2.0,4.0,4.0,7.0,2.0,1.0,4.0,2.0,3.0,
,2.0,4.0,2.0,2.0,4.0,4.0,7.0,2.0,1.0,4.0,2.0,3.0,
,2.0,4.0,2.0,2.0,4.0,4.0,7.0,2.0,1.0,4.0,2.0,3.0,
,2.0,4.0,2.0,2.0,4.0,4.0,7.0,2.0,1.0,4.0,2.0,3.0,
,2.0,4.0,2.0,2.0,4.0,4.0,7.0,2.0,1.0,4.0,2.0,3.0,
,2.0,6.0,2.0,3.0,2.0,6.0,6.0,2.0,3.0,2.0,1.0,2.0,37.0
,2.0,6.0,2.0,3.0,2.0,6.0,6.0,2.0,3.0,2.0,1.0,2.0,
,2.0,6.0,2.0,3.0,2.0,6.0,6.0,2.0,3.0,2.0,1.0,2.0,
,2.0,6.0,2.0,3.0,2.0,6.0,6.0,2.0,3.0,2.0,1.0,2.0,
,2.0,6.0,2.0,3.0,2.0,6.0,6.0,2.0,3.0,2.0,1.0,2.0,
,2.0,6.0,2.0,3.0,2.0,6.0,6.0,2.0,3.0,2.0,1.0,2.0,
,2.0,6.0,2.0,3.0,2.0,6.0,6.0,2.0,3.0,2.0,1.0,2.0,
,2.0,6.0,2.0,3.0,2.0,6.0,6.0,2.0,3.0,2.0,1.0,2.0,
,2.0,6.0,2.0,3.0,2.0,6.0,6.0,2.0,3.0,2.0,1.0,2.0,
,2.0,6.0,2.0,3.0,2.0,6.0,6.0,2.0,3.0,2.0,1.0,2.0,
,2.0,6.0,2.0,3.0,2.0,6.0,6.0,2.0,3.0,2.0,1.0,2.0,
,2.0,6.0,2.0,3.0,2.0,6.0,6.0,2.0,3.0,2.0,1.0,2.0,
,7.0,4.0,1.0,2.0,1.0,4.0,1.0,3.0,6.0,2.0,2.0,2.0,35.0
,7.0,4.0,1.0,2.0,1.0,4.0,1.0,3.0,6.0,2.0,2.0,2.0,
,7.0,4.0,1.0,2.0,1.0,4.0,1.0,3.0,6.0,2.0,2.0,2.0,
,7.0,4.0,1.0,2.0,1.0,4.0,1.0,3.0,6.0,2.0,2.0,2.0,
,7.0,4.0,1.0,2.0,1.0,4.0,1.0,3.0,6.0,2.0,2.0,2.0,
,7.0,4.0,1.0,2.0,1.0,4.0,1.0,3.0,6.0,2.0,2.0,2.0,
,7.0,4.0,1.0,2.0,1.0,4.0,1.0,3.0,6.0,2.0,2.0,2.0,
,7.0,4.0,1.0,2.0,1.0,4.0,1.0,3.0,6.0,2.0,2.0,2.0,
,7.0,4.0,1.0,2.0,1.0,4.0,1.0,3.0,6.0,2.0,2.0,2.0,
,7.0,4.0,1.0,2.0,1.0,4.0,1.0,3.0,6.0,2.0,2.0,2.0,
,7.0,4.0,1.0,2.0,1.0,4.0,1.0,3.0,6.0,2.0,2.0,2.0,
,7.0,4.0,1.0,2.0,1.0,4.0,1.0,3.0,6.0,2.0,2.0,2.0,
,2.0,3.0,2.0,3.0,2.0,4.0,4.0,6.0,2.0,4.0,2.0,2.0,36.0
,2.0,3.0,2.0,3.0,2.0,4.0,4.0,6.0,2.0,4.0,2.0,2.0,
,2.0,3.0,2.0,3.0,2.0,4.0,4.0,6.0,2.0,4.0,2.0,2.0,
,2.0,3.0,2.0,3.0,2.0,4.0,4.0,6.0,2.0,4.0,2.0,2.0,
,2.0,3.0,2.0,3.0,2.0,4.0,4.0,6.0,2.0,4.0,2.0,2.0,
,2.0,3.0,2.0,3.0,2.0,4.0,4.0,6.0,2.0,4.0,2.0,2.0,
,2.0,3.0,2.0,3.0,2.0,4.0,4.0,6.0,2.0,4.0,2.0,2.0,
,2.0,3.0,2.0,3.0,2.0,4.0,4.0,6.0,2.0,4.0,2.0,2.0,
,2.0,3.0,2.0,3.0,2.0,4.0,4.0,6.0,2.0,4.0,2.0,2.0,
,2.0,3.0,2.0,3.0,2.0,4.0,4.0,6.0,2.0,4.0,2.0,2.0,
,2.0,3.0,2.0,3.0,2.0,4.0,4.0,6.0,2.0,4.0,2.0,2.0,
,2.0,3.0,2.0,3.0,2.0,4.0,4.0,6.0,2.0,4.0,2.0,2.0,
,3.0,4.0,4.0,3.0,5.0,2.0,2.0,3.0,2.0,3.0,2.0,3.0,36.0
,3.0,4.0,4.0,3.0,5.0,2.0,2.0,3.0,2.0,3.0,2.0,3.0,
,3.0,4.0,4.0,3.0,5.0,2.0,2.0,3.0,2.0,3.0,2.0,3.0,
,3.0,4.0,4.0,3.0,5.0,2.0,2.0,3.0,2.0,3.0,2.0,3.0,
,3.0,4.0,4.0,3.0,5.0,2.0,2.0,3.0,2.0,3.0,2.0,3.0,
,3.0,4.0,4.0,3.0,5.0,2.0,2.0,3.0,2.0,3.0,2.0,3.0,
,3.0,4.0,4.0,3.0,5.0,2.0,2.0,3.0,2.0,3.0,2.0,3.0,
,3.0,4.0,4.0,3.0,5.0,2.0,2.0,3.0,2.0,3.0,2.0,3.0,
,3.0,4.0,4.0,3.0,5.0,2.0,2.0,3.0,2.0,3.0,2.0,3.0,
,3.0,4.0,4.0,3.0,5.0,2.0,2.0,3.0,2.0,3.0,2.0,3.0,
,3.0,4.0,4.0,3.0,5.0,2.0,2.0,3.0,2.0,3.0,2.0,3.0,
,3.0,4.0,4.0,3.0,5.0,2.0,2.0,3.0,2.0,3.0,2.0,3.0,
,2.0,1.0,1.0,8.0,2.0,2.0,2.0,2.0,3.0,3.0,4.0,2.0,32.0
,2.0,1.0,1.0,8.0,2.0,2.0,2.0,2.0,3.0,3.0,4.0,2.0,
,2.0,1.0,1.0,8.0,2.0,2.0,2.0,2.0,3.0,3.0,4.0,2.0,
,2.0,1.0,1.0,8.0,2.0,2.0,2.0,2.0,3.0,3.0,4.0,2.0,
,2.0,1.0,1.0,8.0,2.0,2.0,2.0,2.0,3.0,3.0,4.0,2.0,
,2.0,1.0,1.0,8.0,2.0,2.0,2.0,2.0,3.0,3.0,4.0,2.0,
,2.0,1.0,1.0,8.0,2.0,2.0,2.0,2.0,3.0,3.0,4.0,2.0,
,2.0,1.0,1.0,8.0,2.0,2.0,2.0,2.0,3.0,3.0,4.0,2.0,
,2.0,1.0,1.0,8.0,2.0,2.0,2.0,2.0,3.0,3.0,4.0,2.0,
,2.0,1.0,1.0,8.0,2.0,2.0,2.0,2.0,3.0,3.0,4.0,2.0,
,2.0,1.0,1.0,8.0,2.0,2.0,2.0,2.0,3.0,3.0,4.0,2.0,
,2.0,1.0,1.0,8.0,2.0,2.0,2.0,2.0,3.0,3.0,4.0,2.0,
,2.0,1.0,4.0,4.0,3.0,5.0,4.0,2.0,5.0,2.0,3.0,4.0,39.0
,2.0,1.0,4.0,4.0,3.0,5.0,4.0,2.0,5.0,2.0,3.0,4.0,
,2.0,1.0,4.0,4.0,3.0,5.0,4.0,2.0,5.0,2.0,3.0,4.0,
,2.0,1.0,4.0,4.0,3.0,5.0,4.0,2.0,5.0,2.0,3.0,4.0,
,2.0,1.0,4.0,4.0,3.0,5.0,4.0,2.0,5.0,2.0,3.0,4.0,
,2.0,1.0,4.0,4.0,3.0,5.0,4.0,2.0,5.0,2.0,3.0,4.0,
,2.0,1.0,4.0,4.0,3.0,5.0,4.0,2.0,5.0,2.0,3.0,4.0,
,2.0,1.0,4.0,4.0,3.0,5.0,4.0,2.0,5.0,2.0,3.0,4.0,
,2.0,1.0,4.0,4.0,3.0,5.0,4.0,2.0,5.0,2.0,3.0,4.0,
,2.0,1.0,4.0,4.0,3.0,5.0,4.0,2.0,5.0,2.0,3.0,4.0,
,2.0,1.0,4.0,4.0,3.0,5.0,4.0,2.0,5.0,2.0,3.0,4.0,
,2.0,1.0,4.0,4.0,3.0,5.0,4.0,2.0,5.0,2.0,3.0,4.0,
,3.0,3.0,3.0,5.0,3.0,2.0,4.0,1.0,3.0,3.0,3.0,3.0,36.0
,3.0,3.0,3.0,5.0,3.0,2.0,4.0,1.0,3.0,3.0,3.0,3.0,
,3.0,3.0,3.0,5.0,3.0,2.0,4.0,1.0,3.0,3.0,3.0,3.0,
,3.0,3.0,3.0,5.0,3.0,2.0,4.0,1.0,3.0,3.0,3.0,3.0,
,3.0,3.0,3.0,5.0,3.0,2.0,4.0,1.0,3.0,3.0,3.0,3.0,
,3.0,3.0,3.0,5.0,3.0,2.0,4.0,1.0,3.0,3.0,3.0,3.0,
,3.0,3.0,3.0,5.0,3.0,2.0,4.0,1.0,3.0,3.0,3.0,3.0,
,3.0,3.0,3.0,5.0,3.0,2.0,4.0,1.0,3.0,3.0,3.0,3.0,
,3.0,3.0,3.0,5.0,3.0,2.0,4.0,1.0,3.0,3.0,3.0,3.0,
,3.0,3.0,3.0,5.0,3.0,2.0,4.0,1.0,3.0,3.0,3.0,3.0,
,3.0,3.0,3.0,5.0,3.0,2.0,4.0,1.0,3.0,3.0,3.0,3.0,
,3.0,3.0,3.0,5.0,3.0,2.0,4.0,1.0,3.0,3.0,3.0,3.0,
,2.0,5.0,2.0,4.0,3.0,3.0,3.0,3.0,2.0,3.0,3.0,3.0,36.0
,2.0,5.0,2.0,4.0,3.0,3.0,3.0,3.0,2.0,3.0,3.0,3.0,
,2.0,5.0,2.0,4.0,3.0,3.0,3.0,3.0,2.0,3.0,3.0,3.0,
,2.0,5.0,2.0,4.0,3.0,3.0,3.0,3.0,2.0,3.0,3.0,3.0,
,2.0,5.0,2.0,4.0,3.0,3.0,3.0,3.0,2.0,3.0,3.0,3.0,
,2.0,5.0,2.0,4.0,3.0,3.0,3.0,3.0,2.0,3.0,3.0,3.0,
,2.0,5.0,2.0,4.0,3.0,3.0,3.0,3.0,2.0,3.0,3.0,3.0,
,2.0,5.0,2.0,4.0,3.0,3.0,3.0,3.0,2.0,3.0,3.0,3.0,
,2.0,5.0,2.0,4.0,3.0,3.0,3.0,3.0,2.0,3.0,3.0,3.0,
,2.0,5.0,2.0,4.0,3.0,3.0,3.0,3.0,2.0,3.0,3.0,3.0,
,2.0,5.0,2.0,4.0,3.0,3.0,3.0,3.0,2.0,3.0,3.0,3.0,
,2.0,5.0,2.0,4.0,3.0,3.0,3.0,3.0,2.0,3.0,3.0,3.0,
,2.0,4.0,3.0,3.0,2.0,2.0,2.0,3.0,3.0,2.0,3.0,3.0,32.0
,2.0,4.0,3.0,3.0,2.0,2.0,2.0,3.0,3.0,2.0,3.0,3.0,
,2.0,4.0,3.0,3.0,2.0,2.0,2.0,3.0,3.0,2.0,3.0,3.0,
,2.0,4.0,3.0,3.0,2.0,2.0,2.0,3.0,3.0,2.0,3.0,3.0,
,2.0,4.0,3.0,3.0,2.0,2.0,2.0,3.0,3.0,2.0,3.0,3.0,
,2.0,4.0,3.0,3.0,2.0,2.0,2.0,3.0,3.0,2.0,3.0,3.0,
,2.0,4.0,3.0,3.0,2.0,2.0,2.0,3.0,3.0,2.0,3.0,3.0,
,2.0,4.0,3.0,3.0,2.0,2.0,2.0,3.0,3.0,2.0,3.0,3.0,
,2.0,4.0,3.0,3.0,2.0,2.0,2.0,3.0,3.0,2.0,3.0,3.0,
,2.0,4.0,3.0,3.0,2.0,2.0,2.0,3.0,3.0,2.0,3.0,3.0,
,2.0,4.0,3.0,3.0,2.0,2.0,2.0,3.0,3.0,2.0,3.0,3.0,
,2.0,4.0,3.0,3.0,2.0,2.0,2.0,3.0,3.0,2.0,3.0,3.0,
,2.0,3.0,1.0,2.0,3.0,2.0,3.0,5.0,4.0,4.0,4.0,2.0,35.0
,2.0,3.0,1.0,2.0,3.0,2.0,3.0,5.0,4.0,4.0,4.0,2.0,
,2.0,3.0,1.0,2.0,3.0,2.0,3.0,5.0,4.0,4.0,4.0,2.0,
,2.0,3.0,1.0,2.0,3.0,2.0,3.0,5.0,4.0,4.0,4.0,2.0,
,2.0,3.0,1.0,2.0,3.0,2.0,3.0,5.0,4.0,4.0,4.0,2.0,
,2.0,3.0,1.0,2.0,3.0,2.0,3.0,5.0,4.0,4.0,4.0,2.0,
,2.0,3.0,1.0,2.0,3.0,2.0,3.0,5.0,4.0,4.0,4.0,2.0,
,2.0,3.0,1.0,2.0,3.0,2.0,3.0,5.0,4.0,4.0,4.0,2.0,
,2.0,3.0,1.0,2.0,3.0,2.0,3.0,5.0,4.0,4.0,4.0,2.0,
,2.0,3.0,1.0,2.0,3.0,2.0,3.0,5.0,4.0,4.0,4.0,2.0,
,2.0,3.0,1.0,2.0,3.0,2.0,3.0,5.0,4.0,4.0,4.0,2.0,
,2.0,3.0,1.0,2.0,3.0,2.0,3.0,5.0,4.0,4.0,4.0,2.0,
,2.0,4.0,3.0,4.0,5.0,3.0,3.0,4.0,3.0,5.0,3.0,2.0,41.0
,2.0,4.0,3.0,4.0,5.0,3.0,3.0,4.0,3.0,5.0,3.0,2.0,
,2.0,4.0,3.0,4.0,5.0,3.0,3.0,4.0,3.0,5.0,3.0,2.0,
,2.0,4.0,3.0,4.0,5.0,3.0,3.0,4.0,3.0,5.0,3.0,2.0,
,2.0,4.0,3.0,4.0,5.0,3.0,3.0,4.0,3.0,5.0,3.0,2.0,
,2.0,4.0,3.0,4.0,5.0,3.0,3.0,4.0,3.0,5.0,3.0,2.0,
,2.0,4.0,3.0,4.0,5.0,3.0,3.0,4.0,3.0,5.0,3.0,2.0,
,2.0,4.0,3.0,4.0,5.0,3.0,3.0,4.0,3.0,5.0,3.0,2.0,
,2.0,4.0,3.0,4.0,5.0,3.0,3.0,4.0,3.0,5.0,3.0,2.0,
,2.0,4.0,3.0,4.0,5.0,3.0,3.0,4.0,3.0,5.0,3.0,2.0,
,2.0,4.0,3.0,4.0,5.0,3.0,3.0,4.0,3.0,5.0,3.0,2.0,
,2.0,4.0,3.0,4.0,5.0,3.0,3.0,4.0,3.0,5.0,3.0,2.0,
,4.0,4.0,3.0,2.0,3.0,2.0,3.0,6.0,3.0,1.0,4.0,2.0,37.0
,4.0,4.0,3.0,2.0,3.0,2.0,3.0,6.0,3.0,1.0,4.0,2.0,
,4.0,4.0,3.0,2.0,3.0,2.0,3.0,6.0,3.0,1.0,4.0,2.0,
,4.0,4.0,3.0,2.0,3.0,2.0,3.0,6.0,3.0,1.0,4.0,2.0,
,4.0,4.0,3.0,2.0,3.0,2.0,3.0,6.0,3.0,1.0,4.0,2.0,
,4.0,4.0,3.0,2.0,3.0,2.0,3.0,6.0,3.0,1.0,4.0,2.0,
,4.0,4.0,3.0,2.0,3.0,2.0,3.0,6.0,3.0,1.0,4.0,2.0,
,4.0,4.0,3.0,2.0,3.0,2.0,3.0,6.0,3.0,1.0,4.0,2.0,
,4.0,4.0,3.0,2.0,3.0,2.0,3.0,6.0,3.0,1.0,4.0,2.0,
,4.0,4.0,3.0,2.0,3.0,2.0,3.0,6.0,3.0,1.0,4.0,2.0,
,4.0,4.0,3.0,2.0,3.0,2.0,3.0,6.0,3.0,1.0,4.0,2.0,
,4.0,4.0,3.0,2.0,3.0,2.0,3.0,6.0,3.0,1.0,4.0,2.0,
,4.0,2.0,5.0,3.0,4.0,8.0,5.0,4.0,4.0,3.0,2.0,2.0,46.0
,4.0,2.0,5.0,3.0,4.0,8.0,5.0,4.0,4.0,3.0,2.0,2.0,
,4.0,2.0,5.0,3.0,4.0,8.0,5.0,4.0,4.0,3.0,2.0,2.0,
,4.0,2.0,5.0,3.0,4.0,8.0,5.0,4.0,4.0,3.0,2.0,2.0,
,4.0,2.0,5.0,3.0,4.0,8.0,5.0,4.0,4.0,3.0,2.0,2.0,
,4.0,2.0,5.0,3.0,4.0,8.0,5.0,4.0,4.0,3.0,2.0,2.0,
,4.0,2.0,5.0,3.0,4.0,8.0,5.0,4.0,4.0,3.0,2.0,2.0,
,4.0,2.0,5.0,3.0,4.0,8.0,5.0,4.0,4.0,3.0,2.0,2.0,
,4.0,2.0,5.0,3.0,4.0,8.0,5.0,4.0,4.0,3.0,2.0,2.0,
,4.0,2.0,5.0,3.0,4.0,8.0,5.0,4.0,4.0,3.0,2.0,2.0,
,4.0,2.0,5.0,3.0,4.0,8.0,5.0,4.0,4.0,3.0,2.0,2.0,
,4.0,2.0,5.0,3.0,4.0,8.0,5.0,4.0,4.0,3.0,2.0,2.0,
,2.0,4.0,4.0,3.0,5.0,3.0,4.0,5.0,3.0,3.0,2.0,3.0,41.0
,2.0,4.0,4.0,3.0,5.0,3.0,4.0,5.0,3.0,3.0,2.0,3.0,
,2.0,4.0,4.0,3.0,5.0,3.0,4.0,5.0,3.0,3.0,2.0,3.0,
,2.0,4.0,4.0,3.0,5.0,3.0,4.0,5.0,3.0,3.0,2.0,3.0,
,2.0,4.0,4.0,3.0,5.0,3.0,4.0,5.0,3.0,3.0,2.0,3.0,
,2.0,4.0,4.0,3.0,5.0,3.0,4.0,5.0,3.0,3.0,2.0,3.0,
,2.0,4.0,4.0,3.0,5.0,3.0,4.0,5.0,3.0,3.0,2.0,3.0,
,2.0,4.0,4.0,3.0,5.0,3.0,4.0,5.0,3.0,3.0,2.0,3.0,
,2.0,4.0,4.0,3.0,5.0,3.0,4.0,5.0,3.0,3.0,2.0,3.0,
,2.0,4.0,4.0,3.0,5.0,3.0,4.0,5.0,3.0,3.0,2.0,3.0,
,2.0,4.0,4.0,3.0,5.0,3.0,4.0,5.0,3.0,3.0,2.0,3.0,
,2.0,4.0,4.0,3.0,5.0,3.0,4.0,5.0,3.0,3.0,2.0,3.0,
,3.0,3.0,2.0,1.0,4.0,2.0,4.0,3.0,7.0,2.0,5.0,3.0,39.0
,3.0,3.0,2.0,1.0,4.0,2.0,4.0,3.0,7.0,2.0,5.0,3.0,
,3.0,3.0,2.0,1.0,4.0,2.0,4.0,3.0,7.0,2.0,5.0,3.0,
,3.0,3.0,2.0,1.0,4.0,2.0,4.0,3.0,7.0,2.0,5.0,3.0,
,3.0,3.0,2.0,1.0,4.0,2.0,4.0,3.0,7.0,2.0,5.0,3.0,
,3.0,3.0,2.0,1.0,4.0,2.0,4.0,3.0,7.0,2.0,5.0,3.0,
,3.0,3.0,2.0,1.0,4.0,2.0,4.0,3.0,7.0,2.0,5.0,3.0,
,3.0,3.0,2.0,1.0,4.0,2.0,4.0,3.0,7.0,2.0,5.0,3.0,
,3.0,3.0,2.0,1.0,4.0,2.0,4.0,3.0,7.0,2.0,5.0,3.0,
,3.0,3.0,2.0,1.0,4.0,2.0,4.0,3.0,7.0,2.0,5.0,3.0,
,3.0,3.0,2.0,1.0,4.0,2.0,4.0,3.0,7.0,2.0,5.0,3.0,
,3.0,3.0,2.0,1.0,4.0,2.0,4.0,3.0,7.0,2.0,5.0,3.0,
,5.0,3.0,5.0,5.0,5.0,4.0,4.0,4.0,4.0,3.0,3.0,2.0,47.0
,5.0,3.0,5.0,5.0,5.0,4.0,4.0,4.0,4.0,3.0,3.0,2.0,
,5.0,3.0,5.0,5.0,5.0,4.0,4.0,4.0,4.0,3.0,3.0,2.0,
,5.0,3.0,5.0,5.0,5.0,4.0,4.0,4.0,4.0,3.0,3.0,2.0,
,5.0,3.0,5.0,5.0,5.0,4.0,4.0,4.0,4.0,3.0,3.0,2.0,
,5.0,3.0,5.0,5.0,5.0,4.0,4.0,4.0,4.0,3.0,3.0,2.0,
,5.0,3.0,5.0,5.0,5.0,4.0,4.0,4.0,4.0,3.0,3.0,2.0,
,5.0,3.0,5.0,5.0,5.0,4.0,4.0,4.0,4.0,3.0,3.0,2.0,
,5.0,3.0,5.0,5.0,5.0,4.0,4.0,4.0,4.0,3.0,3.0,2.0,
,5.0,3.0,5.0,5.0,5.0,4.0,4.0,4.0,4.0,3.0,3.0,2.0,
,5.0,3.0,5.0,5.0,5.0,4.0,4.0,4.0,4.0,3.0,3.0,2.0,
,5.0,3.0,5.0,5.0,5.0,4.0,4.0,4.0,4.0,3.0,3.0,2.0,
,3.0,7.0,5.0,5.0,2.0,3.0,4.0,4.0,3.0,3.0,2.0,4.0,45.0
,3.0,7.0,5.0,5.0,2.0,3.0,4.0,4.0,3.0,3.0,2.0,4.0,
,3.0,7.0,5.0,5.0,2.0,3.0,4.0,4.0,3.0,3.0,2.0,4.0,
,3.0,7.0,5.0,5.0,2.0,3.0,4.0,4.0,3.0,3.0,2.0,4.0,
,3.0,7.0,5.0,5.0,2.0,3.0,4.0,4.0,3.0,3.0,2.0,4.0,
,3.0,7.0,5.0,5.0,2.0,3.0,4.0,4.0,3.0,3.0,2.0,4.0,
,3.0,7.0,5.0,5.0,2.0,3.0,4.0,4.0,3.0,3.0,2.0,4.0,
,3.0,7.0,5.0,5.0,2.0,3.0,4.0,4.0,3.0,3.0,2.0,4.0,
,3.0,7.0,5.0,5.0,2.0,3.0,4.0,4.0,3.0,3.0,2.0,4.0,
,3.0,7.0,5.0,5.0,2.0,3.0,4.0,4.0,3.0,3.0,2.0,4.0,
,3.0,7.0,5.0,5.0,2.0,3.0,4.0,4.0,3.0,3.0,2.0,4.0,
,3.0,7.0,5.0,5.0,2.0,3.0,4.0,4.0,3.0,3.0,2.0,4.0,
,3.0,2.0,2.0,2.0,1.0,2.0,2.0,4.0,4.0,3.0,2.0,3.0,30.0
,3.0,2.0,2.0,2.0,1.0,2.0,2.0,4.0,4.0,3.0,2.0,3.0,
,3.0,2.0,2.0,2.0,1.0,2.0,2.0,4.0,4.0,3.0,2.0,3.0,
,3.0,2.0,2.0,2.0,1.0,2.0,2.0,4.0,4.0,3.0,2.0,3.0,
,3.0,2.0,2.0,2.0,1.0,2.0,2.0,4.0,4.0,3.0,2.0,3.0,
,3.0,2.0,2.0,2.0,1.0,2.0,2.0,4.0,4.0,3.0,2.0,3.0,
,3.0,2.0,2.0,2.0,1.0,2.0,2.0,4.0,4.0,3.0,2.0,3.0,
,3.0,2.0,2.0,2.0,1.0,2.0,2.0,4.0,4.0,3.0,2.0,3.0,
,3.0,2.0,2.0,2.0,1.0,2.0,2.0,4.0,4.0,3.0,2.0,3.0,
,3.0,2.0,2.0,2.0,1.0,2.0,2.0,4.0,4.0,3.0,2.0,3.0,
,3.0,2.0,2.0,2.0,1.0,2.0,2.0,4.0,4.0,3.0,2.0,3.0,
,3.0,2.0,2.0,2.0,1.0,2.0,2.0,4.0,4.0,3.0,2.0,3.0,
,2.0,2.0,2.0,2.0,3.0,4.0,2.0,6.0,5.0,4.0,3.0,4.0,39.0
,2.0,2.0,2.0,2.0,3.0,4.0,2.0,6.0,5.0,4.0,3.0,4.0,
,2.0,2.0,2.0,2.0,3.0,4.0,2.0,6.0,5.0,4.0,3.0,4.0,
,2.0,2.0,2.0,2.0,3.0,4.0,2.0,6.0,5.0,4.0,3.0,4.0,
,2.0,2.0,2.0,2.0,3.0,4.0,2.0,6.0,5.0,4.0,3.0,4.0,
,2.0,2.0,2.0,2.0,3.0,4.0,2.0,6.0,5.0,4.0,3.0,4.0,
,2.0,2.0,2.0,2.0,3.0,4.0,2.0,6.0,5.0,4.0,3.0,4.0,
,2.0,2.0,2.0,2.0,3.0,4.0,2.0,6.0,5.0,4.0,3.0,4.0,
,2.0,2.0,2.0,2.0,3.0,4.0,2.0,6.0,5.0,4.0,3.0,4.0,
,2.0,2.0,2.0,2.0,3.0,4.0,2.0,6.0,5.0,4.0,3.0,4.0,
,2.0,2.0,2.0,2.0,3.0,4.0,2.0,6.0,5.0,4.0,3.0,4.0,
,2.0,2.0,2.0,2.0,3.0,4.0,2.0,6.0,5.0,4.0,3.0,4.0,
,3.0,3.0,4.0,2.0,2.0,8.0,3.0,2.0,3.0,5.0,3.0,5.0,43.0
,3.0,3.0,4.0,2.0,2.0,8.0,3.0,2.0,3.0,5.0,3.0,5.0,
,3.0,3.0,4.0,2.0,2.0,8.0,3.0,2.0,3.0,5.0,3.0,5.0,
,3.0,3.0,4.0,2.0,2.0,8.0,3.0,2.0,3.0,5.0,3.0,5.0,
,3.0,3.0,4.0,2.0,2.0,8.0,3.0,2.0,3.0,5.0,3.0,5.0,
,3.0,3.0,4.0,2.0,2.0,8.0,3.0,2.0,3.0,5.0,3.0,5.0,
,3.0,3.0,4.0,2.0,2.0,8.0,3.0,2.0,3.0,5.0,3.0,5.0,
,3.0,3.0,4.0,2.0,2.0,8.0,3.0,2.0,3.0,5.0,3.0,5.0,
,3.0,3.0,4.0,2.0,2.0,8.0,3.0,2.0,3.0,5.0,3.0,5.0,
,3.0,3.0,4.0,2.0,2.0,8.0,3.0,2.0,3.0,5.0,3.0,5.0,
,3.0,3.0,4.0,2.0,2.0,8.0,3.0,2.0,3.0,5.0,3.0,5.0,
,3.0,3.0,4.0,2.0,2.0,8.0,3.0,2.0,3.0,5.0,3.0,5.0,
,3.0,3.0,2.0,2.0,3.0,2.0,9.0,2.0,10.0,6.0,3.0,4.0,49.0
,3.0,3.0,2.0,2.0,3.0,2.0,9.0,2.0,10.0,6.0,3.0,4.0,
,3.0,3.0,2.0,2.0,3.0,2.0,9.0,2.0,10.0,6.0,3.0,4.0,
,3.0,3.0,2.0,2.0,3.0,2.0,9.0,2.0,10.0,6.0,3.0,4.0,
,3.0,3.0,2.0,2.0,3.0,2.0,9.0,2.0,10.0,6.0,3.0,4.0,
,3.0,3.0,2.0,2.0,3.0,2.0,9.0,2.0,10.0,6.0,3.0,4.0,
,3.0,3.0,2.0,2.0,3.0,2.0,9.0,2.0,10.0,6.0,3.0,4.0,
,3.0,3.0,2.0,2.0,3.0,2.0,9.0,2.0,10.0,6.0,3.0,4.0,
,3.0,3.0,2.0,2.0,3.0,2.0,9.0,2.0,10.0,6.0,3.0,4.0,
,3.0,3.0,2.0,2.0,3.0,2.0,9.0,2.0,10.0,6.0,3.0,4.0,
,3.0,3.0,2.0,2.0,3.0,2.0,9.0,2.0,10.0,6.0,3.0,4.0,
,3.0,3.0,2.0,2.0,3.0,2.0,9.0,2.0,10.0,6.0,3.0,4.0,
,2.0,2.0,5.0,6.0,1.0,1.0,3.0,3.0,3.0,5.0,2.0,6.0,39.0
,2.0,2.0,5.0,6.0,1.0,1.0,3.0,3.0,3.0,5.0,2.0,6.0,
,2.0,2.0,5.0,6.0,1.0,1.0,3.0,3.0,3.0,5.0,2.0,6.0,
,2.0,2.0,5.0,6.0,1.0,1.0,3.0,3.0,3.0,5.0,2.0,6.0,
,2.0,2.0,5.0,6.0,1.0,1.0,3.0,3.0,3.0,5.0,2.0,6.0,
,2.0,2.0,5.0,6.0,1.0,1.0,3.0,3.0,3.0,5.0,2.0,6.0,
,2.0,2.0,5.0,6.0,1.0,1.0,3.0,3.0,3.0,5.0,2.0,6.0,
,2.0,2.0,5.0,6.0,1.0,1.0,3.0,3.0,3.0,5.0,2.0,6.0,
,2.0,2.0,5.0,6.0,1.0,1.0,3.0,3.0,3.0,5.0,2.0,6.0,
,2.0,2.0,5.0,6.0,1.0,1.0,3.0,3.0,3.0,5.0,2.0,6.0,
,2.0,2.0,5.0,6.0,1.0,1.0,3.0,3.0,3.0,5.0,2.0,6.0,
,2.0,2.0,5.0,6.0,1.0,1.0,3.0,3.0,3.0,5.0,2.0,6.0,
,3.0,7.0,3.0,2.0,6.0,6.0,1.0,4.0,4.0,4.0,3.0,2.0,45.0
,3.0,7.0,3.0,2.0,6.0,6.0,1.0,4.0,4.0,4.0,3.0,2.0,
,3.0,7.0,3.0,2.0,6.0,6.0,1.0,4.0,4.0,4.0,3.0,2.0,
,3.0,7.0,3.0,2.0,6.0,6.0,1.0,4.0,4.0,4.0,3.0,2.0,
,3.0,7.0,3.0,2.0,6.0,6.0,1.0,4.0,4.0,4.0,3.0,2.0,
,3.0,7.0,3.0,2.0,6.0,6.0,1.0,4.0,4.0,4.0,3.0,2.0,
,3.0,7.0,3.0,2.0,6.0,6.0,1.0,4.0,4.0,4.0,3.0,2.0,
,3.0,7.0,3.0,2.0,6.0,6.0,1.0,4.0,4.0,4.0,3.0,2.0,
,3.0,7.0,3.0,2.0,6.0,6.0,1.0,4.0,4.0,4.0,3.0,2.0,
,3.0,7.0,3.0,2.0,6.0,6.0,1.0,4.0,4.0,4.0,3.0,2.0,
,3.0,7.0,3.0,2.0,6.0,6.0,1.0,4.0,4.0,4.0,3.0,2.0,
,3.0,7.0,3.0,2.0,6.0,6.0,1.0,4.0,4.0,4.0,3.0,2.0,
,3.0,3.0,3.0,4.0,3.0,4.0,4.0,6.0,4.0,3.0,2.0,5.0,44.0
,3.0,3.0,3.0,4.0,3.0,4.0,4.0,6.0,4.0,3.0,2.0,5.0,
,3.0,3.0,3.0,4.0,3.0,4.0,4.0,6.0,4.0,3.0,2.0,5.0,
,3.0,3.0,3.0,4.0,3.0,4.0,4.0,6.0,4.0,3.0,2.0,5.0,
,3.0,3.0,3.0,4.0,3.0,4.0,4.0,6.0,4.0,3.0,2.0,5.0,
,3.0,3.0,3.0,4.0,3.0,4.0,4.0,6.0,4.0,3.0,2.0,5.0,
,3.0,3.0,3.0,4.0,3.0,4.0,4.0,6.0,4.0,3.0,2.0,5.0,
,3.0,3.0,3.0,4.0,3.0,4.0,4.0,6.0,4.0,3.0,2.0,5.0,
,3.0,3.0,3.0,4.0,3.0,4.0,4.0,6.0,4.0,3.0,2.0,5.0,
,3.0,3.0,3.0,4.0,3.0,4.0,4.0,6.0,4.0,3.0,2.0,5.0,
,3.0,3.0,3.0,4.0,3.0,4.0,4.0,6.0,4.0,3.0,2.0,5.0,
,3.0,3.0,3.0,4.0,3.0,4.0,4.0,6.0,4.0,3.0,2.0,5.0,
,6.0,3.0,2.0,3.0,5.0,2.0,3.0,2.0,3.0,5.0,2.0,1.0,37.0
,6.0,3.0,2.0,3.0,5.0,2.0,3.0,2.0,3.0,5.0,2.0,1.0,
,6.0,3.0,2.0,3.0,5.0,2.0,3.0,2.0,3.0,5.0,2.0,1.0,
,6.0,3.0,2.0,3.0,5.0,2.0,3.0,2.0,3.0,5.0,2.0,1.0,
,6.0,3.0,2.0,3.0,5.0,2.0,3.0,2.0,3.0,5.0,2.0,1.0,
,6.0,3.0,2.0,3.0,5.0,2.0,3.0,2.0,3.0,5.0,2.0,1.0,
,6.0,3.0,2.0,3.0,5.0,2.0,3.0,2.0,3.0,5.0,2.0,1.0,
,6.0,3.0,2.0,3.0,5.0,2.0,3.0,2.0,3.0,5.0,2.0,1.0,
,6.0,3.0,2.0,3.0,5.0,2.0,3.0,2.0,3.0,5.0,2.0,1.0,
,6.0,3.0,2.0,3.0,5.0,2.0,3.0,2.0,3.0,5.0,2.0,1.0,
,6.0,3.0,2.0,3.0,5.0,2.0,3.0,2.0,3.0,5.0,2.0,1.0,
,6.0,3.0,2.0,3.0,5.0,2.0,3.0,2.0,3.0,5.0,2.0,1.0,
,2.0,2.0,1.0,2.0,3.0,2.0,5.0,3.0,6.0,5.0,2.0,2.0,35.0
,2.0,2.0,1.0,2.0,3.0,2.0,5.0,3.0,6.0,5.0,2.0,2.0,
,2.0,2.0,1.0,2.0,3.0,2.0,5.0,3.0,6.0,5.0,2.0,2.0,
,2.0,2.0,1.0,2.0,3.0,2.0,5.0,3.0,6.0,5.0,2.0,2.0,
,2.0,2.0,1.0,2.0,3.0,2.0,5.0,3.0,6.0,5.0,2.0,2.0,
,2.0,2.0,1.0,2.0,3.0,2.0,5.0,3.0,6.0,5.0,2.0,2.0,
,2.0,2.0,1.0,2.0,3.0,2.0,5.0,3.0,6.0,5.0,2.0,2.0,
,2.0,2.0,1.0,2.0,3.0,2.0,5.0,3.0,6.0,5.0,2.0,2.0,
,2.0,2.0,1.0,2.0,3.0,2.0,5.0,3.0,6.0,5.0,2.0,2.0,
,2.0,2.0,1.0,2.0,3.0,2.0,5.0,3.0,6.0,5.0,2.0,2.0,
,2.0,2.0,1.0,2.0,3.0,2.0,5.0,3.0,6.0,5.0,2.0,2.0,
,2.0,2.0,1.0,2.0,3.0,2.0,5.0,3.0,6.0,5.0,2.0,2.0,
,3.0,2.0,3.0,2.0,2.0,3.0,2.0,3.0,3.0,3.0,2.0,2.0,30.0
,3.0,2.0,3.0,2.0,2.0,3.0,2.0,3.0,3.0,3.0,2.0,2.0,
,3.0,2.0,3.0,2.0,2.0,3.0,2.0,3.0,3.0,3.0,2.0,2.0,
,3.0,2.0,3.0,2.0,2.0,3.0,2.0,3.0,3.0,3.0,2.0,2.0,
,3.0,2.0,3.0,2.0,2.0,3.0,2.0,3.0,3.0,3.0,2.0,2.0,
,3.0,2.0,3.0,2.0,2.0,3.0,2.0,3.0,3.0,3.0,2.0,2.0,
,3.0,2.0,3.0,2.0,2.0,3.0,2.0,3.0,3.0,3.0,2.0,2.0,
,3.0,2.0,3.0,2.0,2.0,3.0,2.0,3.0,3.0,3.0,2.0,2.0,
,3.0,2.0,3.0,2.0,2.0,3.0,2.0,3.0,3.0,3.0,2.0,2.0,
,3.0,2.0,3.0,2.0,2.0,3.0,2.0,3.0,3.0,3.0,2.0,2.0,
,3.0,2.0,3.0,2.0,2.0,3.0,2.0,3.0,3.0,3.0,2.0,2.0,
,3.0,2.0,3.0,2.0,2.0,3.0,2.0,3.0,3.0,3.0,2.0,2.0,
,2.0,2.0,3.0,3.0,4.0,2.0,4.0,3.0,2.0,2.0,2.0,1.0,30.0
,2.0,2.0,3.0,3.0,4.0,2.0,4.0,3.0,2.0,2.0,2.0,1.0,
,2.0,2.0,3.0,3.0,4.0,2.0,4.0,3.0,2.0,2.0,2.0,1.0,
,2.0,2.0,3.0,3.0,4.0,2.0,4.0,3.0,2.0,2.0,2.0,1.0,
,2.0,2.0,3.0,3.0,4.0,2.0,4.0,3.0,2.0,2.0,2.0,1.0,
,2.0,2.0,3.0,3.0,4.0,2.0,4.0,3.0,2.0,2.0,2.0,1.0,
,2.0,2.0,3.0,3.0,4.0,2.0,4.0,3.0,2.0,2.0,2.0,1.0,
,2.0,2.0,3.0,3.0,4.0,2.0,4.0,3.0,2.0,2.0,2.0,1.0,
,2.0,2.0,3.0,3.0,4.0,2.0,4.0,3.0,2.0,2.0,2.0,1.0,
,2.0,2.0,3.0,3.0,4.0,2.0,4.0,3.0,2.0,2.0,2.0,1.0,
,2.0,2.0,3.0,3.0,4.0,2.0,4.0,3.0,2.0,2.0,2.0,1.0,
,2.0,2.0,3.0,3.0,4.0,2.0,4.0,3.0,2.0,2.0,2.0,1.0,
,1.0,3.0,5.0,1.0,7.0,3.0,3.0,2.0,7.0,3.0,3.0,4.0,42.0
,1.0,3.0,5.0,1.0,7.0,3.0,3.0,2.0,7.0,3.0,3.0,4.0,
,1.0,3.0,5.0,1.0,7.0,3.0,3.0,2.0,7.0,3.0,3.0,4.0,
,1.0,3.0,5.0,1.0,7.0,3.0,3.0,2.0,7.0,3.0,3.0,4.0,
,1.0,3.0,5.0,1.0,7.0,3.0,3.0,2.0,7.0,3.0,3.0,4.0,
,1.0,3.0,5.0,1.0,7.0,3.0,3.0,2.0,7.0,3.0,3.0,4.0,
,1.0,3.0,5.0,1.0,7.0,3.0,3.0,2.0,7.0,3.0,3.0,4.0,
,1.0,3.0,5.0,1.0,7.0,3.0,3.0,2.0,7.0,3.0,3.0,4.0,
,1.0,3.0,5.0,1.0,7.0,3.0,3.0,2.0,7.0,3.0,3.0,4.0,
,1.0,3.0,5.0,1.0,7.0,3.0,3.0,2.0,7.0,3.0,3.0,4.0,
,1.0,3.0,5.0,1.0,7.0,3.0,3.0,2.0,7.0,3.0,3.0,4.0,
,1.0,3.0,5.0,1.0,7.0,3.0,3.0,2.0,7.0,3.0,3.0,4.0,
,2.0,2.0,2.0,2.0,7.0,6.0,2.0,6.0,4.0,3.0,2.0,1.0,39.0
,2.0,2.0,2.0,2.0,7.0,6.0,2.0,6.0,4.0,3.0,2.0,1.0,
,2.0,2.0,2.0,2.0,7.0,6.0,2.0,6.0,4.0,3.0,2.0,1.0,
,2.0,2.0,2.0,2.0,7.0,6.0,2.0,6.0,4.0,3.0,2.0,1.0,
,2.0,2.0,2.0,2.0,7.0,6.0,2.0,6.0,4.0,3.0,2.0,1.0,
,2.0,2.0,2.0,2.0,7.0,6.0,2.0,6.0,4.0,3.0,2.0,1.0,
,2.0,2.0,2.0,2.0,7.0,6.0,2.0,6.0,4.0,3.0,2.0,1.0,
,2.0,2.0,2.0,2.0,7.0,6.0,2.0,6.0,4.0,3.0,2.0,1.0,
,2.0,2.0,2.0,2.0,7.0,6.0,2.0,6.0,4.0,3.0,2.0,1.0,
,2.0,2.0,2.0,2.0,7.0,6.0,2.0,6.0,4.0,3.0,2.0,1.0,
,2.0,2.0,2.0,2.0,7.0,6.0,2.0,6.0,4.0,3.0,2.0,1.0,
,2.0,2.0,2.0,2.0,7.0,6.0,2.0,6.0,4.0,3.0,2.0,1.0,
,3.0,3.0,2.0,1.0,5.0,4.0,4.0,2.0,3.0,3.0,1.0,,
,3.0,3.0,2.0,1.0,5.0,4.0,4.0,2.0,3.0,3.0,1.0,,
,3.0,3.0,2.0,1.0,5.0,4.0,4.0,2.0,3.0,3.0,1.0,,
,3.0,3.0,2.0,1.0,5.0,4.0,4.0,2.0,3.0,3.0,1.0,,
,3.0,3.0,2.0,1.0,5.0,4.0,4.0,2.0,3.0,3.0,1.0,,
,3.0,3.0,2.0,1.0,5.0,4.0,4.0,2.0,3.0,3.0,1.0,,
,3.0,3.0,2.0,1.0,5.0,4.0,4.0,2.0,3.0,3.0,1.0,,
,3.0,3.0,2.0,1.0,5.0,4.0,4.0,2.0,3.0,3.0,1.0,,
,3.0,3.0,2.0,1.0,5.0,4.0,4.0,2.0,3.0,3.0,1.0,,
,3.0,3.0,2.0,1.0,5.0,4.0,4.0,2.0,3.0,3.0,1.0,,
,3.0,3.0,2.0,1.0,5.0,4.0,4.0,2.0,3.0,3.0,1.0,,
,3.0,3.0,2.0,1.0,5.0,4.0,4.0,2.0,3.0,3.0,1.0,,
