year,jan,feb,mar,apr,may,jun,jul,aug,sep,oct,nov,dec,annual
,0.0,0.0,0.0,0.0,0.0,0.0,0.0,0.0,0.0,0.0,0.0,0.0,0.0
,0.0,0.0,0.0,0.0,0.0,0.0,0.0,0.0,0.0,0.0,0.0,0.0,
,0.0,0.0,0.0,0.0,0.0,0.0,0.0,0.0,0.0,0.0,0.0,0.0,
,0.0,0.0,0.0,0.0,0.0,0.0,0.0,0.0,0.0,0.0,0.0,0.0,
,0.0,0.0,0.0,0.0,0.0,0.0,0.0,0.0,0.0,0.0,0.0,0.0,
,0.0,0.0,0.0,0.0,0.0,0.0,0.0,0.0,0.0,0.0,0.0,0.0,
,0.0,0.0,0.0,0.0,0.0,0.0,0.0,0.0,0.0,0.0,0.0,0.0,
,0.0,0.0,0.0,0.0,0.0,0.0,0.0,0.0,0.0,0.0,0.0,0.0,
,0.0,0.0,0.0,0.0,0.0,0.0,0.0,0.0,0.0,0.0,0.0,0.0,
,0.0,0.0,0.0,0.0,0.0,0.0,0.0,0.0,0.0,0.0,0.0,0.0,
,0.0,0.0,0.0,0.0,0.0,0.0,0.0,0.0,0.0,0.0,0.0,0.0,
,0.0,0.0,0.0,0.0,0.0,0.0,0.0,0.0,0.0,0.0,0.0,0.0,
,0.0,0.0,0.0,0.0,0.0,0.0,0.0,0.0,0.0,0.0,0.0,0.0,0.0
,0.0,0.0,0.0,0.0,0.0,0.0,0.0,0.0,0.0,0.0,0.0,0.0,
,0.0,0.0,0.0,0.0,0.0,0.0,0.0,0.0,0.0,0.0,0.0,0.0,
,0.0,0.0,0.0,0.0,0.0,0.0,0.0,0.0,0.0,0.0,0.0,0.0,
,0.0,0.0,0.0,0.0,0.0,0.0,0.0,0.0,0.0,0.0,0.0,0.0,
,0.0,0.0,0.0,0.0,0.0,0.0,0.0,0.0,0.0,0.0,0.0,0.0,
,0.0,0.0,0.0,0.0,0.0,0.0,0.0,0.0,0.0,0.0,0.0,0.0,
,0.0,0.0,0.0,0.0,0.0,0.0,0.0,0.0,0.0,0.0,0.0,0.0,
,0.0,0.0,0.0,0.0,0.0,0.0,0.0,0.0,0.0,0.0,0.0,0.0,
,0.0,0.0,0.0,0.0,0.0,0.0,0.0,0.0,0.0,0.0,0.0,0.0,
,0.0,0.0,0.0,0.0,0.0,0.0,0.0,0.0,0.0,0.0,0.0,0.0,
,0.0,0.0,0.0,0.0,0.0,0.0,0.0,0.0,0.0,0.0,0.0,0.0,
,0.0,0.0,0.0,0.0,0.0,0.0,0.0,0.0,0.0,0.0,0.0,0.0,0.0
,0.0,0.0,0.0,0.0,0.0,0.0,0.0,0.0,0.0,0.0,0.0,0.0,
,0.0,0.0,0.0,0.0,0.0,0.0,0.0,0.0,0.0,0.0,0.0,0.0,
,0.0,0.0,0.0,0.0,0.0,0.0,0.0,0.0,0.0,0.0,0.0,0.0,
,0.0,0.0,0.0,0.0,0.0,0.0,0.0,0.0,0.0,0.0,0.0,0.0,
,0.0,0.0,0.0,0.0,0.0,0.0,0.0,0.0,0.0,0.0,0.0,0.0,
,0.0,0.0,0.0,0.0,0.0,0.0,0.0,0.0,0.0,0.0,0.0,0.0,
,0.0,0.0,0.0,0.0,0.0,0.0,0.0,0.0,0.0,0.0,0.0,0.0,
,0.0,0.0,0.0,0.0,0.0,0.0,0.0,0.0,0.0,0.0,0.0,0.0,
,0.0,0.0,0.0,0.0,0.0,0.0,0.0,0.0,0.0,0.0,0.0,0.0,
,0.0,0.0,0.0,0.0,0.0,0.0,0.0,0.0,0.0,0.0,0.0,0.0,
,0.0,0.0,0.0,0.0,0.0,0.0,0.0,0.0,0.0,0.0,0.0,0.0,
,0.0,0.0,0.0,0.0,0.0,0.0,0.0,0.0,0.0,0.0,0.0,0.0,0.0
,0.0,0.0,0.0,0.0,0.0,0.0,0.0,0.0,0.0,0.0,0.0,0.0,
,0.0,0.0,0.0,0.0,0.0,0.0,0.0,0.0,0.0,0.0,0.0,0.0,
,0.0,0.0,0.0,0.0,0.0,0.0,0.0,0.0,0.0,0.0,0.0,0.0,
,0.0,0.0,0.0,0.0,0.0,0.0,0.0,0.0,0.0,0.0,0.0,0.0,
,0.0,0.0,0.0,0.0,0.0,0.0,0.0,0.0,0.0,0.0,0.0,0.0,
,0.0,0.0,0.0,0.0,0.0,0.0,0.0,0.0,0.0,0.0,0.0,0.0,
,0.0,0.0,0.0,0.0,0.0,0.0,0.0,0.0,0.0,0.0,0.0,0.0,
,0.0,0.0,0.0,0.0,0.0,0.0,0.0,0.0,0.0,0.0,0.0,0.0,
,0.0,0.0,0.0,0.0,0.0,0.0,0.0,0.0,0.0,0.0,0.0,0.0,
,0.0,0.0,0.0,0.0,0.0,0.0,0.0,0.0,0.0,0.0,0.0,0.0,
,0.0,0.0,0.0,0.0,0.0,0.0,0.0,0.0,0.0,0.0,0.0,0.0,
,0.0,0.0,0.0,0.0,0.0,0.0,0.0,0.0,0.0,0.0,0.0,0.0,0.0
,0.0,0.0,0.0,0.0,0.0,0.0,0.0,0.0,0.0,0.0,0.0,0.0,
,0.0,0.0,0.0,0.0,0.0,0.0,0.0,0.0,0.0,0.0,0.0,0.0,
,0.0,0.0,0.0,0.0,0.0,0.0,0.0,0.0,0.0,0.0,0.0,0.0,
,0.0,0.0,0.0,0.0,0.0,0.0,0.0,0.0,0.0,0.0,0.0,0.0,
,0.0,0.0,0.0,0.0,0.0,0.0,0.0,0.0,0.0,0.0,0.0,0.0,
,0.0,0.0,0.0,0.0,0.0,0.0,0.0,0.0,0.0,0.0,0.0,0.0,
,0.0,0.0,0.0,0.0,0.0,0.0,0.0,0.0,0.0,0.0,0.0,0.0,
,0.0,0.0,0.0,0.0,0.0,0.0,0.0,0.0,0.0,0.0,0.0,0.0,
,0.0,0.0,0.0,0.0,0.0,0.0,0.0,0.0,0.0,0.0,0.0,0.0,
,0.0,0.0,0.0,0.0,0.0,0.0,0.0,0.0,0.0,0.0,0.0,0.0,
,0.0,0.0,0.0,0.0,0.0,0.0,0.0,0.0,0.0,0.0,0.0,0.0,
,0.0,0.0,0.0,0.0,0.0,0.0,0.0,0.0,0.0,0.0,0.0,0.0,0.0
,0.0,0.0,0.0,0.0,0.0,0.0,0.0,0.0,0.0,0.0,0.0,0.0,
,0.0,0.0,0.0,0.0,0.0,0.0,0.0,0.0,0.0,0.0,0.0,0.0,
,0.0,0.0,0.0,0.0,0.0,0.0,0.0,0.0,0.0,0.0,0.0,0.0,
,0.0,0.0,0.0,0.0,0.0,0.0,0.0,0.0,0.0,0.0,0.0,0.0,
,0.0,0.0,0.0,0.0,0.0,0.0,0.0,0.0,0.0,0.0,0.0,0.0,
,0.0,0.0,0.0,0.0,0.0,0.0,0.0,0.0,0.0,0.0,0.0,0.0,
,0.0,0.0,0.0,0.0,0.0,0.0,0.0,0.0,0.0,0.0,0.0,0.0,
,0.0,0.0,0.0,0.0,0.0,0.0,0.0,0.0,0.0,0.0,0.0,0.0,
,0.0,0.0,0.0,0.0,0.0,0.0,0.0,0.0,0.0,0.0,0.0,0.0,
,0.0,0.0,0.0,0.0,0.0,0.0,0.0,0.0,0.0,0.0,0.0,0.0,
,0.0,0.0,0.0,0.0,0.0,0.0,0.0,0.0,0.0,0.0,0.0,0.0,
,0.0,0.0,0.0,0.0,0.0,0.0,0.0,0.0,0.0,0.0,0.0,0.0,0.0
,0.0,0.0,0.0,0.0,0.0,0.0,0.0,0.0,0.0,0.0,0.0,0.0,
,0.0,0.0,0.0,0.0,0.0,0.0,0.0,0.0,0.0,0.0,0.0,0.0,
,0.0,0.0,0.0,0.0,0.0,0.0,0.0,0.0,0.0,0.0,0.0,0.0,
,0.0,0.0,0.0,0.0,0.0,0.0,0.0,0.0,0.0,0.0,0.0,0.0,
,0.0,0.0,0.0,0.0,0.0,0.0,0.0,0.0,0.0,0.0,0.0,0.0,
,0.0,0.0,0.0,0.0,0.0,0.0,0.0,0.0,0.0,0.0,0.0,0.0,
,0.0,0.0,0.0,0.0,0.0,0.0,0.0,0.0,0.0,0.0,0.0,0.0,
,0.0,0.0,0.0,0.0,0.0,0.0,0.0,0.0,0.0,0.0,0.0,0.0,
,0.0,0.0,0.0,0.0,0.0,0.0,0.0,0.0,0.0,0.0,0.0,0.0,
,0.0,0.0,0.0,0.0,0.0,0.0,0.0,0.0,0.0,0.0,0.0,0.0,
,0.0,0.0,0.0,0.0,0.0,0.0,0.0,0.0,0.0,0.0,0.0,0.0,
,0.0,0.0,0.0,0.0,0.0,0.0,0.0,0.0,0.0,0.0,0.0,0.0,0.0
,0.0,0.0,0.0,0.0,0.0,0.0,0.0,0.0,0.0,0.0,0.0,0.0,
,0.0,0.0,0.0,0.0,0.0,0.0,0.0,0.0,0.0,0.0,0.0,0.0,
,0.0,0.0,0.0,0.0,0.0,0.0,0.0,0.0,0.0,0.0,0.0,0.0,
,0.0,0.0,0.0,0.0,0.0,0.0,0.0,0.0,0.0,0.0,0.0,0.0,
,0.0,0.0,0.0,0.0,0.0,0.0,0.0,0.0,0.0,0.0,0.0,0.0,
,0.0,0.0,0.0,0.0,0.0,0.0,0.0,0.0,0.0,0.0,0.0,0.0,
,0.0,0.0,0.0,0.0,0.0,0.0,0.0,0.0,0.0,0.0,0.0,0.0,
,0.0,0.0,0.0,0.0,0.0,0.0,0.0,0.0,0.0,0.0,0.0,0.0,
,0.0,0.0,0.0,0.0,0.0,0.0,0.0,0.0,0.0,0.0,0.0,0.0,
,0.0,0.0,0.0,0.0,0.0,0.0,0.0,0.0,0.0,0.0,0.0,0.0,
,0.0,0.0,0.0,0.0,0.0,0.0,0.0,0.0,0.0,0.0,0.0,0.0,
,0.0,0.0,0.0,0.0,0.0,0.0,0.0,0.0,0.0,0.0,0.0,0.0,0.0
,0.0,0.0,0.0,0.0,0.0,0.0,0.0,0.0,0.0,0.0,0.0,0.0,
,0.0,0.0,0.0,0.0,0.0,0.0,0.0,0.0,0.0,0.0,0.0,0.0,
,0.0,0.0,0.0,0.0,0.0,0.0,0.0,0.0,0.0,0.0,0.0,0.0,
,0.0,0.0,0.0,0.0,0.0,0.0,0.0,0.0,0.0,0.0,0.0,0.0,
,0.0,0.0,0.0,0.0,0.0,0.0,0.0,0.0,0.0,0.0,0.0,0.0,
,0.0,0.0,0.0,0.0,0.0,0.0,0.0,0.0,0.0,0.0,0.0,0.0,
,0.0,0.0,0.0,0.0,0.0,0.0,0.0,0.0,0.0,0.0,0.0,0.0,
,0.0,0.0,0.0,0.0,0.0,0.0,0.0,0.0,0.0,0.0,0.0,0.0,
,0.0,0.0,0.0,0.0,0.0,0.0,0.0,0.0,0.0,0.0,0.0,0.0,
,0.0,0.0,0.0,0.0,0.0,0.0,0.0,0.0,0.0,0.0,0.0,0.0,
,0.0,0.0,0.0,0.0,0.0,0.0,0.0,0.0,0.0,0.0,0.0,0.0,
,0.0,0.0,0.0,0.0,0.0,0.0,0.0,0.0,0.0,0.0,0.0,0.0,0.0
,0.0,0.0,0.0,0.0,0.0,0.0,0.0,0.0,0.0,0.0,0.0,0.0,
,0.0,0.0,0.0,0.0,0.0,0.0,0.0,0.0,0.0,0.0,0.0,0.0,
,0.0,0.0,0.0,0.0,0.0,0.0,0.0,0.0,0.0,0.0,0.0,0.0,
,0.0,0.0,0.0,0.0,0.0,0.0,0.0,0.0,0.0,0.0,0.0,0.0,
,0.0,0.0,0.0,0.0,0.0,0.0,0.0,0.0,0.0,0.0,0.0,0.0,
,0.0,0.0,0.0,0.0,0.0,0.0,0.0,0.0,0.0,0.0,0.0,0.0,
,0.0,0.0,0.0,0.0,0.0,0.0,0.0,0.0,0.0,0.0,0.0,0.0,
,0.0,0.0,0.0,0.0,0.0,0.0,0.0,0.0,0.0,0.0,0.0,0.0,
,0.0,0.0,0.0,0.0,0.0,0.0,0.0,0.0,0.0,0.0,0.0,0.0,
,0.0,0.0,0.0,0.0,0.0,0.0,0.0,0.0,0.0,0.0,0.0,0.0,
,0.0,0.0,0.0,0.0,0.0,0.0,0.0,0.0,0.0,0.0,0.0,0.0,
,0.0,0.0,0.0,0.0,0.0,0.0,0.0,0.0,0.0,0.0,0.0,0.0,0.0
,0.0,0.0,0.0,0.0,0.0,0.0,0.0,0.0,0.0,0.0,0.0,0.0,
,0.0,0.0,0.0,0.0,0.0,0.0,0.0,0.0,0.0,0.0,0.0,0.0,
,0.0,0.0,0.0,0.0,0.0,0.0,0.0,0.0,0.0,0.0,0.0,0.0,
,0.0,0.0,0.0,0.0,0.0,0.0,0.0,0.0,0.0,0.0,0.0,0.0,
,0.0,0.0,0.0,0.0,0.0,0.0,0.0,0.0,0.0,0.0,0.0,0.0,
,0.0,0.0,0.0,0.0,0.0,0.0,0.0,0.0,0.0,0.0,0.0,0.0,
,0.0,0.0,0.0,0.0,0.0,0.0,0.0,0.0,0.0,0.0,0.0,0.0,
,0.0,0.0,0.0,0.0,0.0,0.0,0.0,0.0,0.0,0.0,0.0,0.0,
,0.0,0.0,0.0,0.0,0.0,0.0,0.0,0.0,0.0,0.0,0.0,0.0,
,0.0,0.0,0.0,0.0,0.0,0.0,0.0,0.0,0.0,0.0,0.0,0.0,
,0.0,0.0,0.0,0.0,0.0,0.0,0.0,0.0,0.0,0.0,0.0,0.0,
,0.0,0.0,0.0,0.0,0.0,0.0,0.0,0.0,0.0,0.0,0.0,0.0,0.0
,0.0,0.0,0.0,0.0,0.0,0.0,0.0,0.0,0.0,0.0,0.0,0.0,
,0.0,0.0,0.0,0.0,0.0,0.0,0.0,0.0,0.0,0.0,0.0,0.0,
,0.0,0.0,0.0,0.0,0.0,0.0,0.0,0.0,0.0,0.0,0.0,0.0,
,0.0,0.0,0.0,0.0,0.0,0.0,0.0,0.0,0.0,0.0,0.0,0.0,
,0.0,0.0,0.0,0.0,0.0,0.0,0.0,0.0,0.0,0.0,0.0,0.0,
,0.0,0.0,0.0,0.0,0.0,0.0,0.0,0.0,0.0,0.0,0.0,0.0,
,0.0,0.0,0.0,0.0,0.0,0.0,0.0,0.0,0.0,0.0,0.0,0.0,
,0.0,0.0,0.0,0.0,0.0,0.0,0.0,0.0,0.0,0.0,0.0,0.0,
,0.0,0.0,0.0,0.0,0.0,0.0,0.0,0.0,0.0,0.0,0.0,0.0,
,0.0,0.0,0.0,0.0,0.0,0.0,0.0,0.0,0.0,0.0,0.0,0.0,
,0.0,0.0,0.0,0.0,0.0,0.0,0.0,0.0,0.0,0.0,0.0,0.0,
,65.6,96.9,230.5,375.6,46.1,99.6,72.9,47.2,3.8,29.0,2.7,129.0,1198.9
,65.6,96.9,230.5,375.6,46.1,99.6,72.9,47.2,3.8,29.0,2.7,129.0,
,65.6,96.9,230.5,375.6,46.1,99.6,72.9,47.2,3.8,29.0,2.7,129.0,
,65.6,96.9,230.5,375.6,46.1,99.6,72.9,47.2,3.8,29.0,2.7,129.0,
,65.6,96.9,230.5,375.6,46.1,99.6,72.9,47.2,3.8,29.0,2.7,129.0,
,65.6,96.9,230.5,375.6,46.1,99.6,72.9,47.2,3.8,29.0,2.7,129.0,
,65.6,96.9,230.5,375.6,46.1,99.6,72.9,47.2,3.8,29.0,2.7,129.0,
,65.6,96.9,230.5,375.6,46.1,99.6,72.9,47.2,3.8,29.0,2.7,129.0,
,65.6,96.9,230.5,375.6,46.1,99.6,72.9,47.2,3.8,29.0,2.7,129.0,
,65.6,96.9,230.5,375.6,46.1,99.6,72.9,47.2,3.8,29.0,2.7,129.0,
,65.6,96.9,230.5,375.6,46.1,99.6,72.9,47.2,3.8,29.0,2.7,129.0,
,65.6,96.9,230.5,375.6,46.1,99.6,72.9,47.2,3.8,29.0,2.7,129.0,
,236.1,390.9,458.4,395.3,18.4,0.0,6.2,0.0,1.4,37.3,26.2,56.6,1626.8
,236.1,390.9,458.4,395.3,18.4,0.0,6.2,0.0,1.4,37.3,26.2,56.6,
,236.1,390.9,458.4,395.3,18.4,0.0,6.2,0.0,1.4,37.3,26.2,56.6,
,236.1,390.9,458.4,395.3,18.4,0.0,6.2,0.0,1.4,37.3,26.2,56.6,
,236.1,390.9,458.4,395.3,18.4,0.0,6.2,0.0,1.4,37.3,26.2,56.6,
,236.1,390.9,458.4,395.3,18.4,0.0,6.2,0.0,1.4,37.3,26.2,56.6,
,236.1,390.9,458.4,395.3,18.4,0.0,6.2,0.0,1.4,37.3,26.2,56.6,
,236.1,390.9,458.4,395.3,18.4,0.0,6.2,0.0,1.4,37.3,26.2,56.6,
,236.1,390.9,458.4,395.3,18.4,0.0,6.2,0.0,1.4,37.3,26.2,56.6,
,236.1,390.9,458.4,395.3,18.4,0.0,6.2,0.0,1.4,37.3,26.2,56.6,
,236.1,390.9,458.4,395.3,18.4,0.0,6.2,0.0,1.4,37.3,26.2,56.6,
,236.1,390.9,458.4,395.3,18.4,0.0,6.2,0.0,1.4,37.3,26.2,56.6,
,290.5,176.5,315.2,163.1,29.1,44.5,23.6,0.0,3.7,13.9,34.1,65.0,1159.2
,290.5,176.5,315.2,163.1,29.1,44.5,23.6,0.0,3.7,13.9,34.1,65.0,
,290.5,176.5,315.2,163.1,29.1,44.5,23.6,0.0,3.7,13.9,34.1,65.0,
,290.5,176.5,315.2,163.1,29.1,44.5,23.6,0.0,3.7,13.9,34.1,65.0,
,290.5,176.5,315.2,163.1,29.1,44.5,23.6,0.0,3.7,13.9,34.1,65.0,
,290.5,176.5,315.2,163.1,29.1,44.5,23.6,0.0,3.7,13.9,34.1,65.0,
,290.5,176.5,315.2,163.1,29.1,44.5,23.6,0.0,3.7,13.9,34.1,65.0,
,290.5,176.5,315.2,163.1,29.1,44.5,23.6,0.0,3.7,13.9,34.1,65.0,
,290.5,176.5,315.2,163.1,29.1,44.5,23.6,0.0,3.7,13.9,34.1,65.0,
,290.5,176.5,315.2,163.1,29.1,44.5,23.6,0.0,3.7,13.9,34.1,65.0,
,290.5,176.5,315.2,163.1,29.1,44.5,23.6,0.0,3.7,13.9,34.1,65.0,
,290.5,176.5,315.2,163.1,29.1,44.5,23.6,0.0,3.7,13.9,34.1,65.0,
,77.9,420.8,130.5,97.9,11.9,0.0,1.2,4.9,39.4,63.7,139.2,63.7,1051.1
,77.9,420.8,130.5,97.9,11.9,0.0,1.2,4.9,39.4,63.7,139.2,63.7,
,77.9,420.8,130.5,97.9,11.9,0.0,1.2,4.9,39.4,63.7,139.2,63.7,
,77.9,420.8,130.5,97.9,11.9,0.0,1.2,4.9,39.4,63.7,139.2,63.7,
,77.9,420.8,130.5,97.9,11.9,0.0,1.2,4.9,39.4,63.7,139.2,63.7,
,77.9,420.8,130.5,97.9,11.9,0.0,1.2,4.9,39.4,63.7,139.2,63.7,
,77.9,420.8,130.5,97.9,11.9,0.0,1.2,4.9,39.4,63.7,139.2,63.7,
,77.9,420.8,130.5,97.9,11.9,0.0,1.2,4.9,39.4,63.7,139.2,63.7,
,77.9,420.8,130.5,97.9,11.9,0.0,1.2,4.9,39.4,63.7,139.2,63.7,
,77.9,420.8,130.5,97.9,11.9,0.0,1.2,4.9,39.4,63.7,139.2,63.7,
,77.9,420.8,130.5,97.9,11.9,0.0,1.2,4.9,39.4,63.7,139.2,63.7,
,77.9,420.8,130.5,97.9,11.9,0.0,1.2,4.9,39.4,63.7,139.2,63.7,
,150.9,133.2,285.2,170.3,40.1,19.2,39.2,0.0,19.5,39.2,14.4,34.9,946.1
,150.9,133.2,285.2,170.3,40.1,19.2,39.2,0.0,19.5,39.2,14.4,34.9,
,150.9,133.2,285.2,170.3,40.1,19.2,39.2,0.0,19.5,39.2,14.4,34.9,
,150.9,133.2,285.2,170.3,40.1,19.2,39.2,0.0,19.5,39.2,14.4,34.9,
,150.9,133.2,285.2,170.3,40.1,19.2,39.2,0.0,19.5,39.2,14.4,34.9,
,150.9,133.2,285.2,170.3,40.1,19.2,39.2,0.0,19.5,39.2,14.4,34.9,
,150.9,133.2,285.2,170.3,40.1,19.2,39.2,0.0,19.5,39.2,14.4,34.9,
,150.9,133.2,285.2,170.3,40.1,19.2,39.2,0.0,19.5,39.2,14.4,34.9,
,150.9,133.2,285.2,170.3,40.1,19.2,39.2,0.0,19.5,39.2,14.4,34.9,
,150.9,133.2,285.2,170.3,40.1,19.2,39.2,0.0,19.5,39.2,14.4,34.9,
,150.9,133.2,285.2,170.3,40.1,19.2,39.2,0.0,19.5,39.2,14.4,34.9,
,150.9,133.2,285.2,170.3,40.1,19.2,39.2,0.0,19.5,39.2,14.4,34.9,
,177.1,321.8,183.3,249.9,167.1,3.7,26.9,0.0,34.9,4.3,36.7,39.3,1245.0
,177.1,321.8,183.3,249.9,167.1,3.7,26.9,0.0,34.9,4.3,36.7,39.3,
,177.1,321.8,183.3,249.9,167.1,3.7,26.9,0.0,34.9,4.3,36.7,39.3,
,177.1,321.8,183.3,249.9,167.1,3.7,26.9,0.0,34.9,4.3,36.7,39.3,
,177.1,321.8,183.3,249.9,167.1,3.7,26.9,0.0,34.9,4.3,36.7,39.3,
,177.1,321.8,183.3,249.9,167.1,3.7,26.9,0.0,34.9,4.3,36.7,39.3,
,177.1,321.8,183.3,249.9,167.1,3.7,26.9,0.0,34.9,4.3,36.7,39.3,
,177.1,321.8,183.3,249.9,167.1,3.7,26.9,0.0,34.9,4.3,36.7,39.3,
,177.1,321.8,183.3,249.9,167.1,3.7,26.9,0.0,34.9,4.3,36.7,39.3,
,177.1,321.8,183.3,249.9,167.1,3.7,26.9,0.0,34.9,4.3,36.7,39.3,
,177.1,321.8,183.3,249.9,167.1,3.7,26.9,0.0,34.9,4.3,36.7,39.3,
,177.1,321.8,183.3,249.9,167.1,3.7,26.9,0.0,34.9,4.3,36.7,39.3,
,293.3,141.5,239.8,164.7,38.8,0.0,1.2,12.9,5.8,5.6,105.9,40.5,1050.0
,293.3,141.5,239.8,164.7,38.8,0.0,1.2,12.9,5.8,5.6,105.9,40.5,
,293.3,141.5,239.8,164.7,38.8,0.0,1.2,12.9,5.8,5.6,105.9,40.5,
,293.3,141.5,239.8,164.7,38.8,0.0,1.2,12.9,5.8,5.6,105.9,40.5,
,293.3,141.5,239.8,164.7,38.8,0.0,1.2,12.9,5.8,5.6,105.9,40.5,
,293.3,141.5,239.8,164.7,38.8,0.0,1.2,12.9,5.8,5.6,105.9,40.5,
,293.3,141.5,239.8,164.7,38.8,0.0,1.2,12.9,5.8,5.6,105.9,40.5,
,293.3,141.5,239.8,164.7,38.8,0.0,1.2,12.9,5.8,5.6,105.9,40.5,
,293.3,141.5,239.8,164.7,38.8,0.0,1.2,12.9,5.8,5.6,105.9,40.5,
,293.3,141.5,239.8,164.7,38.8,0.0,1.2,12.9,5.8,5.6,105.9,40.5,
,293.3,141.5,239.8,164.7,38.8,0.0,1.2,12.9,5.8,5.6,105.9,40.5,
,293.3,141.5,239.8,164.7,38.8,0.0,1.2,12.9,5.8,5.6,105.9,40.5,
,210.3,266.9,178.7,25.2,14.8,5.8,1.1,0.0,5.1,18.5,166.9,101.7,995.0
,210.3,266.9,178.7,25.2,14.8,5.8,1.1,0.0,5.1,18.5,166.9,101.7,
,210.3,266.9,178.7,25.2,14.8,5.8,1.1,0.0,5.1,18.5,166.9,101.7,
,210.3,266.9,178.7,25.2,14.8,5.8,1.1,0.0,5.1,18.5,166.9,101.7,
,210.3,266.9,178.7,25.2,14.8,5.8,1.1,0.0,5.1,18.5,166.9,101.7,
,210.3,266.9,178.7,25.2,14.8,5.8,1.1,0.0,5.1,18.5,166.9,101.7,
,210.3,266.9,178.7,25.2,14.8,5.8,1.1,0.0,5.1,18.5,166.9,101.7,
,210.3,266.9,178.7,25.2,14.8,5.8,1.1,0.0,5.1,18.5,166.9,101.7,
,210.3,266.9,178.7,25.2,14.8,5.8,1.1,0.0,5.1,18.5,166.9,101.7,
,210.3,266.9,178.7,25.2,14.8,5.8,1.1,0.0,5.1,18.5,166.9,101.7,
,210.3,266.9,178.7,25.2,14.8,5.8,1.1,0.0,5.1,18.5,166.9,101.7,
,210.3,266.9,178.7,25.2,14.8,5.8,1.1,0.0,5.1,18.5,166.9,101.7,
,90.6,48.4,313.5,61.1,1.9,5.8,0.0,2.1,0.0,3.2,0.0,39.0,565.6
,90.6,48.4,313.5,61.1,1.9,5.8,0.0,2.1,0.0,3.2,0.0,39.0,
,90.6,48.4,313.5,61.1,1.9,5.8,0.0,2.1,0.0,3.2,0.0,39.0,
,90.6,48.4,313.5,61.1,1.9,5.8,0.0,2.1,0.0,3.2,0.0,39.0,
,90.6,48.4,313.5,61.1,1.9,5.8,0.0,2.1,0.0,3.2,0.0,39.0,
,90.6,48.4,313.5,61.1,1.9,5.8,0.0,2.1,0.0,3.2,0.0,39.0,
,90.6,48.4,313.5,61.1,1.9,5.8,0.0,2.1,0.0,3.2,0.0,39.0,
,90.6,48.4,313.5,61.1,1.9,5.8,0.0,2.1,0.0,3.2,0.0,39.0,
,90.6,48.4,313.5,61.1,1.9,5.8,0.0,2.1,0.0,3.2,0.0,39.0,
,90.6,48.4,313.5,61.1,1.9,5.8,0.0,2.1,0.0,3.2,0.0,39.0,
,90.6,48.4,313.5,61.1,1.9,5.8,0.0,2.1,0.0,3.2,0.0,39.0,
,90.6,48.4,313.5,61.1,1.9,5.8,0.0,2.1,0.0,3.2,0.0,39.0,
,79.7,43.7,115.7,153.3,15.2,7.3,0.0,0.0,0.0,9.7,60.4,68.4,553.4
,79.7,43.7,115.7,153.3,15.2,7.3,0.0,0.0,0.0,9.7,60.4,68.4,
,79.7,43.7,115.7,153.3,15.2,7.3,0.0,0.0,0.0,9.7,60.4,68.4,
,79.7,43.7,115.7,153.3,15.2,7.3,0.0,0.0,0.0,9.7,60.4,68.4,
,79.7,43.7,115.7,153.3,15.2,7.3,0.0,0.0,0.0,9.7,60.4,68.4,
,79.7,43.7,115.7,153.3,15.2,7.3,0.0,0.0,0.0,9.7,60.4,68.4,
,79.7,43.7,115.7,153.3,15.2,7.3,0.0,0.0,0.0,9.7,60.4,68.4,
,79.7,43.7,115.7,153.3,15.2,7.3,0.0,0.0,0.0,9.7,60.4,68.4,
,79.7,43.7,115.7,153.3,15.2,7.3,0.0,0.0,0.0,9.7,60.4,68.4,
,79.7,43.7,115.7,153.3,15.2,7.3,0.0,0.0,0.0,9.7,60.4,68.4,
,79.7,43.7,115.7,153.3,15.2,7.3,0.0,0.0,0.0,9.7,60.4,68.4,
,79.7,43.7,115.7,153.3,15.2,7.3,0.0,0.0,0.0,9.7,60.4,68.4,
,96.6,376.1,126.7,42.3,10.6,7.7,5.5,1.0,0.0,0.0,0.0,74.7,741.2
,96.6,376.1,126.7,42.3,10.6,7.7,5.5,1.0,0.0,0.0,0.0,74.7,
,96.6,376.1,126.7,42.3,10.6,7.7,5.5,1.0,0.0,0.0,0.0,74.7,
,96.6,376.1,126.7,42.3,10.6,7.7,5.5,1.0,0.0,0.0,0.0,74.7,
,96.6,376.1,126.7,42.3,10.6,7.7,5.5,1.0,0.0,0.0,0.0,74.7,
,96.6,376.1,126.7,42.3,10.6,7.7,5.5,1.0,0.0,0.0,0.0,74.7,
,96.6,376.1,126.7,42.3,10.6,7.7,5.5,1.0,0.0,0.0,0.0,74.7,
,96.6,376.1,126.7,42.3,10.6,7.7,5.5,1.0,0.0,0.0,0.0,74.7,
,96.6,376.1,126.7,42.3,10.6,7.7,5.5,1.0,0.0,0.0,0.0,74.7,
,96.6,376.1,126.7,42.3,10.6,7.7,5.5,1.0,0.0,0.0,0.0,74.7,
,96.6,376.1,126.7,42.3,10.6,7.7,5.5,1.0,0.0,0.0,0.0,74.7,
,96.6,376.1,126.7,42.3,10.6,7.7,5.5,1.0,0.0,0.0,0.0,74.7,
,116.8,143.6,136.3,532.8,31.1,4.0,0.0,0.0,1.7,43.5,11.9,96.7,1118.4
,116.8,143.6,136.3,532.8,31.1,4.0,0.0,0.0,1.7,43.5,11.9,96.7,
,116.8,143.6,136.3,532.8,31.1,4.0,0.0,0.0,1.7,43.5,11.9,96.7,
,116.8,143.6,136.3,532.8,31.1,4.0,0.0,0.0,1.7,43.5,11.9,96.7,
,116.8,143.6,136.3,532.8,31.1,4.0,0.0,0.0,1.7,43.5,11.9,96.7,
,116.8,143.6,136.3,532.8,31.1,4.0,0.0,0.0,1.7,43.5,11.9,96.7,
,116.8,143.6,136.3,532.8,31.1,4.0,0.0,0.0,1.7,43.5,11.9,96.7,
,116.8,143.6,136.3,532.8,31.1,4.0,0.0,0.0,1.7,43.5,11.9,96.7,
,116.8,143.6,136.3,532.8,31.1,4.0,0.0,0.0,1.7,43.5,11.9,96.7,
,116.8,143.6,136.3,532.8,31.1,4.0,0.0,0.0,1.7,43.5,11.9,96.7,
,116.8,143.6,136.3,532.8,31.1,4.0,0.0,0.0,1.7,43.5,11.9,96.7,
,116.8,143.6,136.3,532.8,31.1,4.0,0.0,0.0,1.7,43.5,11.9,96.7,
,323.1,371.1,255.0,469.9,130.0,59.8,6.3,3.5,2.5,5.5,4.3,332.8,1963.8
,323.1,371.1,255.0,469.9,130.0,59.8,6.3,3.5,2.5,5.5,4.3,332.8,
,323.1,371.1,255.0,469.9,130.0,59.8,6.3,3.5,2.5,5.5,4.3,332.8,
,323.1,371.1,255.0,469.9,130.0,59.8,6.3,3.5,2.5,5.5,4.3,332.8,
,323.1,371.1,255.0,469.9,130.0,59.8,6.3,3.5,2.5,5.5,4.3,332.8,
,323.1,371.1,255.0,469.9,130.0,59.8,6.3,3.5,2.5,5.5,4.3,332.8,
,323.1,371.1,255.0,469.9,130.0,59.8,6.3,3.5,2.5,5.5,4.3,332.8,
,323.1,371.1,255.0,469.9,130.0,59.8,6.3,3.5,2.5,5.5,4.3,332.8,
,323.1,371.1,255.0,469.9,130.0,59.8,6.3,3.5,2.5,5.5,4.3,332.8,
,323.1,371.1,255.0,469.9,130.0,59.8,6.3,3.5,2.5,5.5,4.3,332.8,
,323.1,371.1,255.0,469.9,130.0,59.8,6.3,3.5,2.5,5.5,4.3,332.8,
,323.1,371.1,255.0,469.9,130.0,59.8,6.3,3.5,2.5,5.5,4.3,332.8,
,147.2,152.6,402.3,311.0,35.9,18.2,0.0,11.1,5.5,19.5,94.3,20.9,1218.5
,147.2,152.6,402.3,311.0,35.9,18.2,0.0,11.1,5.5,19.5,94.3,20.9,
,147.2,152.6,402.3,311.0,35.9,18.2,0.0,11.1,5.5,19.5,94.3,20.9,
,147.2,152.6,402.3,311.0,35.9,18.2,0.0,11.1,5.5,19.5,94.3,20.9,
,147.2,152.6,402.3,311.0,35.9,18.2,0.0,11.1,5.5,19.5,94.3,20.9,
,147.2,152.6,402.3,311.0,35.9,18.2,0.0,11.1,5.5,19.5,94.3,20.9,
,147.2,152.6,402.3,311.0,35.9,18.2,0.0,11.1,5.5,19.5,94.3,20.9,
,147.2,152.6,402.3,311.0,35.9,18.2,0.0,11.1,5.5,19.5,94.3,20.9,
,147.2,152.6,402.3,311.0,35.9,18.2,0.0,11.1,5.5,19.5,94.3,20.9,
,147.2,152.6,402.3,311.0,35.9,18.2,0.0,11.1,5.5,19.5,94.3,20.9,
,147.2,152.6,402.3,311.0,35.9,18.2,0.0,11.1,5.5,19.5,94.3,20.9,
,147.2,152.6,402.3,311.0,35.9,18.2,0.0,11.1,5.5,19.5,94.3,20.9,
,0.0,164.8,254.0,169.8,20.2,28.1,12.5,0.0,12.3,1.7,16.0,4.0,683.4
,0.0,164.8,254.0,169.8,20.2,28.1,12.5,0.0,12.3,1.7,16.0,4.0,
,0.0,164.8,254.0,169.8,20.2,28.1,12.5,0.0,12.3,1.7,16.0,4.0,
,0.0,164.8,254.0,169.8,20.2,28.1,12.5,0.0,12.3,1.7,16.0,4.0,
,0.0,164.8,254.0,169.8,20.2,28.1,12.5,0.0,12.3,1.7,16.0,4.0,
,0.0,164.8,254.0,169.8,20.2,28.1,12.5,0.0,12.3,1.7,16.0,4.0,
,0.0,164.8,254.0,169.8,20.2,28.1,12.5,0.0,12.3,1.7,16.0,4.0,
,0.0,164.8,254.0,169.8,20.2,28.1,12.5,0.0,12.3,1.7,16.0,4.0,
,0.0,164.8,254.0,169.8,20.2,28.1,12.5,0.0,12.3,1.7,16.0,4.0,
,0.0,164.8,254.0,169.8,20.2,28.1,12.5,0.0,12.3,1.7,16.0,4.0,
,0.0,164.8,254.0,169.8,20.2,28.1,12.5,0.0,12.3,1.7,16.0,4.0,
,0.0,164.8,254.0,169.8,20.2,28.1,12.5,0.0,12.3,1.7,16.0,4.0,
,196.6,237.9,231.4,354.5,14.6,14.2,1.1,0.0,2.0,76.6,53.4,148.7,1331.0
,196.6,237.9,231.4,354.5,14.6,14.2,1.1,0.0,2.0,76.6,53.4,148.7,
,196.6,237.9,231.4,354.5,14.6,14.2,1.1,0.0,2.0,76.6,53.4,148.7,
,196.6,237.9,231.4,354.5,14.6,14.2,1.1,0.0,2.0,76.6,53.4,148.7,
,196.6,237.9,231.4,354.5,14.6,14.2,1.1,0.0,2.0,76.6,53.4,148.7,
,196.6,237.9,231.4,354.5,14.6,14.2,1.1,0.0,2.0,76.6,53.4,148.7,
,196.6,237.9,231.4,354.5,14.6,14.2,1.1,0.0,2.0,76.6,53.4,148.7,
,196.6,237.9,231.4,354.5,14.6,14.2,1.1,0.0,2.0,76.6,53.4,148.7,
,196.6,237.9,231.4,354.5,14.6,14.2,1.1,0.0,2.0,76.6,53.4,148.7,
,196.6,237.9,231.4,354.5,14.6,14.2,1.1,0.0,2.0,76.6,53.4,148.7,
,196.6,237.9,231.4,354.5,14.6,14.2,1.1,0.0,2.0,76.6,53.4,148.7,
,196.6,237.9,231.4,354.5,14.6,14.2,1.1,0.0,2.0,76.6,53.4,148.7,
,305.8,93.2,361.4,282.7,106.0,15.6,27.3,1.1,0.0,49.3,78.3,277.0,1597.7
,305.8,93.2,361.4,282.7,106.0,15.6,27.3,1.1,0.0,49.3,78.3,277.0,
,305.8,93.2,361.4,282.7,106.0,15.6,27.3,1.1,0.0,49.3,78.3,277.0,
,305.8,93.2,361.4,282.7,106.0,15.6,27.3,1.1,0.0,49.3,78.3,277.0,
,305.8,93.2,361.4,282.7,106.0,15.6,27.3,1.1,0.0,49.3,78.3,277.0,
,305.8,93.2,361.4,282.7,106.0,15.6,27.3,1.1,0.0,49.3,78.3,277.0,
,305.8,93.2,361.4,282.7,106.0,15.6,27.3,1.1,0.0,49.3,78.3,277.0,
,305.8,93.2,361.4,282.7,106.0,15.6,27.3,1.1,0.0,49.3,78.3,277.0,
,305.8,93.2,361.4,282.7,106.0,15.6,27.3,1.1,0.0,49.3,78.3,277.0,
,305.8,93.2,361.4,282.7,106.0,15.6,27.3,1.1,0.0,49.3,78.3,277.0,
,305.8,93.2,361.4,282.7,106.0,15.6,27.3,1.1,0.0,49.3,78.3,277.0,
,305.8,93.2,361.4,282.7,106.0,15.6,27.3,1.1,0.0,49.3,78.3,277.0,
,69.3,59.9,120.0,200.9,166.3,3.1,2.6,15.7,31.8,43.2,53.7,22.2,788.7
,69.3,59.9,120.0,200.9,166.3,3.1,2.6,15.7,31.8,43.2,53.7,22.2,
,69.3,59.9,120.0,200.9,166.3,3.1,2.6,15.7,31.8,43.2,53.7,22.2,
,69.3,59.9,120.0,200.9,166.3,3.1,2.6,15.7,31.8,43.2,53.7,22.2,
,69.3,59.9,120.0,200.9,166.3,3.1,2.6,15.7,31.8,43.2,53.7,22.2,
,69.3,59.9,120.0,200.9,166.3,3.1,2.6,15.7,31.8,43.2,53.7,22.2,
,69.3,59.9,120.0,200.9,166.3,3.1,2.6,15.7,31.8,43.2,53.7,22.2,
,69.3,59.9,120.0,200.9,166.3,3.1,2.6,15.7,31.8,43.2,53.7,22.2,
,69.3,59.9,120.0,200.9,166.3,3.1,2.6,15.7,31.8,43.2,53.7,22.2,
,69.3,59.9,120.0,200.9,166.3,3.1,2.6,15.7,31.8,43.2,53.7,22.2,
,69.3,59.9,120.0,200.9,166.3,3.1,2.6,15.7,31.8,43.2,53.7,22.2,
,69.3,59.9,120.0,200.9,166.3,3.1,2.6,15.7,31.8,43.2,53.7,22.2,
,144.0,112.3,306.0,143.4,60.1,11.7,0.0,2.1,0.0,0.0,23.9,0.0,803.5
,144.0,112.3,306.0,143.4,60.1,11.7,0.0,2.1,0.0,0.0,23.9,0.0,
,144.0,112.3,306.0,143.4,60.1,11.7,0.0,2.1,0.0,0.0,23.9,0.0,
,144.0,112.3,306.0,143.4,60.1,11.7,0.0,2.1,0.0,0.0,23.9,0.0,
,144.0,112.3,306.0,143.4,60.1,11.7,0.0,2.1,0.0,0.0,23.9,0.0,
,144.0,112.3,306.0,143.4,60.1,11.7,0.0,2.1,0.0,0.0,23.9,0.0,
,144.0,112.3,306.0,143.4,60.1,11.7,0.0,2.1,0.0,0.0,23.9,0.0,
,144.0,112.3,306.0,143.4,60.1,11.7,0.0,2.1,0.0,0.0,23.9,0.0,
,144.0,112.3,306.0,143.4,60.1,11.7,0.0,2.1,0.0,0.0,23.9,0.0,
,144.0,112.3,306.0,143.4,60.1,11.7,0.0,2.1,0.0,0.0,23.9,0.0,
,144.0,112.3,306.0,143.4,60.1,11.7,0.0,2.1,0.0,0.0,23.9,0.0,
,144.0,112.3,306.0,143.4,60.1,11.7,0.0,2.1,0.0,0.0,23.9,0.0,
,190.4,246.1,206.7,93.2,3.4,4.6,12.6,0.0,48.2,0.0,11.1,40.1,856.4
,190.4,246.1,206.7,93.2,3.4,4.6,12.6,0.0,48.2,0.0,11.1,40.1,
,190.4,246.1,206.7,93.2,3.4,4.6,12.6,0.0,48.2,0.0,11.1,40.1,
,190.4,246.1,206.7,93.2,3.4,4.6,12.6,0.0,48.2,0.0,11.1,40.1,
,190.4,246.1,206.7,93.2,3.4,4.6,12.6,0.0,48.2,0.0,11.1,40.1,
,190.4,246.1,206.7,93.2,3.4,4.6,12.6,0.0,48.2,0.0,11.1,40.1,
,190.4,246.1,206.7,93.2,3.4,4.6,12.6,0.0,48.2,0.0,11.1,40.1,
,190.4,246.1,206.7,93.2,3.4,4.6,12.6,0.0,48.2,0.0,11.1,40.1,
,190.4,246.1,206.7,93.2,3.4,4.6,12.6,0.0,48.2,0.0,11.1,40.1,
,190.4,246.1,206.7,93.2,3.4,4.6,12.6,0.0,48.2,0.0,11.1,40.1,
,190.4,246.1,206.7,93.2,3.4,4.6,12.6,0.0,48.2,0.0,11.1,40.1,
,190.4,246.1,206.7,93.2,3.4,4.6,12.6,0.0,48.2,0.0,11.1,40.1,
,89.4,186.7,143.4,82.3,24.9,0.0,22.0,4.7,3.8,33.0,55.2,4.8,650.2
,89.4,186.7,143.4,82.3,24.9,0.0,22.0,4.7,3.8,33.0,55.2,4.8,
,89.4,186.7,143.4,82.3,24.9,0.0,22.0,4.7,3.8,33.0,55.2,4.8,
,89.4,186.7,143.4,82.3,24.9,0.0,22.0,4.7,3.8,33.0,55.2,4.8,
,89.4,186.7,143.4,82.3,24.9,0.0,22.0,4.7,3.8,33.0,55.2,4.8,
,89.4,186.7,143.4,82.3,24.9,0.0,22.0,4.7,3.8,33.0,55.2,4.8,
,89.4,186.7,143.4,82.3,24.9,0.0,22.0,4.7,3.8,33.0,55.2,4.8,
,89.4,186.7,143.4,82.3,24.9,0.0,22.0,4.7,3.8,33.0,55.2,4.8,
,89.4,186.7,143.4,82.3,24.9,0.0,22.0,4.7,3.8,33.0,55.2,4.8,
,89.4,186.7,143.4,82.3,24.9,0.0,22.0,4.7,3.8,33.0,55.2,4.8,
,89.4,186.7,143.4,82.3,24.9,0.0,22.0,4.7,3.8,33.0,55.2,4.8,
,89.4,186.7,143.4,82.3,24.9,0.0,22.0,4.7,3.8,33.0,55.2,4.8,
,154.1,129.9,173.4,250.5,59.9,0.0,2.0,0.0,5.8,17.3,0.0,0.0,792.9
,154.1,129.9,173.4,250.5,59.9,0.0,2.0,0.0,5.8,17.3,0.0,0.0,
,154.1,129.9,173.4,250.5,59.9,0.0,2.0,0.0,5.8,17.3,0.0,0.0,
,154.1,129.9,173.4,250.5,59.9,0.0,2.0,0.0,5.8,17.3,0.0,0.0,
,154.1,129.9,173.4,250.5,59.9,0.0,2.0,0.0,5.8,17.3,0.0,0.0,
,154.1,129.9,173.4,250.5,59.9,0.0,2.0,0.0,5.8,17.3,0.0,0.0,
,154.1,129.9,173.4,250.5,59.9,0.0,2.0,0.0,5.8,17.3,0.0,0.0,
,154.1,129.9,173.4,250.5,59.9,0.0,2.0,0.0,5.8,17.3,0.0,0.0,
,154.1,129.9,173.4,250.5,59.9,0.0,2.0,0.0,5.8,17.3,0.0,0.0,
,154.1,129.9,173.4,250.5,59.9,0.0,2.0,0.0,5.8,17.3,0.0,0.0,
,154.1,129.9,173.4,250.5,59.9,0.0,2.0,0.0,5.8,17.3,0.0,0.0,
,154.1,129.9,173.4,250.5,59.9,0.0,2.0,0.0,5.8,17.3,0.0,0.0,
,158.6,205.3,290.9,184.4,103.8,9.6,32.5,3.6,0.0,13.2,22.6,25.5,1050.0
,158.6,205.3,290.9,184.4,103.8,9.6,32.5,3.6,0.0,13.2,22.6,25.5,
,158.6,205.3,290.9,184.4,103.8,9.6,32.5,3.6,0.0,13.2,22.6,25.5,
,158.6,205.3,290.9,184.4,103.8,9.6,32.5,3.6,0.0,13.2,22.6,25.5,
,158.6,205.3,290.9,184.4,103.8,9.6,32.5,3.6,0.0,13.2,22.6,25.5,
,158.6,205.3,290.9,184.4,103.8,9.6,32.5,3.6,0.0,13.2,22.6,25.5,
,158.6,205.3,290.9,184.4,103.8,9.6,32.5,3.6,0.0,13.2,22.6,25.5,
,158.6,205.3,290.9,184.4,103.8,9.6,32.5,3.6,0.0,13.2,22.6,25.5,
,158.6,205.3,290.9,184.4,103.8,9.6,32.5,3.6,0.0,13.2,22.6,25.5,
,158.6,205.3,290.9,184.4,103.8,9.6,32.5,3.6,0.0,13.2,22.6,25.5,
,158.6,205.3,290.9,184.4,103.8,9.6,32.5,3.6,0.0,13.2,22.6,25.5,
,158.6,205.3,290.9,184.4,103.8,9.6,32.5,3.6,0.0,13.2,22.6,25.5,
,321.6,325.0,181.9,178.4,61.5,20.5,1.5,7.0,17.7,64.2,181.3,62.9,1423.5
,321.6,325.0,181.9,178.4,61.5,20.5,1.5,7.0,17.7,64.2,181.3,62.9,
,321.6,325.0,181.9,178.4,61.5,20.5,1.5,7.0,17.7,64.2,181.3,62.9,
,321.6,325.0,181.9,178.4,61.5,20.5,1.5,7.0,17.7,64.2,181.3,62.9,
,321.6,325.0,181.9,178.4,61.5,20.5,1.5,7.0,17.7,64.2,181.3,62.9,
,321.6,325.0,181.9,178.4,61.5,20.5,1.5,7.0,17.7,64.2,181.3,62.9,
,321.6,325.0,181.9,178.4,61.5,20.5,1.5,7.0,17.7,64.2,181.3,62.9,
,321.6,325.0,181.9,178.4,61.5,20.5,1.5,7.0,17.7,64.2,181.3,62.9,
,321.6,325.0,181.9,178.4,61.5,20.5,1.5,7.0,17.7,64.2,181.3,62.9,
,321.6,325.0,181.9,178.4,61.5,20.5,1.5,7.0,17.7,64.2,181.3,62.9,
,321.6,325.0,181.9,178.4,61.5,20.5,1.5,7.0,17.7,64.2,181.3,62.9,
,321.6,325.0,181.9,178.4,61.5,20.5,1.5,7.0,17.7,64.2,181.3,62.9,
,109.7,152.0,345.1,83.7,40.6,19.6,27.7,0.0,0.0,41.9,12.3,50.1,882.7
,109.7,152.0,345.1,83.7,40.6,19.6,27.7,0.0,0.0,41.9,12.3,50.1,
,109.7,152.0,345.1,83.7,40.6,19.6,27.7,0.0,0.0,41.9,12.3,50.1,
,109.7,152.0,345.1,83.7,40.6,19.6,27.7,0.0,0.0,41.9,12.3,50.1,
,109.7,152.0,345.1,83.7,40.6,19.6,27.7,0.0,0.0,41.9,12.3,50.1,
,109.7,152.0,345.1,83.7,40.6,19.6,27.7,0.0,0.0,41.9,12.3,50.1,
,109.7,152.0,345.1,83.7,40.6,19.6,27.7,0.0,0.0,41.9,12.3,50.1,
,109.7,152.0,345.1,83.7,40.6,19.6,27.7,0.0,0.0,41.9,12.3,50.1,
,109.7,152.0,345.1,83.7,40.6,19.6,27.7,0.0,0.0,41.9,12.3,50.1,
,109.7,152.0,345.1,83.7,40.6,19.6,27.7,0.0,0.0,41.9,12.3,50.1,
,109.7,152.0,345.1,83.7,40.6,19.6,27.7,0.0,0.0,41.9,12.3,50.1,
,109.7,152.0,345.1,83.7,40.6,19.6,27.7,0.0,0.0,41.9,12.3,50.1,
,221.0,139.3,79.6,148.9,0.0,0.0,0.0,1.6,0.0,2.0,30.1,132.0,754.5
,221.0,139.3,79.6,148.9,0.0,0.0,0.0,1.6,0.0,2.0,30.1,132.0,
,221.0,139.3,79.6,148.9,0.0,0.0,0.0,1.6,0.0,2.0,30.1,132.0,
,221.0,139.3,79.6,148.9,0.0,0.0,0.0,1.6,0.0,2.0,30.1,132.0,
,221.0,139.3,79.6,148.9,0.0,0.0,0.0,1.6,0.0,2.0,30.1,132.0,
,221.0,139.3,79.6,148.9,0.0,0.0,0.0,1.6,0.0,2.0,30.1,132.0,
,221.0,139.3,79.6,148.9,0.0,0.0,0.0,1.6,0.0,2.0,30.1,132.0,
,221.0,139.3,79.6,148.9,0.0,0.0,0.0,1.6,0.0,2.0,30.1,132.0,
,221.0,139.3,79.6,148.9,0.0,0.0,0.0,1.6,0.0,2.0,30.1,132.0,
,221.0,139.3,79.6,148.9,0.0,0.0,0.0,1.6,0.0,2.0,30.1,132.0,
,221.0,139.3,79.6,148.9,0.0,0.0,0.0,1.6,0.0,2.0,30.1,132.0,
,221.0,139.3,79.6,148.9,0.0,0.0,0.0,1.6,0.0,2.0,30.1,132.0,
,293.0,91.8,327.7,112.0,112.0,2.0,3.2,0.0,1.0,13.3,22.5,76.4,1054.9
,293.0,91.8,327.7,112.0,112.0,2.0,3.2,0.0,1.0,13.3,22.5,76.4,
,293.0,91.8,327.7,112.0,112.0,2.0,3.2,0.0,1.0,13.3,22.5,76.4,
,293.0,91.8,327.7,112.0,112.0,2.0,3.2,0.0,1.0,13.3,22.5,76.4,
,293.0,91.8,327.7,112.0,112.0,2.0,3.2,0.0,1.0,13.3,22.5,76.4,
,293.0,91.8,327.7,112.0,112.0,2.0,3.2,0.0,1.0,13.3,22.5,76.4,
,293.0,91.8,327.7,112.0,112.0,2.0,3.2,0.0,1.0,13.3,22.5,76.4,
,293.0,91.8,327.7,112.0,112.0,2.0,3.2,0.0,1.0,13.3,22.5,76.4,
,293.0,91.8,327.7,112.0,112.0,2.0,3.2,0.0,1.0,13.3,22.5,76.4,
,293.0,91.8,327.7,112.0,112.0,2.0,3.2,0.0,1.0,13.3,22.5,76.4,
,293.0,91.8,327.7,112.0,112.0,2.0,3.2,0.0,1.0,13.3,22.5,76.4,
,293.0,91.8,327.7,112.0,112.0,2.0,3.2,0.0,1.0,13.3,22.5,76.4,
,157.0,235.1,83.7,265.4,37.8,10.5,3.0,14.5,18.8,1.4,7.7,113.8,948.7
,157.0,235.1,83.7,265.4,37.8,10.5,3.0,14.5,18.8,1.4,7.7,113.8,
,157.0,235.1,83.7,265.4,37.8,10.5,3.0,14.5,18.8,1.4,7.7,113.8,
,157.0,235.1,83.7,265.4,37.8,10.5,3.0,14.5,18.8,1.4,7.7,113.8,
,157.0,235.1,83.7,265.4,37.8,10.5,3.0,14.5,18.8,1.4,7.7,113.8,
,157.0,235.1,83.7,265.4,37.8,10.5,3.0,14.5,18.8,1.4,7.7,113.8,
,157.0,235.1,83.7,265.4,37.8,10.5,3.0,14.5,18.8,1.4,7.7,113.8,
,157.0,235.1,83.7,265.4,37.8,10.5,3.0,14.5,18.8,1.4,7.7,113.8,
,157.0,235.1,83.7,265.4,37.8,10.5,3.0,14.5,18.8,1.4,7.7,113.8,
,157.0,235.1,83.7,265.4,37.8,10.5,3.0,14.5,18.8,1.4,7.7,113.8,
,157.0,235.1,83.7,265.4,37.8,10.5,3.0,14.5,18.8,1.4,7.7,113.8,
,157.0,235.1,83.7,265.4,37.8,10.5,3.0,14.5,18.8,1.4,7.7,113.8,
,105.8,193.0,283.8,43.9,46.2,10.5,25.4,0.0,1.0,36.5,0.0,207.0,953.1
,105.8,193.0,283.8,43.9,46.2,10.5,25.4,0.0,1.0,36.5,0.0,207.0,
,105.8,193.0,283.8,43.9,46.2,10.5,25.4,0.0,1.0,36.5,0.0,207.0,
,105.8,193.0,283.8,43.9,46.2,10.5,25.4,0.0,1.0,36.5,0.0,207.0,
,105.8,193.0,283.8,43.9,46.2,10.5,25.4,0.0,1.0,36.5,0.0,207.0,
,105.8,193.0,283.8,43.9,46.2,10.5,25.4,0.0,1.0,36.5,0.0,207.0,
,105.8,193.0,283.8,43.9,46.2,10.5,25.4,0.0,1.0,36.5,0.0,207.0,
,105.8,193.0,283.8,43.9,46.2,10.5,25.4,0.0,1.0,36.5,0.0,207.0,
,105.8,193.0,283.8,43.9,46.2,10.5,25.4,0.0,1.0,36.5,0.0,207.0,
,105.8,193.0,283.8,43.9,46.2,10.5,25.4,0.0,1.0,36.5,0.0,207.0,
,105.8,193.0,283.8,43.9,46.2,10.5,25.4,0.0,1.0,36.5,0.0,207.0,
,105.8,193.0,283.8,43.9,46.2,10.5,25.4,0.0,1.0,36.5,0.0,207.0,
,279.0,86.0,134.0,106.0,9.0,0.0,96.8,0.0,11.2,1.4,69.0,14.2,806.6
,279.0,86.0,134.0,106.0,9.0,0.0,96.8,0.0,11.2,1.4,69.0,14.2,
,279.0,86.0,134.0,106.0,9.0,0.0,96.8,0.0,11.2,1.4,69.0,14.2,
,279.0,86.0,134.0,106.0,9.0,0.0,96.8,0.0,11.2,1.4,69.0,14.2,
,279.0,86.0,134.0,106.0,9.0,0.0,96.8,0.0,11.2,1.4,69.0,14.2,
,279.0,86.0,134.0,106.0,9.0,0.0,96.8,0.0,11.2,1.4,69.0,14.2,
,279.0,86.0,134.0,106.0,9.0,0.0,96.8,0.0,11.2,1.4,69.0,14.2,
,279.0,86.0,134.0,106.0,9.0,0.0,96.8,0.0,11.2,1.4,69.0,14.2,
,279.0,86.0,134.0,106.0,9.0,0.0,96.8,0.0,11.2,1.4,69.0,14.2,
,279.0,86.0,134.0,106.0,9.0,0.0,96.8,0.0,11.2,1.4,69.0,14.2,
,279.0,86.0,134.0,106.0,9.0,0.0,96.8,0.0,11.2,1.4,69.0,14.2,
,279.0,86.0,134.0,106.0,9.0,0.0,96.8,0.0,11.2,1.4,69.0,14.2,
,247.7,141.2,285.4,103.4,49.2,2.8,7.1,3.4,0.0,0.0,35.2,99.9,975.3
,247.7,141.2,285.4,103.4,49.2,2.8,7.1,3.4,0.0,0.0,35.2,99.9,
,247.7,141.2,285.4,103.4,49.2,2.8,7.1,3.4,0.0,0.0,35.2,99.9,
,247.7,141.2,285.4,103.4,49.2,2.8,7.1,3.4,0.0,0.0,35.2,99.9,
,247.7,141.2,285.4,103.4,49.2,2.8,7.1,3.4,0.0,0.0,35.2,99.9,
,247.7,141.2,285.4,103.4,49.2,2.8,7.1,3.4,0.0,0.0,35.2,99.9,
,247.7,141.2,285.4,103.4,49.2,2.8,7.1,3.4,0.0,0.0,35.2,99.9,
,247.7,141.2,285.4,103.4,49.2,2.8,7.1,3.4,0.0,0.0,35.2,99.9,
,247.7,141.2,285.4,103.4,49.2,2.8,7.1,3.4,0.0,0.0,35.2,99.9,
,247.7,141.2,285.4,103.4,49.2,2.8,7.1,3.4,0.0,0.0,35.2,99.9,
,247.7,141.2,285.4,103.4,49.2,2.8,7.1,3.4,0.0,0.0,35.2,99.9,
,247.7,141.2,285.4,103.4,49.2,2.8,7.1,3.4,0.0,0.0,35.2,99.9,
,512.0,461.4,211.1,102.3,137.7,7.0,4.4,6.7,0.0,0.0,32.2,5.8,1480.6
,512.0,461.4,211.1,102.3,137.7,7.0,4.4,6.7,0.0,0.0,32.2,5.8,
,512.0,461.4,211.1,102.3,137.7,7.0,4.4,6.7,0.0,0.0,32.2,5.8,
,512.0,461.4,211.1,102.3,137.7,7.0,4.4,6.7,0.0,0.0,32.2,5.8,
,512.0,461.4,211.1,102.3,137.7,7.0,4.4,6.7,0.0,0.0,32.2,5.8,
,512.0,461.4,211.1,102.3,137.7,7.0,4.4,6.7,0.0,0.0,32.2,5.8,
,512.0,461.4,211.1,102.3,137.7,7.0,4.4,6.7,0.0,0.0,32.2,5.8,
,512.0,461.4,211.1,102.3,137.7,7.0,4.4,6.7,0.0,0.0,32.2,5.8,
,512.0,461.4,211.1,102.3,137.7,7.0,4.4,6.7,0.0,0.0,32.2,5.8,
,512.0,461.4,211.1,102.3,137.7,7.0,4.4,6.7,0.0,0.0,32.2,5.8,
,512.0,461.4,211.1,102.3,137.7,7.0,4.4,6.7,0.0,0.0,32.2,5.8,
,512.0,461.4,211.1,102.3,137.7,7.0,4.4,6.7,0.0,0.0,32.2,5.8,
,145.5,97.0,419.4,79.4,60.8,15.3,1.7,2.4,0.0,0.0,0.0,193.8,1015.3
,145.5,97.0,419.4,79.4,60.8,15.3,1.7,2.4,0.0,0.0,0.0,193.8,
,145.5,97.0,419.4,79.4,60.8,15.3,1.7,2.4,0.0,0.0,0.0,193.8,
,145.5,97.0,419.4,79.4,60.8,15.3,1.7,2.4,0.0,0.0,0.0,193.8,
,145.5,97.0,419.4,79.4,60.8,15.3,1.7,2.4,0.0,0.0,0.0,193.8,
,145.5,97.0,419.4,79.4,60.8,15.3,1.7,2.4,0.0,0.0,0.0,193.8,
,145.5,97.0,419.4,79.4,60.8,15.3,1.7,2.4,0.0,0.0,0.0,193.8,
,145.5,97.0,419.4,79.4,60.8,15.3,1.7,2.4,0.0,0.0,0.0,193.8,
,145.5,97.0,419.4,79.4,60.8,15.3,1.7,2.4,0.0,0.0,0.0,193.8,
,145.5,97.0,419.4,79.4,60.8,15.3,1.7,2.4,0.0,0.0,0.0,193.8,
,145.5,97.0,419.4,79.4,60.8,15.3,1.7,2.4,0.0,0.0,0.0,193.8,
,145.5,97.0,419.4,79.4,60.8,15.3,1.7,2.4,0.0,0.0,0.0,193.8,
,39.8,250.0,244.4,224.7,23.0,7.2,7.4,0.0,0.0,13.8,20.4,57.3,888.0
,39.8,250.0,244.4,224.7,23.0,7.2,7.4,0.0,0.0,13.8,20.4,57.3,
,39.8,250.0,244.4,224.7,23.0,7.2,7.4,0.0,0.0,13.8,20.4,57.3,
,39.8,250.0,244.4,224.7,23.0,7.2,7.4,0.0,0.0,13.8,20.4,57.3,
,39.8,250.0,244.4,224.7,23.0,7.2,7.4,0.0,0.0,13.8,20.4,57.3,
,39.8,250.0,244.4,224.7,23.0,7.2,7.4,0.0,0.0,13.8,20.4,57.3,
,39.8,250.0,244.4,224.7,23.0,7.2,7.4,0.0,0.0,13.8,20.4,57.3,
,39.8,250.0,244.4,224.7,23.0,7.2,7.4,0.0,0.0,13.8,20.4,57.3,
,39.8,250.0,244.4,224.7,23.0,7.2,7.4,0.0,0.0,13.8,20.4,57.3,
,39.8,250.0,244.4,224.7,23.0,7.2,7.4,0.0,0.0,13.8,20.4,57.3,
,39.8,250.0,244.4,224.7,23.0,7.2,7.4,0.0,0.0,13.8,20.4,57.3,
,39.8,250.0,244.4,224.7,23.0,7.2,7.4,0.0,0.0,13.8,20.4,57.3,
,83.7,372.0,96.7,164.7,56.5,1.4,0.0,0.0,0.0,0.0,25.7,105.3,906.0
,83.7,372.0,96.7,164.7,56.5,1.4,0.0,0.0,0.0,0.0,25.7,105.3,
,83.7,372.0,96.7,164.7,56.5,1.4,0.0,0.0,0.0,0.0,25.7,105.3,
,83.7,372.0,96.7,164.7,56.5,1.4,0.0,0.0,0.0,0.0,25.7,105.3,
,83.7,372.0,96.7,164.7,56.5,1.4,0.0,0.0,0.0,0.0,25.7,105.3,
,83.7,372.0,96.7,164.7,56.5,1.4,0.0,0.0,0.0,0.0,25.7,105.3,
,83.7,372.0,96.7,164.7,56.5,1.4,0.0,0.0,0.0,0.0,25.7,105.3,
,83.7,372.0,96.7,164.7,56.5,1.4,0.0,0.0,0.0,0.0,25.7,105.3,
,83.7,372.0,96.7,164.7,56.5,1.4,0.0,0.0,0.0,0.0,25.7,105.3,
,83.7,372.0,96.7,164.7,56.5,1.4,0.0,0.0,0.0,0.0,25.7,105.3,
,83.7,372.0,96.7,164.7,56.5,1.4,0.0,0.0,0.0,0.0,25.7,105.3,
,83.7,372.0,96.7,164.7,56.5,1.4,0.0,0.0,0.0,0.0,25.7,105.3,
,231.5,300.0,592.9,132.2,108.9,1.6,10.1,7.6,2.7,0.0,0.0,131.9,1519.4
,231.5,300.0,592.9,132.2,108.9,1.6,10.1,7.6,2.7,0.0,0.0,131.9,
,231.5,300.0,592.9,132.2,108.9,1.6,10.1,7.6,2.7,0.0,0.0,131.9,
,231.5,300.0,592.9,132.2,108.9,1.6,10.1,7.6,2.7,0.0,0.0,131.9,
,231.5,300.0,592.9,132.2,108.9,1.6,10.1,7.6,2.7,0.0,0.0,131.9,
,231.5,300.0,592.9,132.2,108.9,1.6,10.1,7.6,2.7,0.0,0.0,131.9,
,231.5,300.0,592.9,132.2,108.9,1.6,10.1,7.6,2.7,0.0,0.0,131.9,
,231.5,300.0,592.9,132.2,108.9,1.6,10.1,7.6,2.7,0.0,0.0,131.9,
,231.5,300.0,592.9,132.2,108.9,1.6,10.1,7.6,2.7,0.0,0.0,131.9,
,231.5,300.0,592.9,132.2,108.9,1.6,10.1,7.6,2.7,0.0,0.0,131.9,
,231.5,300.0,592.9,132.2,108.9,1.6,10.1,7.6,2.7,0.0,0.0,131.9,
,231.5,300.0,592.9,132.2,108.9,1.6,10.1,7.6,2.7,0.0,0.0,131.9,
,58.2,94.0,154.3,392.9,266.3,0.0,52.0,0.0,0.0,19.7,44.3,131.9,1213.6
,58.2,94.0,154.3,392.9,266.3,0.0,52.0,0.0,0.0,19.7,44.3,131.9,
,58.2,94.0,154.3,392.9,266.3,0.0,52.0,0.0,0.0,19.7,44.3,131.9,
,58.2,94.0,154.3,392.9,266.3,0.0,52.0,0.0,0.0,19.7,44.3,131.9,
,58.2,94.0,154.3,392.9,266.3,0.0,52.0,0.0,0.0,19.7,44.3,131.9,
,58.2,94.0,154.3,392.9,266.3,0.0,52.0,0.0,0.0,19.7,44.3,131.9,
,58.2,94.0,154.3,392.9,266.3,0.0,52.0,0.0,0.0,19.7,44.3,131.9,
,58.2,94.0,154.3,392.9,266.3,0.0,52.0,0.0,0.0,19.7,44.3,131.9,
,58.2,94.0,154.3,392.9,266.3,0.0,52.0,0.0,0.0,19.7,44.3,131.9,
,58.2,94.0,154.3,392.9,266.3,0.0,52.0,0.0,0.0,19.7,44.3,131.9,
,58.2,94.0,154.3,392.9,266.3,0.0,52.0,0.0,0.0,19.7,44.3,131.9,
,58.2,94.0,154.3,392.9,266.3,0.0,52.0,0.0,0.0,19.7,44.3,131.9,
,230.6,110.4,176.4,299.6,18.7,39.1,7.3,0.0,0.0,24.5,10.0,182.3,1098.9
,230.6,110.4,176.4,299.6,18.7,39.1,7.3,0.0,0.0,24.5,10.0,182.3,
,230.6,110.4,176.4,299.6,18.7,39.1,7.3,0.0,0.0,24.5,10.0,182.3,
,230.6,110.4,176.4,299.6,18.7,39.1,7.3,0.0,0.0,24.5,10.0,182.3,
,230.6,110.4,176.4,299.6,18.7,39.1,7.3,0.0,0.0,24.5,10.0,182.3,
,230.6,110.4,176.4,299.6,18.7,39.1,7.3,0.0,0.0,24.5,10.0,182.3,
,230.6,110.4,176.4,299.6,18.7,39.1,7.3,0.0,0.0,24.5,10.0,182.3,
,230.6,110.4,176.4,299.6,18.7,39.1,7.3,0.0,0.0,24.5,10.0,182.3,
,230.6,110.4,176.4,299.6,18.7,39.1,7.3,0.0,0.0,24.5,10.0,182.3,
,230.6,110.4,176.4,299.6,18.7,39.1,7.3,0.0,0.0,24.5,10.0,182.3,
,230.6,110.4,176.4,299.6,18.7,39.1,7.3,0.0,0.0,24.5,10.0,182.3,
,230.6,110.4,176.4,299.6,18.7,39.1,7.3,0.0,0.0,24.5,10.0,182.3,
,365.6,294.4,261.3,83.1,78.4,3.4,6.3,10.2,0.0,204.3,71.8,77.8,1456.6
,365.6,294.4,261.3,83.1,78.4,3.4,6.3,10.2,0.0,204.3,71.8,77.8,
,365.6,294.4,261.3,83.1,78.4,3.4,6.3,10.2,0.0,204.3,71.8,77.8,
,365.6,294.4,261.3,83.1,78.4,3.4,6.3,10.2,0.0,204.3,71.8,77.8,
,365.6,294.4,261.3,83.1,78.4,3.4,6.3,10.2,0.0,204.3,71.8,77.8,
,365.6,294.4,261.3,83.1,78.4,3.4,6.3,10.2,0.0,204.3,71.8,77.8,
,365.6,294.4,261.3,83.1,78.4,3.4,6.3,10.2,0.0,204.3,71.8,77.8,
,365.6,294.4,261.3,83.1,78.4,3.4,6.3,10.2,0.0,204.3,71.8,77.8,
,365.6,294.4,261.3,83.1,78.4,3.4,6.3,10.2,0.0,204.3,71.8,77.8,
,365.6,294.4,261.3,83.1,78.4,3.4,6.3,10.2,0.0,204.3,71.8,77.8,
,365.6,294.4,261.3,83.1,78.4,3.4,6.3,10.2,0.0,204.3,71.8,77.8,
,365.6,294.4,261.3,83.1,78.4,3.4,6.3,10.2,0.0,204.3,71.8,77.8,
,38.6,145.7,221.0,52.2,5.0,18.1,0.0,0.0,0.0,6.1,25.0,59.7,571.4
,38.6,145.7,221.0,52.2,5.0,18.1,0.0,0.0,0.0,6.1,25.0,59.7,
,38.6,145.7,221.0,52.2,5.0,18.1,0.0,0.0,0.0,6.1,25.0,59.7,
,38.6,145.7,221.0,52.2,5.0,18.1,0.0,0.0,0.0,6.1,25.0,59.7,
,38.6,145.7,221.0,52.2,5.0,18.1,0.0,0.0,0.0,6.1,25.0,59.7,
,38.6,145.7,221.0,52.2,5.0,18.1,0.0,0.0,0.0,6.1,25.0,59.7,
,38.6,145.7,221.0,52.2,5.0,18.1,0.0,0.0,0.0,6.1,25.0,59.7,
,38.6,145.7,221.0,52.2,5.0,18.1,0.0,0.0,0.0,6.1,25.0,59.7,
,38.6,145.7,221.0,52.2,5.0,18.1,0.0,0.0,0.0,6.1,25.0,59.7,
,38.6,145.7,221.0,52.2,5.0,18.1,0.0,0.0,0.0,6.1,25.0,59.7,
,38.6,145.7,221.0,52.2,5.0,18.1,0.0,0.0,0.0,6.1,25.0,59.7,
,38.6,145.7,221.0,52.2,5.0,18.1,0.0,0.0,0.0,6.1,25.0,59.7,
,166.0,119.4,318.2,168.7,111.6,156.4,10.1,0.0,0.0,18.4,47.6,54.1,1170.5
,166.0,119.4,318.2,168.7,111.6,156.4,10.1,0.0,0.0,18.4,47.6,54.1,
,166.0,119.4,318.2,168.7,111.6,156.4,10.1,0.0,0.0,18.4,47.6,54.1,
,166.0,119.4,318.2,168.7,111.6,156.4,10.1,0.0,0.0,18.4,47.6,54.1,
,166.0,119.4,318.2,168.7,111.6,156.4,10.1,0.0,0.0,18.4,47.6,54.1,
,166.0,119.4,318.2,168.7,111.6,156.4,10.1,0.0,0.0,18.4,47.6,54.1,
,166.0,119.4,318.2,168.7,111.6,156.4,10.1,0.0,0.0,18.4,47.6,54.1,
,166.0,119.4,318.2,168.7,111.6,156.4,10.1,0.0,0.0,18.4,47.6,54.1,
,166.0,119.4,318.2,168.7,111.6,156.4,10.1,0.0,0.0,18.4,47.6,54.1,
,166.0,119.4,318.2,168.7,111.6,156.4,10.1,0.0,0.0,18.4,47.6,54.1,
,166.0,119.4,318.2,168.7,111.6,156.4,10.1,0.0,0.0,18.4,47.6,54.1,
,166.0,119.4,318.2,168.7,111.6,156.4,10.1,0.0,0.0,18.4,47.6,54.1,
,55.6,240.1,464.1,199.8,54.5,1.6,19.5,0.0,2.9,17.3,55.7,40.3,1151.4
,55.6,240.1,464.1,199.8,54.5,1.6,19.5,0.0,2.9,17.3,55.7,40.3,
,55.6,240.1,464.1,199.8,54.5,1.6,19.5,0.0,2.9,17.3,55.7,40.3,
,55.6,240.1,464.1,199.8,54.5,1.6,19.5,0.0,2.9,17.3,55.7,40.3,
,55.6,240.1,464.1,199.8,54.5,1.6,19.5,0.0,2.9,17.3,55.7,40.3,
,55.6,240.1,464.1,199.8,54.5,1.6,19.5,0.0,2.9,17.3,55.7,40.3,
,55.6,240.1,464.1,199.8,54.5,1.6,19.5,0.0,2.9,17.3,55.7,40.3,
,55.6,240.1,464.1,199.8,54.5,1.6,19.5,0.0,2.9,17.3,55.7,40.3,
,55.6,240.1,464.1,199.8,54.5,1.6,19.5,0.0,2.9,17.3,55.7,40.3,
,55.6,240.1,464.1,199.8,54.5,1.6,19.5,0.0,2.9,17.3,55.7,40.3,
,55.6,240.1,464.1,199.8,54.5,1.6,19.5,0.0,2.9,17.3,55.7,40.3,
,55.6,240.1,464.1,199.8,54.5,1.6,19.5,0.0,2.9,17.3,55.7,40.3,
,149.5,142.5,242.7,238.7,191.7,25.5,26.1,0.0,0.0,3.9,0.0,6.3,1026.9
,149.5,142.5,242.7,238.7,191.7,25.5,26.1,0.0,0.0,3.9,0.0,6.3,
,149.5,142.5,242.7,238.7,191.7,25.5,26.1,0.0,0.0,3.9,0.0,6.3,
,149.5,142.5,242.7,238.7,191.7,25.5,26.1,0.0,0.0,3.9,0.0,6.3,
,149.5,142.5,242.7,238.7,191.7,25.5,26.1,0.0,0.0,3.9,0.0,6.3,
,149.5,142.5,242.7,238.7,191.7,25.5,26.1,0.0,0.0,3.9,0.0,6.3,
,149.5,142.5,242.7,238.7,191.7,25.5,26.1,0.0,0.0,3.9,0.0,6.3,
,149.5,142.5,242.7,238.7,191.7,25.5,26.1,0.0,0.0,3.9,0.0,6.3,
,149.5,142.5,242.7,238.7,191.7,25.5,26.1,0.0,0.0,3.9,0.0,6.3,
,149.5,142.5,242.7,238.7,191.7,25.5,26.1,0.0,0.0,3.9,0.0,6.3,
,149.5,142.5,242.7,238.7,191.7,25.5,26.1,0.0,0.0,3.9,0.0,6.3,
,149.5,142.5,242.7,238.7,191.7,25.5,26.1,0.0,0.0,3.9,0.0,6.3,
,229.6,60.1,197.7,32.8,28.5,17.4,0.0,0.0,3.0,0.0,0.0,69.1,638.2
,229.6,60.1,197.7,32.8,28.5,17.4,0.0,0.0,3.0,0.0,0.0,69.1,
,229.6,60.1,197.7,32.8,28.5,17.4,0.0,0.0,3.0,0.0,0.0,69.1,
,229.6,60.1,197.7,32.8,28.5,17.4,0.0,0.0,3.0,0.0,0.0,69.1,
,229.6,60.1,197.7,32.8,28.5,17.4,0.0,0.0,3.0,0.0,0.0,69.1,
,229.6,60.1,197.7,32.8,28.5,17.4,0.0,0.0,3.0,0.0,0.0,69.1,
,229.6,60.1,197.7,32.8,28.5,17.4,0.0,0.0,3.0,0.0,0.0,69.1,
,229.6,60.1,197.7,32.8,28.5,17.4,0.0,0.0,3.0,0.0,0.0,69.1,
,229.6,60.1,197.7,32.8,28.5,17.4,0.0,0.0,3.0,0.0,0.0,69.1,
,229.6,60.1,197.7,32.8,28.5,17.4,0.0,0.0,3.0,0.0,0.0,69.1,
,229.6,60.1,197.7,32.8,28.5,17.4,0.0,0.0,3.0,0.0,0.0,69.1,
,229.6,60.1,197.7,32.8,28.5,17.4,0.0,0.0,3.0,0.0,0.0,69.1,
,198.8,221.4,164.1,100.0,24.2,10.8,1.1,0.0,0.0,5.9,101.3,56.0,883.6
,198.8,221.4,164.1,100.0,24.2,10.8,1.1,0.0,0.0,5.9,101.3,56.0,
,198.8,221.4,164.1,100.0,24.2,10.8,1.1,0.0,0.0,5.9,101.3,56.0,
,198.8,221.4,164.1,100.0,24.2,10.8,1.1,0.0,0.0,5.9,101.3,56.0,
,198.8,221.4,164.1,100.0,24.2,10.8,1.1,0.0,0.0,5.9,101.3,56.0,
,198.8,221.4,164.1,100.0,24.2,10.8,1.1,0.0,0.0,5.9,101.3,56.0,
,198.8,221.4,164.1,100.0,24.2,10.8,1.1,0.0,0.0,5.9,101.3,56.0,
,198.8,221.4,164.1,100.0,24.2,10.8,1.1,0.0,0.0,5.9,101.3,56.0,
,198.8,221.4,164.1,100.0,24.2,10.8,1.1,0.0,0.0,5.9,101.3,56.0,
,198.8,221.4,164.1,100.0,24.2,10.8,1.1,0.0,0.0,5.9,101.3,56.0,
,198.8,221.4,164.1,100.0,24.2,10.8,1.1,0.0,0.0,5.9,101.3,56.0,
,198.8,221.4,164.1,100.0,24.2,10.8,1.1,0.0,0.0,5.9,101.3,56.0,
,159.1,329.4,179.3,127.1,0.0,0.0,0.0,0.0,0.0,34.8,51.2,116.6,997.5
,159.1,329.4,179.3,127.1,0.0,0.0,0.0,0.0,0.0,34.8,51.2,116.6,
,159.1,329.4,179.3,127.1,0.0,0.0,0.0,0.0,0.0,34.8,51.2,116.6,
,159.1,329.4,179.3,127.1,0.0,0.0,0.0,0.0,0.0,34.8,51.2,116.6,
,159.1,329.4,179.3,127.1,0.0,0.0,0.0,0.0,0.0,34.8,51.2,116.6,
,159.1,329.4,179.3,127.1,0.0,0.0,0.0,0.0,0.0,34.8,51.2,116.6,
,159.1,329.4,179.3,127.1,0.0,0.0,0.0,0.0,0.0,34.8,51.2,116.6,
,159.1,329.4,179.3,127.1,0.0,0.0,0.0,0.0,0.0,34.8,51.2,116.6,
,159.1,329.4,179.3,127.1,0.0,0.0,0.0,0.0,0.0,34.8,51.2,116.6,
,159.1,329.4,179.3,127.1,0.0,0.0,0.0,0.0,0.0,34.8,51.2,116.6,
,159.1,329.4,179.3,127.1,0.0,0.0,0.0,0.0,0.0,34.8,51.2,116.6,
,159.1,329.4,179.3,127.1,0.0,0.0,0.0,0.0,0.0,34.8,51.2,116.6,
,70.4,101.9,193.9,139.5,117.3,92.5,0.0,0.0,0.0,14.9,42.0,8.5,780.9
,70.4,101.9,193.9,139.5,117.3,92.5,0.0,0.0,0.0,14.9,42.0,8.5,
,70.4,101.9,193.9,139.5,117.3,92.5,0.0,0.0,0.0,14.9,42.0,8.5,
,70.4,101.9,193.9,139.5,117.3,92.5,0.0,0.0,0.0,14.9,42.0,8.5,
,70.4,101.9,193.9,139.5,117.3,92.5,0.0,0.0,0.0,14.9,42.0,8.5,
,70.4,101.9,193.9,139.5,117.3,92.5,0.0,0.0,0.0,14.9,42.0,8.5,
,70.4,101.9,193.9,139.5,117.3,92.5,0.0,0.0,0.0,14.9,42.0,8.5,
,70.4,101.9,193.9,139.5,117.3,92.5,0.0,0.0,0.0,14.9,42.0,8.5,
,70.4,101.9,193.9,139.5,117.3,92.5,0.0,0.0,0.0,14.9,42.0,8.5,
,70.4,101.9,193.9,139.5,117.3,92.5,0.0,0.0,0.0,14.9,42.0,8.5,
,70.4,101.9,193.9,139.5,117.3,92.5,0.0,0.0,0.0,14.9,42.0,8.5,
,70.4,101.9,193.9,139.5,117.3,92.5,0.0,0.0,0.0,14.9,42.0,8.5,
