year,jan,feb,mar,apr,may,jun,jul,aug,sep,oct,nov,dec,annual
,0.0,0.0,0.0,0.0,0.0,0.0,0.0,0.0,0.0,0.0,0.0,0.0,0.0
,0.0,0.0,0.0,0.0,0.0,0.0,0.0,0.0,0.0,0.0,0.0,0.0,
,0.0,0.0,0.0,0.0,0.0,0.0,0.0,0.0,0.0,0.0,0.0,0.0,
,0.0,0.0,0.0,0.0,0.0,0.0,0.0,0.0,0.0,0.0,0.0,0.0,
,0.0,0.0,0.0,0.0,0.0,0.0,0.0,0.0,0.0,0.0,0.0,0.0,
,0.0,0.0,0.0,0.0,0.0,0.0,0.0,0.0,0.0,0.0,0.0,0.0,
,0.0,0.0,0.0,0.0,0.0,0.0,0.0,0.0,0.0,0.0,0.0,0.0,
,0.0,0.0,0.0,0.0,0.0,0.0,0.0,0.0,0.0,0.0,0.0,0.0,
,0.0,0.0,0.0,0.0,0.0,0.0,0.0,0.0,0.0,0.0,0.0,0.0,
,0.0,0.0,0.0,0.0,0.0,0.0,0.0,0.0,0.0,0.0,0.0,0.0,
,0.0,0.0,0.0,0.0,0.0,0.0,0.0,0.0,0.0,0.0,0.0,0.0,
,0.0,0.0,0.0,0.0,0.0,0.0,0.0,0.0,0.0,0.0,0.0,0.0,
,0.0,0.0,0.0,0.0,0.0,0.0,0.0,0.0,0.0,0.0,0.0,0.0,0.0
,0.0,0.0,0.0,0.0,0.0,0.0,0.0,0.0,0.0,0.0,0.0,0.0,
,0.0,0.0,0.0,0.0,0.0,0.0,0.0,0.0,0.0,0.0,0.0,0.0,
,0.0,0.0,0.0,0.0,0.0,0.0,0.0,0.0,0.0,0.0,0.0,0.0,
,0.0,0.0,0.0,0.0,0.0,0.0,0.0,0.0,0.0,0.0,0.0,0.0,
,0.0,0.0,0.0,0.0,0.0,0.0,0.0,0.0,0.0,0.0,0.0,0.0,
,0.0,0.0,0.0,0.0,0.0,0.0,0.0,0.0,0.0,0.0,0.0,0.0,
,0.0,0.0,0.0,0.0,0.0,0.0,0.0,0.0,0.0,0.0,0.0,0.0,
,0.0,0.0,0.0,0.0,0.0,0.0,0.0,0.0,0.0,0.0,0.0,0.0,
,0.0,0.0,0.0,0.0,0.0,0.0,0.0,0.0,0.0,0.0,0.0,0.0,
,0.0,0.0,0.0,0.0,0.0,0.0,0.0,0.0,0.0,0.0,0.0,0.0,
,0.0,0.0,0.0,0.0,0.0,0.0,0.0,0.0,0.0,0.0,0.0,0.0,
,0.0,0.0,0.0,0.0,0.0,0.0,0.0,0.0,0.0,0.0,0.0,0.0,0.0
,0.0,0.0,0.0,0.0,0.0,0.0,0.0,0.0,0.0,0.0,0.0,0.0,
,0.0,0.0,0.0,0.0,0.0,0.0,0.0,0.0,0.0,0.0,0.0,0.0,
,0.0,0.0,0.0,0.0,0.0,0.0,0.0,0.0,0.0,0.0,0.0,0.0,
,0.0,0.0,0.0,0.0,0.0,0.0,0.0,0.0,0.0,0.0,0.0,0.0,
,0.0,0.0,0.0,0.0,0.0,0.0,0.0,0.0,0.0,0.0,0.0,0.0,
,0.0,0.0,0.0,0.0,0.0,0.0,0.0,0.0,0.0,0.0,0.0,0.0,
,0.0,0.0,0.0,0.0,0.0,0.0,0.0,0.0,0.0,0.0,0.0,0.0,
,0.0,0.0,0.0,0.0,0.0,0.0,0.0,0.0,0.0,0.0,0.0,0.0,
,0.0,0.0,0.0,0.0,0.0,0.0,0.0,0.0,0.0,0.0,0.0,0.0,
,0.0,0.0,0.0,0.0,0.0,0.0,0.0,0.0,0.0,0.0,0.0,0.0,
,0.0,0.0,0.0,0.0,0.0,0.0,0.0,0.0,0.0,0.0,0.0,0.0,
,0.0,0.0,0.0,0.0,0.0,0.0,0.0,0.0,0.0,0.0,0.0,0.0,0.0
,0.0,0.0,0.0,0.0,0.0,0.0,0.0,0.0,0.0,0.0,0.0,0.0,
,0.0,0.0,0.0,0.0,0.0,0.0,0.0,0.0,0.0,0.0,0.0,0.0,
,0.0,0.0,0.0,0.0,0.0,0.0,0.0,0.0,0.0,0.0,0.0,0.0,
,0.0,0.0,0.0,0.0,0.0,0.0,0.0,0.0,0.0,0.0,0.0,0.0,
,0.0,0.0,0.0,0.0,0.0,0.0,0.0,0.0,0.0,0.0,0.0,0.0,
,0.0,0.0,0.0,0.0,0.0,0.0,0.0,0.0,0.0,0.0,0.0,0.0,
,0.0,0.0,0.0,0.0,0.0,0.0,0.0,0.0,0.0,0.0,0.0,0.0,
,0.0,0.0,0.0,0.0,0.0,0.0,0.0,0.0,0.0,0.0,0.0,0.0,
,0.0,0.0,0.0,0.0,0.0,0.0,0.0,0.0,0.0,0.0,0.0,0.0,
,0.0,0.0,0.0,0.0,0.0,0.0,0.0,0.0,0.0,0.0,0.0,0.0,
,0.0,0.0,0.0,0.0,0.0,0.0,0.0,0.0,0.0,0.0,0.0,0.0,
,0.0,0.0,0.0,0.0,0.0,0.0,0.0,0.0,0.0,0.0,0.0,0.0,0.0
,0.0,0.0,0.0,0.0,0.0,0.0,0.0,0.0,0.0,0.0,0.0,0.0,
,0.0,0.0,0.0,0.0,0.0,0.0,0.0,0.0,0.0,0.0,0.0,0.0,
,0.0,0.0,0.0,0.0,0.0,0.0,0.0,0.0,0.0,0.0,0.0,0.0,
,0.0,0.0,0.0,0.0,0.0,0.0,0.0,0.0,0.0,0.0,0.0,0.0,
,0.0,0.0,0.0,0.0,0.0,0.0,0.0,0.0,0.0,0.0,0.0,0.0,
,0.0,0.0,0.0,0.0,0.0,0.0,0.0,0.0,0.0,0.0,0.0,0.0,
,0.0,0.0,0.0,0.0,0.0,0.0,0.0,0.0,0.0,0.0,0.0,0.0,
,0.0,0.0,0.0,0.0,0.0,0.0,0.0,0.0,0.0,0.0,0.0,0.0,
,0.0,0.0,0.0,0.0,0.0,0.0,0.0,0.0,0.0,0.0,0.0,0.0,
,0.0,0.0,0.0,0.0,0.0,0.0,0.0,0.0,0.0,0.0,0.0,0.0,
,0.0,0.0,0.0,0.0,0.0,0.0,0.0,0.0,0.0,0.0,0.0,0.0,
,0.0,0.0,0.0,0.0,0.0,0.0,0.0,0.0,0.0,0.0,0.0,0.0,0.0
,0.0,0.0,0.0,0.0,0.0,0.0,0.0,0.0,0.0,0.0,0.0,0.0,
,0.0,0.0,0.0,0.0,0.0,0.0,0.0,0.0,0.0,0.0,0.0,0.0,
,0.0,0.0,0.0,0.0,0.0,0.0,0.0,0.0,0.0,0.0,0.0,0.0,
,0.0,0.0,0.0,0.0,0.0,0.0,0.0,0.0,0.0,0.0,0.0,0.0,
,0.0,0.0,0.0,0.0,0.0,0.0,0.0,0.0,0.0,0.0,0.0,0.0,
,0.0,0.0,0.0,0.0,0.0,0.0,0.0,0.0,0.0,0.0,0.0,0.0,
,0.0,0.0,0.0,0.0,0.0,0.0,0.0,0.0,0.0,0.0,0.0,0.0,
,0.0,0.0,0.0,0.0,0.0,0.0,0.0,0.0,0.0,0.0,0.0,0.0,
,0.0,0.0,0.0,0.0,0.0,0.0,0.0,0.0,0.0,0.0,0.0,0.0,
,0.0,0.0,0.0,0.0,0.0,0.0,0.0,0.0,0.0,0.0,0.0,0.0,
,0.0,0.0,0.0,0.0,0.0,0.0,0.0,0.0,0.0,0.0,0.0,0.0,
,0.0,0.0,0.0,0.0,0.0,0.0,0.0,0.0,0.0,0.0,0.0,0.0,0.0
,0.0,0.0,0.0,0.0,0.0,0.0,0.0,0.0,0.0,0.0,0.0,0.0,
,0.0,0.0,0.0,0.0,0.0,0.0,0.0,0.0,0.0,0.0,0.0,0.0,
,0.0,0.0,0.0,0.0,0.0,0.0,0.0,0.0,0.0,0.0,0.0,0.0,
,0.0,0.0,0.0,0.0,0.0,0.0,0.0,0.0,0.0,0.0,0.0,0.0,
,0.0,0.0,0.0,0.0,0.0,0.0,0.0,0.0,0.0,0.0,0.0,0.0,
,0.0,0.0,0.0,0.0,0.0,0.0,0.0,0.0,0.0,0.0,0.0,0.0,
,0.0,0.0,0.0,0.0,0.0,0.0,0.0,0.0,0.0,0.0,0.0,0.0,
,0.0,0.0,0.0,0.0,0.0,0.0,0.0,0.0,0.0,0.0,0.0,0.0,
,0.0,0.0,0.0,0.0,0.0,0.0,0.0,0.0,0.0,0.0,0.0,0.0,
,0.0,0.0,0.0,0.0,0.0,0.0,0.0,0.0,0.0,0.0,0.0,0.0,
,0.0,0.0,0.0,0.0,0.0,0.0,0.0,0.0,0.0,0.0,0.0,0.0,
,0.0,0.0,0.0,0.0,0.0,0.0,0.0,0.0,0.0,0.0,0.0,0.0,0.0
,0.0,0.0,0.0,0.0,0.0,0.0,0.0,0.0,0.0,0.0,0.0,0.0,
,0.0,0.0,0.0,0.0,0.0,0.0,0.0,0.0,0.0,0.0,0.0,0.0,
,0.0,0.0,0.0,0.0,0.0,0.0,0.0,0.0,0.0,0.0,0.0,0.0,
,0.0,0.0,0.0,0.0,0.0,0.0,0.0,0.0,0.0,0.0,0.0,0.0,
,0.0,0.0,0.0,0.0,0.0,0.0,0.0,0.0,0.0,0.0,0.0,0.0,
,0.0,0.0,0.0,0.0,0.0,0.0,0.0,0.0,0.0,0.0,0.0,0.0,
,0.0,0.0,0.0,0.0,0.0,0.0,0.0,0.0,0.0,0.0,0.0,0.0,
,0.0,0.0,0.0,0.0,0.0,0.0,0.0,0.0,0.0,0.0,0.0,0.0,
,0.0,0.0,0.0,0.0,0.0,0.0,0.0,0.0,0.0,0.0,0.0,0.0,
,0.0,0.0,0.0,0.0,0.0,0.0,0.0,0.0,0.0,0.0,0.0,0.0,
,0.0,0.0,0.0,0.0,0.0,0.0,0.0,0.0,0.0,0.0,0.0,0.0,
,0.0,0.0,0.0,0.0,0.0,0.0,0.0,0.0,0.0,0.0,0.0,0.0,0.0
,0.0,0.0,0.0,0.0,0.0,0.0,0.0,0.0,0.0,0.0,0.0,0.0,
,0.0,0.0,0.0,0.0,0.0,0.0,0.0,0.0,0.0,0.0,0.0,0.0,
,0.0,0.0,0.0,0.0,0.0,0.0,0.0,0.0,0.0,0.0,0.0,0.0,
,0.0,0.0,0.0,0.0,0.0,0.0,0.0,0.0,0.0,0.0,0.0,0.0,
,0.0,0.0,0.0,0.0,0.0,0.0,0.0,0.0,0.0,0.0,0.0,0.0,
,0.0,0.0,0.0,0.0,0.0,0.0,0.0,0.0,0.0,0.0,0.0,0.0,
,0.0,0.0,0.0,0.0,0.0,0.0,0.0,0.0,0.0,0.0,0.0,0.0,
,0.0,0.0,0.0,0.0,0.0,0.0,0.0,0.0,0.0,0.0,0.0,0.0,
,0.0,0.0,0.0,0.0,0.0,0.0,0.0,0.0,0.0,0.0,0.0,0.0,
,0.0,0.0,0.0,0.0,0.0,0.0,0.0,0.0,0.0,0.0,0.0,0.0,
,0.0,0.0,0.0,0.0,0.0,0.0,0.0,0.0,0.0,0.0,0.0,0.0,
,0.0,0.0,0.0,0.0,0.0,0.0,0.0,0.0,0.0,0.0,0.0,0.0,0.0
,0.0,0.0,0.0,0.0,0.0,0.0,0.0,0.0,0.0,0.0,0.0,0.0,
,0.0,0.0,0.0,0.0,0.0,0.0,0.0,0.0,0.0,0.0,0.0,0.0,
,0.0,0.0,0.0,0.0,0.0,0.0,0.0,0.0,0.0,0.0,0.0,0.0,
,0.0,0.0,0.0,0.0,0.0,0.0,0.0,0.0,0.0,0.0,0.0,0.0,
,0.0,0.0,0.0,0.0,0.0,0.0,0.0,0.0,0.0,0.0,0.0,0.0,
,0.0,0.0,0.0,0.0,0.0,0.0,0.0,0.0,0.0,0.0,0.0,0.0,
,0.0,0.0,0.0,0.0,0.0,0.0,0.0,0.0,0.0,0.0,0.0,0.0,
,0.0,0.0,0.0,0.0,0.0,0.0,0.0,0.0,0.0,0.0,0.0,0.0,
,0.0,0.0,0.0,0.0,0.0,0.0,0.0,0.0,0.0,0.0,0.0,0.0,
,0.0,0.0,0.0,0.0,0.0,0.0,0.0,0.0,0.0,0.0,0.0,0.0,
,0.0,0.0,0.0,0.0,0.0,0.0,0.0,0.0,0.0,0.0,0.0,0.0,
,0.0,0.0,0.0,0.0,0.0,0.0,0.0,0.0,0.0,0.0,0.0,0.0,0.0
,0.0,0.0,0.0,0.0,0.0,0.0,0.0,0.0,0.0,0.0,0.0,0.0,
,0.0,0.0,0.0,0.0,0.0,0.0,0.0,0.0,0.0,0.0,0.0,0.0,
,0.0,0.0,0.0,0.0,0.0,0.0,0.0,0.0,0.0,0.0,0.0,0.0,
,0.0,0.0,0.0,0.0,0.0,0.0,0.0,0.0,0.0,0.0,0.0,0.0,
,0.0,0.0,0.0,0.0,0.0,0.0,0.0,0.0,0.0,0.0,0.0,0.0,
,0.0,0.0,0.0,0.0,0.0,0.0,0.0,0.0,0.0,0.0,0.0,0.0,
,0.0,0.0,0.0,0.0,0.0,0.0,0.0,0.0,0.0,0.0,0.0,0.0,
,0.0,0.0,0.0,0.0,0.0,0.0,0.0,0.0,0.0,0.0,0.0,0.0,
,0.0,0.0,0.0,0.0,0.0,0.0,0.0,0.0,0.0,0.0,0.0,0.0,
,0.0,0.0,0.0,0.0,0.0,0.0,0.0,0.0,0.0,0.0,0.0,0.0,
,0.0,0.0,0.0,0.0,0.0,0.0,0.0,0.0,0.0,0.0,0.0,0.0,
,0.0,0.0,0.0,0.0,0.0,0.0,0.0,0.0,0.0,0.0,0.0,0.0,0.0
,0.0,0.0,0.0,0.0,0.0,0.0,0.0,0.0,0.0,0.0,0.0,0.0,
,0.0,0.0,0.0,0.0,0.0,0.0,0.0,0.0,0.0,0.0,0.0,0.0,
,0.0,0.0,0.0,0.0,0.0,0.0,0.0,0.0,0.0,0.0,0.0,0.0,
,0.0,0.0,0.0,0.0,0.0,0.0,0.0,0.0,0.0,0.0,0.0,0.0,
,0.0,0.0,0.0,0.0,0.0,0.0,0.0,0.0,0.0,0.0,0.0,0.0,
,0.0,0.0,0.0,0.0,0.0,0.0,0.0,0.0,0.0,0.0,0.0,0.0,
,0.0,0.0,0.0,0.0,0.0,0.0,0.0,0.0,0.0,0.0,0.0,0.0,
,0.0,0.0,0.0,0.0,0.0,0.0,0.0,0.0,0.0,0.0,0.0,0.0,
,0.0,0.0,0.0,0.0,0.0,0.0,0.0,0.0,0.0,0.0,0.0,0.0,
,0.0,0.0,0.0,0.0,0.0,0.0,0.0,0.0,0.0,0.0,0.0,0.0,
,0.0,0.0,0.0,0.0,0.0,0.0,0.0,0.0,0.0,0.0,0.0,0.0,
,0.0,0.0,2.0,1.0,1.0,3.0,2.0,1.0,2.0,0.0,1.0,0.0,13.0
,0.0,0.0,2.0,1.0,1.0,3.0,2.0,1.0,2.0,0.0,1.0,0.0,
,0.0,0.0,2.0,1.0,1.0,3.0,2.0,1.0,2.0,0.0,1.0,0.0,
,0.0,0.0,2.0,1.0,1.0,3.0,2.0,1.0,2.0,0.0,1.0,0.0,
,0.0,0.0,2.0,1.0,1.0,3.0,2.0,1.0,2.0,0.0,1.0,0.0,
,0.0,0.0,2.0,1.0,1.0,3.0,2.0,1.0,2.0,0.0,1.0,0.0,
,0.0,0.0,2.0,1.0,1.0,3.0,2.0,1.0,2.0,0.0,1.0,0.0,
,0.0,0.0,2.0,1.0,1.0,3.0,2.0,1.0,2.0,0.0,1.0,0.0,
,0.0,0.0,2.0,1.0,1.0,3.0,2.0,1.0,2.0,0.0,1.0,0.0,
,0.0,0.0,2.0,1.0,1.0,3.0,2.0,1.0,2.0,0.0,1.0,0.0,
,0.0,0.0,2.0,1.0,1.0,3.0,2.0,1.0,2.0,0.0,1.0,0.0,
,0.0,0.0,2.0,1.0,1.0,3.0,2.0,1.0,2.0,0.0,1.0,0.0,
,0.0,0.0,0.0,0.0,0.0,0.0,0.0,0.0,1.0,0.0,0.0,0.0,1.0
,0.0,0.0,0.0,0.0,0.0,0.0,0.0,0.0,1.0,0.0,0.0,0.0,
,0.0,0.0,0.0,0.0,0.0,0.0,0.0,0.0,1.0,0.0,0.0,0.0,
,0.0,0.0,0.0,0.0,0.0,0.0,0.0,0.0,1.0,0.0,0.0,0.0,
,0.0,0.0,0.0,0.0,0.0,0.0,0.0,0.0,1.0,0.0,0.0,0.0,
,0.0,0.0,0.0,0.0,0.0,0.0,0.0,0.0,1.0,0.0,0.0,0.0,
,0.0,0.0,0.0,0.0,0.0,0.0,0.0,0.0,1.0,0.0,0.0,0.0,
,0.0,0.0,0.0,0.0,0.0,0.0,0.0,0.0,1.0,0.0,0.0,0.0,
,0.0,0.0,0.0,0.0,0.0,0.0,0.0,0.0,1.0,0.0,0.0,0.0,
,0.0,0.0,0.0,0.0,0.0,0.0,0.0,0.0,1.0,0.0,0.0,0.0,
,0.0,0.0,0.0,0.0,0.0,0.0,0.0,0.0,1.0,0.0,0.0,0.0,
,0.0,0.0,0.0,0.0,0.0,0.0,0.0,0.0,1.0,0.0,0.0,0.0,
,0.0,0.0,0.0,1.0,0.0,0.0,0.0,1.0,0.0,1.0,0.0,0.0,3.0
,0.0,0.0,0.0,1.0,0.0,0.0,0.0,1.0,0.0,1.0,0.0,0.0,
,0.0,0.0,0.0,1.0,0.0,0.0,0.0,1.0,0.0,1.0,0.0,0.0,
,0.0,0.0,0.0,1.0,0.0,0.0,0.0,1.0,0.0,1.0,0.0,0.0,
,0.0,0.0,0.0,1.0,0.0,0.0,0.0,1.0,0.0,1.0,0.0,0.0,
,0.0,0.0,0.0,1.0,0.0,0.0,0.0,1.0,0.0,1.0,0.0,0.0,
,0.0,0.0,0.0,1.0,0.0,0.0,0.0,1.0,0.0,1.0,0.0,0.0,
,0.0,0.0,0.0,1.0,0.0,0.0,0.0,1.0,0.0,1.0,0.0,0.0,
,0.0,0.0,0.0,1.0,0.0,0.0,0.0,1.0,0.0,1.0,0.0,0.0,
,0.0,0.0,0.0,1.0,0.0,0.0,0.0,1.0,0.0,1.0,0.0,0.0,
,0.0,0.0,0.0,1.0,0.0,0.0,0.0,1.0,0.0,1.0,0.0,0.0,
,0.0,0.0,0.0,1.0,0.0,0.0,0.0,1.0,0.0,1.0,0.0,0.0,
,0.0,0.0,0.0,0.0,0.0,0.0,0.0,0.0,0.0,0.0,0.0,0.0,0.0
,0.0,0.0,0.0,0.0,0.0,0.0,0.0,0.0,0.0,0.0,0.0,0.0,
,0.0,0.0,0.0,0.0,0.0,0.0,0.0,0.0,0.0,0.0,0.0,0.0,
,0.0,0.0,0.0,0.0,0.0,0.0,0.0,0.0,0.0,0.0,0.0,0.0,
,0.0,0.0,0.0,0.0,0.0,0.0,0.0,0.0,0.0,0.0,0.0,0.0,
,0.0,0.0,0.0,0.0,0.0,0.0,0.0,0.0,0.0,0.0,0.0,0.0,
,0.0,0.0,0.0,0.0,0.0,0.0,0.0,0.0,0.0,0.0,0.0,0.0,
,0.0,0.0,0.0,0.0,0.0,0.0,0.0,0.0,0.0,0.0,0.0,0.0,
,0.0,0.0,0.0,0.0,0.0,0.0,0.0,0.0,0.0,0.0,0.0,0.0,
,0.0,0.0,0.0,0.0,0.0,0.0,0.0,0.0,0.0,0.0,0.0,0.0,
,0.0,0.0,0.0,0.0,0.0,0.0,0.0,0.0,0.0,0.0,0.0,0.0,
,0.0,0.0,0.0,0.0,0.0,0.0,0.0,0.0,0.0,0.0,0.0,0.0,
,0.0,0.0,0.0,0.0,0.0,0.0,0.0,0.0,1.0,0.0,0.0,0.0,1.0
,0.0,0.0,0.0,0.0,0.0,0.0,0.0,0.0,1.0,0.0,0.0,0.0,
,0.0,0.0,0.0,0.0,0.0,0.0,0.0,0.0,1.0,0.0,0.0,0.0,
,0.0,0.0,0.0,0.0,0.0,0.0,0.0,0.0,1.0,0.0,0.0,0.0,
,0.0,0.0,0.0,0.0,0.0,0.0,0.0,0.0,1.0,0.0,0.0,0.0,
,0.0,0.0,0.0,0.0,0.0,0.0,0.0,0.0,1.0,0.0,0.0,0.0,
,0.0,0.0,0.0,0.0,0.0,0.0,0.0,0.0,1.0,0.0,0.0,0.0,
,0.0,0.0,0.0,0.0,0.0,0.0,0.0,0.0,1.0,0.0,0.0,0.0,
,0.0,0.0,0.0,0.0,0.0,0.0,0.0,0.0,1.0,0.0,0.0,0.0,
,0.0,0.0,0.0,0.0,0.0,0.0,0.0,0.0,1.0,0.0,0.0,0.0,
,0.0,0.0,0.0,0.0,0.0,0.0,0.0,0.0,1.0,0.0,0.0,0.0,
,0.0,0.0,0.0,0.0,0.0,0.0,0.0,0.0,1.0,0.0,0.0,0.0,
,0.0,1.0,1.0,0.0,0.0,0.0,0.0,0.0,0.0,0.0,0.0,0.0,2.0
,0.0,1.0,1.0,0.0,0.0,0.0,0.0,0.0,0.0,0.0,0.0,0.0,
,0.0,1.0,1.0,0.0,0.0,0.0,0.0,0.0,0.0,0.0,0.0,0.0,
,0.0,1.0,1.0,0.0,0.0,0.0,0.0,0.0,0.0,0.0,0.0,0.0,
,0.0,1.0,1.0,0.0,0.0,0.0,0.0,0.0,0.0,0.0,0.0,0.0,
,0.0,1.0,1.0,0.0,0.0,0.0,0.0,0.0,0.0,0.0,0.0,0.0,
,0.0,1.0,1.0,0.0,0.0,0.0,0.0,0.0,0.0,0.0,0.0,0.0,
,0.0,1.0,1.0,0.0,0.0,0.0,0.0,0.0,0.0,0.0,0.0,0.0,
,0.0,1.0,1.0,0.0,0.0,0.0,0.0,0.0,0.0,0.0,0.0,0.0,
,0.0,1.0,1.0,0.0,0.0,0.0,0.0,0.0,0.0,0.0,0.0,0.0,
,0.0,1.0,1.0,0.0,0.0,0.0,0.0,0.0,0.0,0.0,0.0,0.0,
,0.0,1.0,1.0,0.0,0.0,0.0,0.0,0.0,0.0,0.0,0.0,0.0,
,0.0,0.0,1.0,0.0,0.0,0.0,1.0,1.0,4.0,0.0,1.0,0.0,8.0
,0.0,0.0,1.0,0.0,0.0,0.0,1.0,1.0,4.0,0.0,1.0,0.0,
,0.0,0.0,1.0,0.0,0.0,0.0,1.0,1.0,4.0,0.0,1.0,0.0,
,0.0,0.0,1.0,0.0,0.0,0.0,1.0,1.0,4.0,0.0,1.0,0.0,
,0.0,0.0,1.0,0.0,0.0,0.0,1.0,1.0,4.0,0.0,1.0,0.0,
,0.0,0.0,1.0,0.0,0.0,0.0,1.0,1.0,4.0,0.0,1.0,0.0,
,0.0,0.0,1.0,0.0,0.0,0.0,1.0,1.0,4.0,0.0,1.0,0.0,
,0.0,0.0,1.0,0.0,0.0,0.0,1.0,1.0,4.0,0.0,1.0,0.0,
,0.0,0.0,1.0,0.0,0.0,0.0,1.0,1.0,4.0,0.0,1.0,0.0,
,0.0,0.0,1.0,0.0,0.0,0.0,1.0,1.0,4.0,0.0,1.0,0.0,
,0.0,0.0,1.0,0.0,0.0,0.0,1.0,1.0,4.0,0.0,1.0,0.0,
,0.0,0.0,1.0,0.0,0.0,0.0,1.0,1.0,4.0,0.0,1.0,0.0,
,0.0,0.0,0.0,2.0,6.0,2.0,4.0,4.0,8.0,2.0,2.0,0.0,30.0
,0.0,0.0,0.0,2.0,6.0,2.0,4.0,4.0,8.0,2.0,2.0,0.0,
,0.0,0.0,0.0,2.0,6.0,2.0,4.0,4.0,8.0,2.0,2.0,0.0,
,0.0,0.0,0.0,2.0,6.0,2.0,4.0,4.0,8.0,2.0,2.0,0.0,
,0.0,0.0,0.0,2.0,6.0,2.0,4.0,4.0,8.0,2.0,2.0,0.0,
,0.0,0.0,0.0,2.0,6.0,2.0,4.0,4.0,8.0,2.0,2.0,0.0,
,0.0,0.0,0.0,2.0,6.0,2.0,4.0,4.0,8.0,2.0,2.0,0.0,
,0.0,0.0,0.0,2.0,6.0,2.0,4.0,4.0,8.0,2.0,2.0,0.0,
,0.0,0.0,0.0,2.0,6.0,2.0,4.0,4.0,8.0,2.0,2.0,0.0,
,0.0,0.0,0.0,2.0,6.0,2.0,4.0,4.0,8.0,2.0,2.0,0.0,
,0.0,0.0,0.0,2.0,6.0,2.0,4.0,4.0,8.0,2.0,2.0,0.0,
,0.0,0.0,0.0,2.0,6.0,2.0,4.0,4.0,8.0,2.0,2.0,0.0,
,0.0,0.0,1.0,0.0,1.0,1.0,0.0,2.0,0.0,3.0,1.0,8.0,17.0
,0.0,0.0,1.0,0.0,1.0,1.0,0.0,2.0,0.0,3.0,1.0,8.0,
,0.0,0.0,1.0,0.0,1.0,1.0,0.0,2.0,0.0,3.0,1.0,8.0,
,0.0,0.0,1.0,0.0,1.0,1.0,0.0,2.0,0.0,3.0,1.0,8.0,
,0.0,0.0,1.0,0.0,1.0,1.0,0.0,2.0,0.0,3.0,1.0,8.0,
,0.0,0.0,1.0,0.0,1.0,1.0,0.0,2.0,0.0,3.0,1.0,8.0,
,0.0,0.0,1.0,0.0,1.0,1.0,0.0,2.0,0.0,3.0,1.0,8.0,
,0.0,0.0,1.0,0.0,1.0,1.0,0.0,2.0,0.0,3.0,1.0,8.0,
,0.0,0.0,1.0,0.0,1.0,1.0,0.0,2.0,0.0,3.0,1.0,8.0,
,0.0,0.0,1.0,0.0,1.0,1.0,0.0,2.0,0.0,3.0,1.0,8.0,
,0.0,0.0,1.0,0.0,1.0,1.0,0.0,2.0,0.0,3.0,1.0,8.0,
,0.0,0.0,1.0,0.0,1.0,1.0,0.0,2.0,0.0,3.0,1.0,8.0,
,1.0,2.0,3.0,3.0,0.0,2.0,5.0,6.0,11.0,5.0,4.0,4.0,46.0
,1.0,2.0,3.0,3.0,0.0,2.0,5.0,6.0,11.0,5.0,4.0,4.0,
,1.0,2.0,3.0,3.0,0.0,2.0,5.0,6.0,11.0,5.0,4.0,4.0,
,1.0,2.0,3.0,3.0,0.0,2.0,5.0,6.0,11.0,5.0,4.0,4.0,
,1.0,2.0,3.0,3.0,0.0,2.0,5.0,6.0,11.0,5.0,4.0,4.0,
,1.0,2.0,3.0,3.0,0.0,2.0,5.0,6.0,11.0,5.0,4.0,4.0,
,1.0,2.0,3.0,3.0,0.0,2.0,5.0,6.0,11.0,5.0,4.0,4.0,
,1.0,2.0,3.0,3.0,0.0,2.0,5.0,6.0,11.0,5.0,4.0,4.0,
,1.0,2.0,3.0,3.0,0.0,2.0,5.0,6.0,11.0,5.0,4.0,4.0,
,1.0,2.0,3.0,3.0,0.0,2.0,5.0,6.0,11.0,5.0,4.0,4.0,
,1.0,2.0,3.0,3.0,0.0,2.0,5.0,6.0,11.0,5.0,4.0,4.0,
,1.0,2.0,3.0,3.0,0.0,2.0,5.0,6.0,11.0,5.0,4.0,4.0,
,4.0,1.0,2.0,0.0,4.0,2.0,2.0,5.0,5.0,6.0,3.0,8.0,42.0
,4.0,1.0,2.0,0.0,4.0,2.0,2.0,5.0,5.0,6.0,3.0,8.0,
,4.0,1.0,2.0,0.0,4.0,2.0,2.0,5.0,5.0,6.0,3.0,8.0,
,4.0,1.0,2.0,0.0,4.0,2.0,2.0,5.0,5.0,6.0,3.0,8.0,
,4.0,1.0,2.0,0.0,4.0,2.0,2.0,5.0,5.0,6.0,3.0,8.0,
,4.0,1.0,2.0,0.0,4.0,2.0,2.0,5.0,5.0,6.0,3.0,8.0,
,4.0,1.0,2.0,0.0,4.0,2.0,2.0,5.0,5.0,6.0,3.0,8.0,
,4.0,1.0,2.0,0.0,4.0,2.0,2.0,5.0,5.0,6.0,3.0,8.0,
,4.0,1.0,2.0,0.0,4.0,2.0,2.0,5.0,5.0,6.0,3.0,8.0,
,4.0,1.0,2.0,0.0,4.0,2.0,2.0,5.0,5.0,6.0,3.0,8.0,
,4.0,1.0,2.0,0.0,4.0,2.0,2.0,5.0,5.0,6.0,3.0,8.0,
,4.0,1.0,2.0,0.0,4.0,2.0,2.0,5.0,5.0,6.0,3.0,8.0,
,1.0,2.0,2.0,2.0,1.0,0.0,2.0,4.0,4.0,2.0,0.0,1.0,21.0
,1.0,2.0,2.0,2.0,1.0,0.0,2.0,4.0,4.0,2.0,0.0,1.0,
,1.0,2.0,2.0,2.0,1.0,0.0,2.0,4.0,4.0,2.0,0.0,1.0,
,1.0,2.0,2.0,2.0,1.0,0.0,2.0,4.0,4.0,2.0,0.0,1.0,
,1.0,2.0,2.0,2.0,1.0,0.0,2.0,4.0,4.0,2.0,0.0,1.0,
,1.0,2.0,2.0,2.0,1.0,0.0,2.0,4.0,4.0,2.0,0.0,1.0,
,1.0,2.0,2.0,2.0,1.0,0.0,2.0,4.0,4.0,2.0,0.0,1.0,
,1.0,2.0,2.0,2.0,1.0,0.0,2.0,4.0,4.0,2.0,0.0,1.0,
,1.0,2.0,2.0,2.0,1.0,0.0,2.0,4.0,4.0,2.0,0.0,1.0,
,1.0,2.0,2.0,2.0,1.0,0.0,2.0,4.0,4.0,2.0,0.0,1.0,
,1.0,2.0,2.0,2.0,1.0,0.0,2.0,4.0,4.0,2.0,0.0,1.0,
,1.0,2.0,2.0,2.0,1.0,0.0,2.0,4.0,4.0,2.0,0.0,1.0,
,1.0,0.0,1.0,2.0,0.0,0.0,0.0,0.0,0.0,0.0,1.0,0.0,5.0
,1.0,0.0,1.0,2.0,0.0,0.0,0.0,0.0,0.0,0.0,1.0,0.0,
,1.0,0.0,1.0,2.0,0.0,0.0,0.0,0.0,0.0,0.0,1.0,0.0,
,1.0,0.0,1.0,2.0,0.0,0.0,0.0,0.0,0.0,0.0,1.0,0.0,
,1.0,0.0,1.0,2.0,0.0,0.0,0.0,0.0,0.0,0.0,1.0,0.0,
,1.0,0.0,1.0,2.0,0.0,0.0,0.0,0.0,0.0,0.0,1.0,0.0,
,1.0,0.0,1.0,2.0,0.0,0.0,0.0,0.0,0.0,0.0,1.0,0.0,
,1.0,0.0,1.0,2.0,0.0,0.0,0.0,0.0,0.0,0.0,1.0,0.0,
,1.0,0.0,1.0,2.0,0.0,0.0,0.0,0.0,0.0,0.0,1.0,0.0,
,1.0,0.0,1.0,2.0,0.0,0.0,0.0,0.0,0.0,0.0,1.0,0.0,
,1.0,0.0,1.0,2.0,0.0,0.0,0.0,0.0,0.0,0.0,1.0,0.0,
,1.0,0.0,1.0,2.0,0.0,0.0,0.0,0.0,0.0,0.0,1.0,0.0,
,0.0,0.0,0.0,1.0,1.0,0.0,0.0,2.0,2.0,2.0,0.0,2.0,10.0
,0.0,0.0,0.0,1.0,1.0,0.0,0.0,2.0,2.0,2.0,0.0,2.0,
,0.0,0.0,0.0,1.0,1.0,0.0,0.0,2.0,2.0,2.0,0.0,2.0,
,0.0,0.0,0.0,1.0,1.0,0.0,0.0,2.0,2.0,2.0,0.0,2.0,
,0.0,0.0,0.0,1.0,1.0,0.0,0.0,2.0,2.0,2.0,0.0,2.0,
,0.0,0.0,0.0,1.0,1.0,0.0,0.0,2.0,2.0,2.0,0.0,2.0,
,0.0,0.0,0.0,1.0,1.0,0.0,0.0,2.0,2.0,2.0,0.0,2.0,
,0.0,0.0,0.0,1.0,1.0,0.0,0.0,2.0,2.0,2.0,0.0,2.0,
,0.0,0.0,0.0,1.0,1.0,0.0,0.0,2.0,2.0,2.0,0.0,2.0,
,0.0,0.0,0.0,1.0,1.0,0.0,0.0,2.0,2.0,2.0,0.0,2.0,
,0.0,0.0,0.0,1.0,1.0,0.0,0.0,2.0,2.0,2.0,0.0,2.0,
,0.0,0.0,0.0,1.0,1.0,0.0,0.0,2.0,2.0,2.0,0.0,2.0,
,0.0,1.0,0.0,1.0,2.0,3.0,4.0,6.0,3.0,5.0,2.0,7.0,34.0
,0.0,1.0,0.0,1.0,2.0,3.0,4.0,6.0,3.0,5.0,2.0,7.0,
,0.0,1.0,0.0,1.0,2.0,3.0,4.0,6.0,3.0,5.0,2.0,7.0,
,0.0,1.0,0.0,1.0,2.0,3.0,4.0,6.0,3.0,5.0,2.0,7.0,
,0.0,1.0,0.0,1.0,2.0,3.0,4.0,6.0,3.0,5.0,2.0,7.0,
,0.0,1.0,0.0,1.0,2.0,3.0,4.0,6.0,3.0,5.0,2.0,7.0,
,0.0,1.0,0.0,1.0,2.0,3.0,4.0,6.0,3.0,5.0,2.0,7.0,
,0.0,1.0,0.0,1.0,2.0,3.0,4.0,6.0,3.0,5.0,2.0,7.0,
,0.0,1.0,0.0,1.0,2.0,3.0,4.0,6.0,3.0,5.0,2.0,7.0,
,0.0,1.0,0.0,1.0,2.0,3.0,4.0,6.0,3.0,5.0,2.0,7.0,
,0.0,1.0,0.0,1.0,2.0,3.0,4.0,6.0,3.0,5.0,2.0,7.0,
,0.0,1.0,0.0,1.0,2.0,3.0,4.0,6.0,3.0,5.0,2.0,7.0,
,7.0,2.0,3.0,2.0,0.0,1.0,2.0,1.0,3.0,5.0,3.0,0.0,29.0
,7.0,2.0,3.0,2.0,0.0,1.0,2.0,1.0,3.0,5.0,3.0,0.0,
,7.0,2.0,3.0,2.0,0.0,1.0,2.0,1.0,3.0,5.0,3.0,0.0,
,7.0,2.0,3.0,2.0,0.0,1.0,2.0,1.0,3.0,5.0,3.0,0.0,
,7.0,2.0,3.0,2.0,0.0,1.0,2.0,1.0,3.0,5.0,3.0,0.0,
,7.0,2.0,3.0,2.0,0.0,1.0,2.0,1.0,3.0,5.0,3.0,0.0,
,7.0,2.0,3.0,2.0,0.0,1.0,2.0,1.0,3.0,5.0,3.0,0.0,
,7.0,2.0,3.0,2.0,0.0,1.0,2.0,1.0,3.0,5.0,3.0,0.0,
,7.0,2.0,3.0,2.0,0.0,1.0,2.0,1.0,3.0,5.0,3.0,0.0,
,7.0,2.0,3.0,2.0,0.0,1.0,2.0,1.0,3.0,5.0,3.0,0.0,
,7.0,2.0,3.0,2.0,0.0,1.0,2.0,1.0,3.0,5.0,3.0,0.0,
,7.0,2.0,3.0,2.0,0.0,1.0,2.0,1.0,3.0,5.0,3.0,0.0,
,0.0,1.0,1.0,0.0,1.0,1.0,2.0,0.0,2.0,1.0,2.0,0.0,11.0
,0.0,1.0,1.0,0.0,1.0,1.0,2.0,0.0,2.0,1.0,2.0,0.0,
,0.0,1.0,1.0,0.0,1.0,1.0,2.0,0.0,2.0,1.0,2.0,0.0,
,0.0,1.0,1.0,0.0,1.0,1.0,2.0,0.0,2.0,1.0,2.0,0.0,
,0.0,1.0,1.0,0.0,1.0,1.0,2.0,0.0,2.0,1.0,2.0,0.0,
,0.0,1.0,1.0,0.0,1.0,1.0,2.0,0.0,2.0,1.0,2.0,0.0,
,0.0,1.0,1.0,0.0,1.0,1.0,2.0,0.0,2.0,1.0,2.0,0.0,
,0.0,1.0,1.0,0.0,1.0,1.0,2.0,0.0,2.0,1.0,2.0,0.0,
,0.0,1.0,1.0,0.0,1.0,1.0,2.0,0.0,2.0,1.0,2.0,0.0,
,0.0,1.0,1.0,0.0,1.0,1.0,2.0,0.0,2.0,1.0,2.0,0.0,
,0.0,1.0,1.0,0.0,1.0,1.0,2.0,0.0,2.0,1.0,2.0,0.0,
,0.0,1.0,1.0,0.0,1.0,1.0,2.0,0.0,2.0,1.0,2.0,0.0,
,0.0,1.0,3.0,3.0,0.0,1.0,9.0,6.0,5.0,7.0,2.0,3.0,40.0
,0.0,1.0,3.0,3.0,0.0,1.0,9.0,6.0,5.0,7.0,2.0,3.0,
,0.0,1.0,3.0,3.0,0.0,1.0,9.0,6.0,5.0,7.0,2.0,3.0,
,0.0,1.0,3.0,3.0,0.0,1.0,9.0,6.0,5.0,7.0,2.0,3.0,
,0.0,1.0,3.0,3.0,0.0,1.0,9.0,6.0,5.0,7.0,2.0,3.0,
,0.0,1.0,3.0,3.0,0.0,1.0,9.0,6.0,5.0,7.0,2.0,3.0,
,0.0,1.0,3.0,3.0,0.0,1.0,9.0,6.0,5.0,7.0,2.0,3.0,
,0.0,1.0,3.0,3.0,0.0,1.0,9.0,6.0,5.0,7.0,2.0,3.0,
,0.0,1.0,3.0,3.0,0.0,1.0,9.0,6.0,5.0,7.0,2.0,3.0,
,0.0,1.0,3.0,3.0,0.0,1.0,9.0,6.0,5.0,7.0,2.0,3.0,
,0.0,1.0,3.0,3.0,0.0,1.0,9.0,6.0,5.0,7.0,2.0,3.0,
,0.0,1.0,3.0,3.0,0.0,1.0,9.0,6.0,5.0,7.0,2.0,3.0,
,4.0,5.0,2.0,1.0,6.0,4.0,6.0,1.0,1.0,2.0,2.0,5.0,39.0
,4.0,5.0,2.0,1.0,6.0,4.0,6.0,1.0,1.0,2.0,2.0,5.0,
,4.0,5.0,2.0,1.0,6.0,4.0,6.0,1.0,1.0,2.0,2.0,5.0,
,4.0,5.0,2.0,1.0,6.0,4.0,6.0,1.0,1.0,2.0,2.0,5.0,
,4.0,5.0,2.0,1.0,6.0,4.0,6.0,1.0,1.0,2.0,2.0,5.0,
,4.0,5.0,2.0,1.0,6.0,4.0,6.0,1.0,1.0,2.0,2.0,5.0,
,4.0,5.0,2.0,1.0,6.0,4.0,6.0,1.0,1.0,2.0,2.0,5.0,
,4.0,5.0,2.0,1.0,6.0,4.0,6.0,1.0,1.0,2.0,2.0,5.0,
,4.0,5.0,2.0,1.0,6.0,4.0,6.0,1.0,1.0,2.0,2.0,5.0,
,4.0,5.0,2.0,1.0,6.0,4.0,6.0,1.0,1.0,2.0,2.0,5.0,
,4.0,5.0,2.0,1.0,6.0,4.0,6.0,1.0,1.0,2.0,2.0,5.0,
,4.0,5.0,2.0,1.0,6.0,4.0,6.0,1.0,1.0,2.0,2.0,5.0,
,11.0,0.0,0.0,3.0,2.0,4.0,3.0,4.0,4.0,0.0,1.0,4.0,36.0
,11.0,0.0,0.0,3.0,2.0,4.0,3.0,4.0,4.0,0.0,1.0,4.0,
,11.0,0.0,0.0,3.0,2.0,4.0,3.0,4.0,4.0,0.0,1.0,4.0,
,11.0,0.0,0.0,3.0,2.0,4.0,3.0,4.0,4.0,0.0,1.0,4.0,
,11.0,0.0,0.0,3.0,2.0,4.0,3.0,4.0,4.0,0.0,1.0,4.0,
,11.0,0.0,0.0,3.0,2.0,4.0,3.0,4.0,4.0,0.0,1.0,4.0,
,11.0,0.0,0.0,3.0,2.0,4.0,3.0,4.0,4.0,0.0,1.0,4.0,
,11.0,0.0,0.0,3.0,2.0,4.0,3.0,4.0,4.0,0.0,1.0,4.0,
,11.0,0.0,0.0,3.0,2.0,4.0,3.0,4.0,4.0,0.0,1.0,4.0,
,11.0,0.0,0.0,3.0,2.0,4.0,3.0,4.0,4.0,0.0,1.0,4.0,
,11.0,0.0,0.0,3.0,2.0,4.0,3.0,4.0,4.0,0.0,1.0,4.0,
,11.0,0.0,0.0,3.0,2.0,4.0,3.0,4.0,4.0,0.0,1.0,4.0,
,1.0,10.0,5.0,7.0,6.0,6.0,4.0,7.0,10.0,12.0,4.0,2.0,74.0
,1.0,10.0,5.0,7.0,6.0,6.0,4.0,7.0,10.0,12.0,4.0,2.0,
,1.0,10.0,5.0,7.0,6.0,6.0,4.0,7.0,10.0,12.0,4.0,2.0,
,1.0,10.0,5.0,7.0,6.0,6.0,4.0,7.0,10.0,12.0,4.0,2.0,
,1.0,10.0,5.0,7.0,6.0,6.0,4.0,7.0,10.0,12.0,4.0,2.0,
,1.0,10.0,5.0,7.0,6.0,6.0,4.0,7.0,10.0,12.0,4.0,2.0,
,1.0,10.0,5.0,7.0,6.0,6.0,4.0,7.0,10.0,12.0,4.0,2.0,
,1.0,10.0,5.0,7.0,6.0,6.0,4.0,7.0,10.0,12.0,4.0,2.0,
,1.0,10.0,5.0,7.0,6.0,6.0,4.0,7.0,10.0,12.0,4.0,2.0,
,1.0,10.0,5.0,7.0,6.0,6.0,4.0,7.0,10.0,12.0,4.0,2.0,
,1.0,10.0,5.0,7.0,6.0,6.0,4.0,7.0,10.0,12.0,4.0,2.0,
,1.0,10.0,5.0,7.0,6.0,6.0,4.0,7.0,10.0,12.0,4.0,2.0,
,3.0,2.0,2.0,3.0,1.0,0.0,3.0,1.0,5.0,3.0,0.0,0.0,23.0
,3.0,2.0,2.0,3.0,1.0,0.0,3.0,1.0,5.0,3.0,0.0,0.0,
,3.0,2.0,2.0,3.0,1.0,0.0,3.0,1.0,5.0,3.0,0.0,0.0,
,3.0,2.0,2.0,3.0,1.0,0.0,3.0,1.0,5.0,3.0,0.0,0.0,
,3.0,2.0,2.0,3.0,1.0,0.0,3.0,1.0,5.0,3.0,0.0,0.0,
,3.0,2.0,2.0,3.0,1.0,0.0,3.0,1.0,5.0,3.0,0.0,0.0,
,3.0,2.0,2.0,3.0,1.0,0.0,3.0,1.0,5.0,3.0,0.0,0.0,
,3.0,2.0,2.0,3.0,1.0,0.0,3.0,1.0,5.0,3.0,0.0,0.0,
,3.0,2.0,2.0,3.0,1.0,0.0,3.0,1.0,5.0,3.0,0.0,0.0,
,3.0,2.0,2.0,3.0,1.0,0.0,3.0,1.0,5.0,3.0,0.0,0.0,
,3.0,2.0,2.0,3.0,1.0,0.0,3.0,1.0,5.0,3.0,0.0,0.0,
,3.0,2.0,2.0,3.0,1.0,0.0,3.0,1.0,5.0,3.0,0.0,0.0,
,4.0,3.0,4.0,2.0,5.0,4.0,3.0,1.0,1.0,3.0,4.0,3.0,37.0
,4.0,3.0,4.0,2.0,5.0,4.0,3.0,1.0,1.0,3.0,4.0,3.0,
,4.0,3.0,4.0,2.0,5.0,4.0,3.0,1.0,1.0,3.0,4.0,3.0,
,4.0,3.0,4.0,2.0,5.0,4.0,3.0,1.0,1.0,3.0,4.0,3.0,
,4.0,3.0,4.0,2.0,5.0,4.0,3.0,1.0,1.0,3.0,4.0,3.0,
,4.0,3.0,4.0,2.0,5.0,4.0,3.0,1.0,1.0,3.0,4.0,3.0,
,4.0,3.0,4.0,2.0,5.0,4.0,3.0,1.0,1.0,3.0,4.0,3.0,
,4.0,3.0,4.0,2.0,5.0,4.0,3.0,1.0,1.0,3.0,4.0,3.0,
,4.0,3.0,4.0,2.0,5.0,4.0,3.0,1.0,1.0,3.0,4.0,3.0,
,4.0,3.0,4.0,2.0,5.0,4.0,3.0,1.0,1.0,3.0,4.0,3.0,
,4.0,3.0,4.0,2.0,5.0,4.0,3.0,1.0,1.0,3.0,4.0,3.0,
,4.0,3.0,4.0,2.0,5.0,4.0,3.0,1.0,1.0,3.0,4.0,3.0,
,3.0,3.0,8.0,7.0,3.0,2.0,4.0,3.0,2.0,4.0,3.0,1.0,43.0
,3.0,3.0,8.0,7.0,3.0,2.0,4.0,3.0,2.0,4.0,3.0,1.0,
,3.0,3.0,8.0,7.0,3.0,2.0,4.0,3.0,2.0,4.0,3.0,1.0,
,3.0,3.0,8.0,7.0,3.0,2.0,4.0,3.0,2.0,4.0,3.0,1.0,
,3.0,3.0,8.0,7.0,3.0,2.0,4.0,3.0,2.0,4.0,3.0,1.0,
,3.0,3.0,8.0,7.0,3.0,2.0,4.0,3.0,2.0,4.0,3.0,1.0,
,3.0,3.0,8.0,7.0,3.0,2.0,4.0,3.0,2.0,4.0,3.0,1.0,
,3.0,3.0,8.0,7.0,3.0,2.0,4.0,3.0,2.0,4.0,3.0,1.0,
,3.0,3.0,8.0,7.0,3.0,2.0,4.0,3.0,2.0,4.0,3.0,1.0,
,3.0,3.0,8.0,7.0,3.0,2.0,4.0,3.0,2.0,4.0,3.0,1.0,
,3.0,3.0,8.0,7.0,3.0,2.0,4.0,3.0,2.0,4.0,3.0,1.0,
,3.0,3.0,8.0,7.0,3.0,2.0,4.0,3.0,2.0,4.0,3.0,1.0,
,0.0,1.0,3.0,2.0,2.0,0.0,2.0,6.0,4.0,6.0,4.0,4.0,34.0
,0.0,1.0,3.0,2.0,2.0,0.0,2.0,6.0,4.0,6.0,4.0,4.0,
,0.0,1.0,3.0,2.0,2.0,0.0,2.0,6.0,4.0,6.0,4.0,4.0,
,0.0,1.0,3.0,2.0,2.0,0.0,2.0,6.0,4.0,6.0,4.0,4.0,
,0.0,1.0,3.0,2.0,2.0,0.0,2.0,6.0,4.0,6.0,4.0,4.0,
,0.0,1.0,3.0,2.0,2.0,0.0,2.0,6.0,4.0,6.0,4.0,4.0,
,0.0,1.0,3.0,2.0,2.0,0.0,2.0,6.0,4.0,6.0,4.0,4.0,
,0.0,1.0,3.0,2.0,2.0,0.0,2.0,6.0,4.0,6.0,4.0,4.0,
,0.0,1.0,3.0,2.0,2.0,0.0,2.0,6.0,4.0,6.0,4.0,4.0,
,0.0,1.0,3.0,2.0,2.0,0.0,2.0,6.0,4.0,6.0,4.0,4.0,
,0.0,1.0,3.0,2.0,2.0,0.0,2.0,6.0,4.0,6.0,4.0,4.0,
,0.0,1.0,3.0,2.0,2.0,0.0,2.0,6.0,4.0,6.0,4.0,4.0,
,5.0,9.0,15.0,19.0,16.0,17.0,11.0,13.0,3.0,10.0,12.0,13.0,143.0
,5.0,9.0,15.0,19.0,16.0,17.0,11.0,13.0,3.0,10.0,12.0,13.0,
,5.0,9.0,15.0,19.0,16.0,17.0,11.0,13.0,3.0,10.0,12.0,13.0,
,5.0,9.0,15.0,19.0,16.0,17.0,11.0,13.0,3.0,10.0,12.0,13.0,
,5.0,9.0,15.0,19.0,16.0,17.0,11.0,13.0,3.0,10.0,12.0,13.0,
,5.0,9.0,15.0,19.0,16.0,17.0,11.0,13.0,3.0,10.0,12.0,13.0,
,5.0,9.0,15.0,19.0,16.0,17.0,11.0,13.0,3.0,10.0,12.0,13.0,
,5.0,9.0,15.0,19.0,16.0,17.0,11.0,13.0,3.0,10.0,12.0,13.0,
,5.0,9.0,15.0,19.0,16.0,17.0,11.0,13.0,3.0,10.0,12.0,13.0,
,5.0,9.0,15.0,19.0,16.0,17.0,11.0,13.0,3.0,10.0,12.0,13.0,
,5.0,9.0,15.0,19.0,16.0,17.0,11.0,13.0,3.0,10.0,12.0,13.0,
,5.0,9.0,15.0,19.0,16.0,17.0,11.0,13.0,3.0,10.0,12.0,13.0,
,5.0,5.0,1.0,1.0,0.0,0.0,3.0,3.0,6.0,4.0,1.0,2.0,31.0
,5.0,5.0,1.0,1.0,0.0,0.0,3.0,3.0,6.0,4.0,1.0,2.0,
,5.0,5.0,1.0,1.0,0.0,0.0,3.0,3.0,6.0,4.0,1.0,2.0,
,5.0,5.0,1.0,1.0,0.0,0.0,3.0,3.0,6.0,4.0,1.0,2.0,
,5.0,5.0,1.0,1.0,0.0,0.0,3.0,3.0,6.0,4.0,1.0,2.0,
,5.0,5.0,1.0,1.0,0.0,0.0,3.0,3.0,6.0,4.0,1.0,2.0,
,5.0,5.0,1.0,1.0,0.0,0.0,3.0,3.0,6.0,4.0,1.0,2.0,
,5.0,5.0,1.0,1.0,0.0,0.0,3.0,3.0,6.0,4.0,1.0,2.0,
,5.0,5.0,1.0,1.0,0.0,0.0,3.0,3.0,6.0,4.0,1.0,2.0,
,5.0,5.0,1.0,1.0,0.0,0.0,3.0,3.0,6.0,4.0,1.0,2.0,
,5.0,5.0,1.0,1.0,0.0,0.0,3.0,3.0,6.0,4.0,1.0,2.0,
,5.0,5.0,1.0,1.0,0.0,0.0,3.0,3.0,6.0,4.0,1.0,2.0,
,2.0,2.0,1.0,1.0,1.0,11.0,6.0,7.0,5.0,6.0,4.0,5.0,51.0
,2.0,2.0,1.0,1.0,1.0,11.0,6.0,7.0,5.0,6.0,4.0,5.0,
,2.0,2.0,1.0,1.0,1.0,11.0,6.0,7.0,5.0,6.0,4.0,5.0,
,2.0,2.0,1.0,1.0,1.0,11.0,6.0,7.0,5.0,6.0,4.0,5.0,
,2.0,2.0,1.0,1.0,1.0,11.0,6.0,7.0,5.0,6.0,4.0,5.0,
,2.0,2.0,1.0,1.0,1.0,11.0,6.0,7.0,5.0,6.0,4.0,5.0,
,2.0,2.0,1.0,1.0,1.0,11.0,6.0,7.0,5.0,6.0,4.0,5.0,
,2.0,2.0,1.0,1.0,1.0,11.0,6.0,7.0,5.0,6.0,4.0,5.0,
,2.0,2.0,1.0,1.0,1.0,11.0,6.0,7.0,5.0,6.0,4.0,5.0,
,2.0,2.0,1.0,1.0,1.0,11.0,6.0,7.0,5.0,6.0,4.0,5.0,
,2.0,2.0,1.0,1.0,1.0,11.0,6.0,7.0,5.0,6.0,4.0,5.0,
,2.0,2.0,1.0,1.0,1.0,11.0,6.0,7.0,5.0,6.0,4.0,5.0,
,3.0,6.0,1.0,4.0,7.0,3.0,7.0,5.0,7.0,5.0,12.0,4.0,64.0
,3.0,6.0,1.0,4.0,7.0,3.0,7.0,5.0,7.0,5.0,12.0,4.0,
,3.0,6.0,1.0,4.0,7.0,3.0,7.0,5.0,7.0,5.0,12.0,4.0,
,3.0,6.0,1.0,4.0,7.0,3.0,7.0,5.0,7.0,5.0,12.0,4.0,
,3.0,6.0,1.0,4.0,7.0,3.0,7.0,5.0,7.0,5.0,12.0,4.0,
,3.0,6.0,1.0,4.0,7.0,3.0,7.0,5.0,7.0,5.0,12.0,4.0,
,3.0,6.0,1.0,4.0,7.0,3.0,7.0,5.0,7.0,5.0,12.0,4.0,
,3.0,6.0,1.0,4.0,7.0,3.0,7.0,5.0,7.0,5.0,12.0,4.0,
,3.0,6.0,1.0,4.0,7.0,3.0,7.0,5.0,7.0,5.0,12.0,4.0,
,3.0,6.0,1.0,4.0,7.0,3.0,7.0,5.0,7.0,5.0,12.0,4.0,
,3.0,6.0,1.0,4.0,7.0,3.0,7.0,5.0,7.0,5.0,12.0,4.0,
,3.0,6.0,1.0,4.0,7.0,3.0,7.0,5.0,7.0,5.0,12.0,4.0,
,0.0,1.0,3.0,2.0,4.0,6.0,7.0,5.0,10.0,7.0,2.0,13.0,60.0
,0.0,1.0,3.0,2.0,4.0,6.0,7.0,5.0,10.0,7.0,2.0,13.0,
,0.0,1.0,3.0,2.0,4.0,6.0,7.0,5.0,10.0,7.0,2.0,13.0,
,0.0,1.0,3.0,2.0,4.0,6.0,7.0,5.0,10.0,7.0,2.0,13.0,
,0.0,1.0,3.0,2.0,4.0,6.0,7.0,5.0,10.0,7.0,2.0,13.0,
,0.0,1.0,3.0,2.0,4.0,6.0,7.0,5.0,10.0,7.0,2.0,13.0,
,0.0,1.0,3.0,2.0,4.0,6.0,7.0,5.0,10.0,7.0,2.0,13.0,
,0.0,1.0,3.0,2.0,4.0,6.0,7.0,5.0,10.0,7.0,2.0,13.0,
,0.0,1.0,3.0,2.0,4.0,6.0,7.0,5.0,10.0,7.0,2.0,13.0,
,0.0,1.0,3.0,2.0,4.0,6.0,7.0,5.0,10.0,7.0,2.0,13.0,
,0.0,1.0,3.0,2.0,4.0,6.0,7.0,5.0,10.0,7.0,2.0,13.0,
,0.0,1.0,3.0,2.0,4.0,6.0,7.0,5.0,10.0,7.0,2.0,13.0,
,5.0,3.0,2.0,4.0,4.0,7.0,6.0,14.0,4.0,6.0,11.0,7.0,73.0
,5.0,3.0,2.0,4.0,4.0,7.0,6.0,14.0,4.0,6.0,11.0,7.0,
,5.0,3.0,2.0,4.0,4.0,7.0,6.0,14.0,4.0,6.0,11.0,7.0,
,5.0,3.0,2.0,4.0,4.0,7.0,6.0,14.0,4.0,6.0,11.0,7.0,
,5.0,3.0,2.0,4.0,4.0,7.0,6.0,14.0,4.0,6.0,11.0,7.0,
,5.0,3.0,2.0,4.0,4.0,7.0,6.0,14.0,4.0,6.0,11.0,7.0,
,5.0,3.0,2.0,4.0,4.0,7.0,6.0,14.0,4.0,6.0,11.0,7.0,
,5.0,3.0,2.0,4.0,4.0,7.0,6.0,14.0,4.0,6.0,11.0,7.0,
,5.0,3.0,2.0,4.0,4.0,7.0,6.0,14.0,4.0,6.0,11.0,7.0,
,5.0,3.0,2.0,4.0,4.0,7.0,6.0,14.0,4.0,6.0,11.0,7.0,
,5.0,3.0,2.0,4.0,4.0,7.0,6.0,14.0,4.0,6.0,11.0,7.0,
,5.0,3.0,2.0,4.0,4.0,7.0,6.0,14.0,4.0,6.0,11.0,7.0,
,8.0,1.0,1.0,4.0,3.0,0.0,1.0,2.0,2.0,4.0,0.0,1.0,27.0
,8.0,1.0,1.0,4.0,3.0,0.0,1.0,2.0,2.0,4.0,0.0,1.0,
,8.0,1.0,1.0,4.0,3.0,0.0,1.0,2.0,2.0,4.0,0.0,1.0,
,8.0,1.0,1.0,4.0,3.0,0.0,1.0,2.0,2.0,4.0,0.0,1.0,
,8.0,1.0,1.0,4.0,3.0,0.0,1.0,2.0,2.0,4.0,0.0,1.0,
,8.0,1.0,1.0,4.0,3.0,0.0,1.0,2.0,2.0,4.0,0.0,1.0,
,8.0,1.0,1.0,4.0,3.0,0.0,1.0,2.0,2.0,4.0,0.0,1.0,
,8.0,1.0,1.0,4.0,3.0,0.0,1.0,2.0,2.0,4.0,0.0,1.0,
,8.0,1.0,1.0,4.0,3.0,0.0,1.0,2.0,2.0,4.0,0.0,1.0,
,8.0,1.0,1.0,4.0,3.0,0.0,1.0,2.0,2.0,4.0,0.0,1.0,
,8.0,1.0,1.0,4.0,3.0,0.0,1.0,2.0,2.0,4.0,0.0,1.0,
,8.0,1.0,1.0,4.0,3.0,0.0,1.0,2.0,2.0,4.0,0.0,1.0,
,8.0,11.0,9.0,9.0,3.0,4.0,2.0,4.0,1.0,1.0,2.0,0.0,54.0
,8.0,11.0,9.0,9.0,3.0,4.0,2.0,4.0,1.0,1.0,2.0,0.0,
,8.0,11.0,9.0,9.0,3.0,4.0,2.0,4.0,1.0,1.0,2.0,0.0,
,8.0,11.0,9.0,9.0,3.0,4.0,2.0,4.0,1.0,1.0,2.0,0.0,
,8.0,11.0,9.0,9.0,3.0,4.0,2.0,4.0,1.0,1.0,2.0,0.0,
,8.0,11.0,9.0,9.0,3.0,4.0,2.0,4.0,1.0,1.0,2.0,0.0,
,8.0,11.0,9.0,9.0,3.0,4.0,2.0,4.0,1.0,1.0,2.0,0.0,
,8.0,11.0,9.0,9.0,3.0,4.0,2.0,4.0,1.0,1.0,2.0,0.0,
,8.0,11.0,9.0,9.0,3.0,4.0,2.0,4.0,1.0,1.0,2.0,0.0,
,8.0,11.0,9.0,9.0,3.0,4.0,2.0,4.0,1.0,1.0,2.0,0.0,
,8.0,11.0,9.0,9.0,3.0,4.0,2.0,4.0,1.0,1.0,2.0,0.0,
,8.0,11.0,9.0,9.0,3.0,4.0,2.0,4.0,1.0,1.0,2.0,0.0,
,7.0,4.0,1.0,0.0,1.0,1.0,1.0,3.0,3.0,2.0,1.0,7.0,31.0
,7.0,4.0,1.0,0.0,1.0,1.0,1.0,3.0,3.0,2.0,1.0,7.0,
,7.0,4.0,1.0,0.0,1.0,1.0,1.0,3.0,3.0,2.0,1.0,7.0,
,7.0,4.0,1.0,0.0,1.0,1.0,1.0,3.0,3.0,2.0,1.0,7.0,
,7.0,4.0,1.0,0.0,1.0,1.0,1.0,3.0,3.0,2.0,1.0,7.0,
,7.0,4.0,1.0,0.0,1.0,1.0,1.0,3.0,3.0,2.0,1.0,7.0,
,7.0,4.0,1.0,0.0,1.0,1.0,1.0,3.0,3.0,2.0,1.0,7.0,
,7.0,4.0,1.0,0.0,1.0,1.0,1.0,3.0,3.0,2.0,1.0,7.0,
,7.0,4.0,1.0,0.0,1.0,1.0,1.0,3.0,3.0,2.0,1.0,7.0,
,7.0,4.0,1.0,0.0,1.0,1.0,1.0,3.0,3.0,2.0,1.0,7.0,
,7.0,4.0,1.0,0.0,1.0,1.0,1.0,3.0,3.0,2.0,1.0,7.0,
,7.0,4.0,1.0,0.0,1.0,1.0,1.0,3.0,3.0,2.0,1.0,7.0,
,4.0,4.0,1.0,0.0,0.0,1.0,3.0,1.0,1.0,1.0,2.0,2.0,20.0
,4.0,4.0,1.0,0.0,0.0,1.0,3.0,1.0,1.0,1.0,2.0,2.0,
,4.0,4.0,1.0,0.0,0.0,1.0,3.0,1.0,1.0,1.0,2.0,2.0,
,4.0,4.0,1.0,0.0,0.0,1.0,3.0,1.0,1.0,1.0,2.0,2.0,
,4.0,4.0,1.0,0.0,0.0,1.0,3.0,1.0,1.0,1.0,2.0,2.0,
,4.0,4.0,1.0,0.0,0.0,1.0,3.0,1.0,1.0,1.0,2.0,2.0,
,4.0,4.0,1.0,0.0,0.0,1.0,3.0,1.0,1.0,1.0,2.0,2.0,
,4.0,4.0,1.0,0.0,0.0,1.0,3.0,1.0,1.0,1.0,2.0,2.0,
,4.0,4.0,1.0,0.0,0.0,1.0,3.0,1.0,1.0,1.0,2.0,2.0,
,4.0,4.0,1.0,0.0,0.0,1.0,3.0,1.0,1.0,1.0,2.0,2.0,
,4.0,4.0,1.0,0.0,0.0,1.0,3.0,1.0,1.0,1.0,2.0,2.0,
,4.0,4.0,1.0,0.0,0.0,1.0,3.0,1.0,1.0,1.0,2.0,2.0,
,1.0,0.0,0.0,0.0,0.0,0.0,0.0,1.0,1.0,0.0,0.0,1.0,4.0
,1.0,0.0,0.0,0.0,0.0,0.0,0.0,1.0,1.0,0.0,0.0,1.0,
,1.0,0.0,0.0,0.0,0.0,0.0,0.0,1.0,1.0,0.0,0.0,1.0,
,1.0,0.0,0.0,0.0,0.0,0.0,0.0,1.0,1.0,0.0,0.0,1.0,
,1.0,0.0,0.0,0.0,0.0,0.0,0.0,1.0,1.0,0.0,0.0,1.0,
,1.0,0.0,0.0,0.0,0.0,0.0,0.0,1.0,1.0,0.0,0.0,1.0,
,1.0,0.0,0.0,0.0,0.0,0.0,0.0,1.0,1.0,0.0,0.0,1.0,
,1.0,0.0,0.0,0.0,0.0,0.0,0.0,1.0,1.0,0.0,0.0,1.0,
,1.0,0.0,0.0,0.0,0.0,0.0,0.0,1.0,1.0,0.0,0.0,1.0,
,1.0,0.0,0.0,0.0,0.0,0.0,0.0,1.0,1.0,0.0,0.0,1.0,
,1.0,0.0,0.0,0.0,0.0,0.0,0.0,1.0,1.0,0.0,0.0,1.0,
,1.0,0.0,0.0,0.0,0.0,0.0,0.0,1.0,1.0,0.0,0.0,1.0,
,0.0,2.0,2.0,1.0,1.0,0.0,0.0,3.0,1.0,1.0,0.0,0.0,11.0
,0.0,2.0,2.0,1.0,1.0,0.0,0.0,3.0,1.0,1.0,0.0,0.0,
,0.0,2.0,2.0,1.0,1.0,0.0,0.0,3.0,1.0,1.0,0.0,0.0,
,0.0,2.0,2.0,1.0,1.0,0.0,0.0,3.0,1.0,1.0,0.0,0.0,
,0.0,2.0,2.0,1.0,1.0,0.0,0.0,3.0,1.0,1.0,0.0,0.0,
,0.0,2.0,2.0,1.0,1.0,0.0,0.0,3.0,1.0,1.0,0.0,0.0,
,0.0,2.0,2.0,1.0,1.0,0.0,0.0,3.0,1.0,1.0,0.0,0.0,
,0.0,2.0,2.0,1.0,1.0,0.0,0.0,3.0,1.0,1.0,0.0,0.0,
,0.0,2.0,2.0,1.0,1.0,0.0,0.0,3.0,1.0,1.0,0.0,0.0,
,0.0,2.0,2.0,1.0,1.0,0.0,0.0,3.0,1.0,1.0,0.0,0.0,
,0.0,2.0,2.0,1.0,1.0,0.0,0.0,3.0,1.0,1.0,0.0,0.0,
,0.0,2.0,2.0,1.0,1.0,0.0,0.0,3.0,1.0,1.0,0.0,0.0,
,0.0,1.0,4.0,5.0,5.0,1.0,1.0,0.0,0.0,0.0,0.0,0.0,17.0
,0.0,1.0,4.0,5.0,5.0,1.0,1.0,0.0,0.0,0.0,0.0,0.0,
,0.0,1.0,4.0,5.0,5.0,1.0,1.0,0.0,0.0,0.0,0.0,0.0,
,0.0,1.0,4.0,5.0,5.0,1.0,1.0,0.0,0.0,0.0,0.0,0.0,
,0.0,1.0,4.0,5.0,5.0,1.0,1.0,0.0,0.0,0.0,0.0,0.0,
,0.0,1.0,4.0,5.0,5.0,1.0,1.0,0.0,0.0,0.0,0.0,0.0,
,0.0,1.0,4.0,5.0,5.0,1.0,1.0,0.0,0.0,0.0,0.0,0.0,
,0.0,1.0,4.0,5.0,5.0,1.0,1.0,0.0,0.0,0.0,0.0,0.0,
,0.0,1.0,4.0,5.0,5.0,1.0,1.0,0.0,0.0,0.0,0.0,0.0,
,0.0,1.0,4.0,5.0,5.0,1.0,1.0,0.0,0.0,0.0,0.0,0.0,
,0.0,1.0,4.0,5.0,5.0,1.0,1.0,0.0,0.0,0.0,0.0,0.0,
,0.0,1.0,4.0,5.0,5.0,1.0,1.0,0.0,0.0,0.0,0.0,0.0,
,0.0,0.0,0.0,0.0,1.0,0.0,0.0,0.0,0.0,0.0,0.0,0.0,1.0
,0.0,0.0,0.0,0.0,1.0,0.0,0.0,0.0,0.0,0.0,0.0,0.0,
,0.0,0.0,0.0,0.0,1.0,0.0,0.0,0.0,0.0,0.0,0.0,0.0,
,0.0,0.0,0.0,0.0,1.0,0.0,0.0,0.0,0.0,0.0,0.0,0.0,
,0.0,0.0,0.0,0.0,1.0,0.0,0.0,0.0,0.0,0.0,0.0,0.0,
,0.0,0.0,0.0,0.0,1.0,0.0,0.0,0.0,0.0,0.0,0.0,0.0,
,0.0,0.0,0.0,0.0,1.0,0.0,0.0,0.0,0.0,0.0,0.0,0.0,
,0.0,0.0,0.0,0.0,1.0,0.0,0.0,0.0,0.0,0.0,0.0,0.0,
,0.0,0.0,0.0,0.0,1.0,0.0,0.0,0.0,0.0,0.0,0.0,0.0,
,0.0,0.0,0.0,0.0,1.0,0.0,0.0,0.0,0.0,0.0,0.0,0.0,
,0.0,0.0,0.0,0.0,1.0,0.0,0.0,0.0,0.0,0.0,0.0,0.0,
,0.0,0.0,0.0,0.0,1.0,0.0,0.0,0.0,0.0,0.0,0.0,0.0,
,0.0,0.0,0.0,1.0,1.0,0.0,2.0,0.0,0.0,2.0,2.0,2.0,10.0
,0.0,0.0,0.0,1.0,1.0,0.0,2.0,0.0,0.0,2.0,2.0,2.0,
,0.0,0.0,0.0,1.0,1.0,0.0,2.0,0.0,0.0,2.0,2.0,2.0,
,0.0,0.0,0.0,1.0,1.0,0.0,2.0,0.0,0.0,2.0,2.0,2.0,
,0.0,0.0,0.0,1.0,1.0,0.0,2.0,0.0,0.0,2.0,2.0,2.0,
,0.0,0.0,0.0,1.0,1.0,0.0,2.0,0.0,0.0,2.0,2.0,2.0,
,0.0,0.0,0.0,1.0,1.0,0.0,2.0,0.0,0.0,2.0,2.0,2.0,
,0.0,0.0,0.0,1.0,1.0,0.0,2.0,0.0,0.0,2.0,2.0,2.0,
,0.0,0.0,0.0,1.0,1.0,0.0,2.0,0.0,0.0,2.0,2.0,2.0,
,0.0,0.0,0.0,1.0,1.0,0.0,2.0,0.0,0.0,2.0,2.0,2.0,
,0.0,0.0,0.0,1.0,1.0,0.0,2.0,0.0,0.0,2.0,2.0,2.0,
,0.0,0.0,0.0,1.0,1.0,0.0,2.0,0.0,0.0,2.0,2.0,2.0,
,3.0,1.0,6.0,0.0,2.0,0.0,1.0,0.0,1.0,1.0,0.0,0.0,15.0
,3.0,1.0,6.0,0.0,2.0,0.0,1.0,0.0,1.0,1.0,0.0,0.0,
,3.0,1.0,6.0,0.0,2.0,0.0,1.0,0.0,1.0,1.0,0.0,0.0,
,3.0,1.0,6.0,0.0,2.0,0.0,1.0,0.0,1.0,1.0,0.0,0.0,
,3.0,1.0,6.0,0.0,2.0,0.0,1.0,0.0,1.0,1.0,0.0,0.0,
,3.0,1.0,6.0,0.0,2.0,0.0,1.0,0.0,1.0,1.0,0.0,0.0,
,3.0,1.0,6.0,0.0,2.0,0.0,1.0,0.0,1.0,1.0,0.0,0.0,
,3.0,1.0,6.0,0.0,2.0,0.0,1.0,0.0,1.0,1.0,0.0,0.0,
,3.0,1.0,6.0,0.0,2.0,0.0,1.0,0.0,1.0,1.0,0.0,0.0,
,3.0,1.0,6.0,0.0,2.0,0.0,1.0,0.0,1.0,1.0,0.0,0.0,
,3.0,1.0,6.0,0.0,2.0,0.0,1.0,0.0,1.0,1.0,0.0,0.0,
,3.0,1.0,6.0,0.0,2.0,0.0,1.0,0.0,1.0,1.0,0.0,0.0,
,0.0,0.0,0.0,1.0,0.0,0.0,0.0,1.0,0.0,1.0,0.0,1.0,4.0
,0.0,0.0,0.0,1.0,0.0,0.0,0.0,1.0,0.0,1.0,0.0,1.0,
,0.0,0.0,0.0,1.0,0.0,0.0,0.0,1.0,0.0,1.0,0.0,1.0,
,0.0,0.0,0.0,1.0,0.0,0.0,0.0,1.0,0.0,1.0,0.0,1.0,
,0.0,0.0,0.0,1.0,0.0,0.0,0.0,1.0,0.0,1.0,0.0,1.0,
,0.0,0.0,0.0,1.0,0.0,0.0,0.0,1.0,0.0,1.0,0.0,1.0,
,0.0,0.0,0.0,1.0,0.0,0.0,0.0,1.0,0.0,1.0,0.0,1.0,
,0.0,0.0,0.0,1.0,0.0,0.0,0.0,1.0,0.0,1.0,0.0,1.0,
,0.0,0.0,0.0,1.0,0.0,0.0,0.0,1.0,0.0,1.0,0.0,1.0,
,0.0,0.0,0.0,1.0,0.0,0.0,0.0,1.0,0.0,1.0,0.0,1.0,
,0.0,0.0,0.0,1.0,0.0,0.0,0.0,1.0,0.0,1.0,0.0,1.0,
,0.0,0.0,0.0,1.0,0.0,0.0,0.0,1.0,0.0,1.0,0.0,1.0,
,0.0,1.0,0.0,0.0,2.0,2.0,2.0,0.0,3.0,0.0,0.0,5.0,15.0
,0.0,1.0,0.0,0.0,2.0,2.0,2.0,0.0,3.0,0.0,0.0,5.0,
,0.0,1.0,0.0,0.0,2.0,2.0,2.0,0.0,3.0,0.0,0.0,5.0,
,0.0,1.0,0.0,0.0,2.0,2.0,2.0,0.0,3.0,0.0,0.0,5.0,
,0.0,1.0,0.0,0.0,2.0,2.0,2.0,0.0,3.0,0.0,0.0,5.0,
,0.0,1.0,0.0,0.0,2.0,2.0,2.0,0.0,3.0,0.0,0.0,5.0,
,0.0,1.0,0.0,0.0,2.0,2.0,2.0,0.0,3.0,0.0,0.0,5.0,
,0.0,1.0,0.0,0.0,2.0,2.0,2.0,0.0,3.0,0.0,0.0,5.0,
,0.0,1.0,0.0,0.0,2.0,2.0,2.0,0.0,3.0,0.0,0.0,5.0,
,0.0,1.0,0.0,0.0,2.0,2.0,2.0,0.0,3.0,0.0,0.0,5.0,
,0.0,1.0,0.0,0.0,2.0,2.0,2.0,0.0,3.0,0.0,0.0,5.0,
,0.0,1.0,0.0,0.0,2.0,2.0,2.0,0.0,3.0,0.0,0.0,5.0,
,3.0,2.0,10.0,2.0,6.0,1.0,0.0,2.0,6.0,3.0,8.0,2.0,45.0
,3.0,2.0,10.0,2.0,6.0,1.0,0.0,2.0,6.0,3.0,8.0,2.0,
,3.0,2.0,10.0,2.0,6.0,1.0,0.0,2.0,6.0,3.0,8.0,2.0,
,3.0,2.0,10.0,2.0,6.0,1.0,0.0,2.0,6.0,3.0,8.0,2.0,
,3.0,2.0,10.0,2.0,6.0,1.0,0.0,2.0,6.0,3.0,8.0,2.0,
,3.0,2.0,10.0,2.0,6.0,1.0,0.0,2.0,6.0,3.0,8.0,2.0,
,3.0,2.0,10.0,2.0,6.0,1.0,0.0,2.0,6.0,3.0,8.0,2.0,
,3.0,2.0,10.0,2.0,6.0,1.0,0.0,2.0,6.0,3.0,8.0,2.0,
,3.0,2.0,10.0,2.0,6.0,1.0,0.0,2.0,6.0,3.0,8.0,2.0,
,3.0,2.0,10.0,2.0,6.0,1.0,0.0,2.0,6.0,3.0,8.0,2.0,
,3.0,2.0,10.0,2.0,6.0,1.0,0.0,2.0,6.0,3.0,8.0,2.0,
,3.0,2.0,10.0,2.0,6.0,1.0,0.0,2.0,6.0,3.0,8.0,2.0,
,1.0,2.0,0.0,1.0,1.0,2.0,0.0,2.0,0.0,2.0,0.0,0.0,11.0
,1.0,2.0,0.0,1.0,1.0,2.0,0.0,2.0,0.0,2.0,0.0,0.0,
,1.0,2.0,0.0,1.0,1.0,2.0,0.0,2.0,0.0,2.0,0.0,0.0,
,1.0,2.0,0.0,1.0,1.0,2.0,0.0,2.0,0.0,2.0,0.0,0.0,
,1.0,2.0,0.0,1.0,1.0,2.0,0.0,2.0,0.0,2.0,0.0,0.0,
,1.0,2.0,0.0,1.0,1.0,2.0,0.0,2.0,0.0,2.0,0.0,0.0,
,1.0,2.0,0.0,1.0,1.0,2.0,0.0,2.0,0.0,2.0,0.0,0.0,
,1.0,2.0,0.0,1.0,1.0,2.0,0.0,2.0,0.0,2.0,0.0,0.0,
,1.0,2.0,0.0,1.0,1.0,2.0,0.0,2.0,0.0,2.0,0.0,0.0,
,1.0,2.0,0.0,1.0,1.0,2.0,0.0,2.0,0.0,2.0,0.0,0.0,
,1.0,2.0,0.0,1.0,1.0,2.0,0.0,2.0,0.0,2.0,0.0,0.0,
,1.0,2.0,0.0,1.0,1.0,2.0,0.0,2.0,0.0,2.0,0.0,0.0,
,1.0,0.0,0.0,1.0,0.0,0.0,0.0,0.0,0.0,1.0,0.0,0.0,3.0
,1.0,0.0,0.0,1.0,0.0,0.0,0.0,0.0,0.0,1.0,0.0,0.0,
,1.0,0.0,0.0,1.0,0.0,0.0,0.0,0.0,0.0,1.0,0.0,0.0,
,1.0,0.0,0.0,1.0,0.0,0.0,0.0,0.0,0.0,1.0,0.0,0.0,
,1.0,0.0,0.0,1.0,0.0,0.0,0.0,0.0,0.0,1.0,0.0,0.0,
,1.0,0.0,0.0,1.0,0.0,0.0,0.0,0.0,0.0,1.0,0.0,0.0,
,1.0,0.0,0.0,1.0,0.0,0.0,0.0,0.0,0.0,1.0,0.0,0.0,
,1.0,0.0,0.0,1.0,0.0,0.0,0.0,0.0,0.0,1.0,0.0,0.0,
,1.0,0.0,0.0,1.0,0.0,0.0,0.0,0.0,0.0,1.0,0.0,0.0,
,1.0,0.0,0.0,1.0,0.0,0.0,0.0,0.0,0.0,1.0,0.0,0.0,
,1.0,0.0,0.0,1.0,0.0,0.0,0.0,0.0,0.0,1.0,0.0,0.0,
,1.0,0.0,0.0,1.0,0.0,0.0,0.0,0.0,0.0,1.0,0.0,0.0,
,0.0,0.0,0.0,1.0,0.0,0.0,0.0,0.0,0.0,0.0,0.0,0.0,1.0
,0.0,0.0,0.0,1.0,0.0,0.0,0.0,0.0,0.0,0.0,0.0,0.0,
,0.0,0.0,0.0,1.0,0.0,0.0,0.0,0.0,0.0,0.0,0.0,0.0,
,0.0,0.0,0.0,1.0,0.0,0.0,0.0,0.0,0.0,0.0,0.0,0.0,
,0.0,0.0,0.0,1.0,0.0,0.0,0.0,0.0,0.0,0.0,0.0,0.0,
,0.0,0.0,0.0,1.0,0.0,0.0,0.0,0.0,0.0,0.0,0.0,0.0,
,0.0,0.0,0.0,1.0,0.0,0.0,0.0,0.0,0.0,0.0,0.0,0.0,
,0.0,0.0,0.0,1.0,0.0,0.0,0.0,0.0,0.0,0.0,0.0,0.0,
,0.0,0.0,0.0,1.0,0.0,0.0,0.0,0.0,0.0,0.0,0.0,0.0,
,0.0,0.0,0.0,1.0,0.0,0.0,0.0,0.0,0.0,0.0,0.0,0.0,
,0.0,0.0,0.0,1.0,0.0,0.0,0.0,0.0,0.0,0.0,0.0,0.0,
,0.0,0.0,0.0,1.0,0.0,0.0,0.0,0.0,0.0,0.0,0.0,0.0,
