year,jan,feb,mar,apr,may,jun,jul,aug,sep,oct,nov,dec,annual
,174.15,174.15,174.15,174.15,174.15,174.15,174.15,174.15,174.15,174.15,174.15,174.15,174.15
,174.15,174.15,174.15,174.15,174.15,174.15,174.15,174.15,174.15,174.15,174.15,174.15,
,174.15,174.15,174.15,174.15,174.15,174.15,174.15,174.15,174.15,174.15,174.15,174.15,
,174.15,174.15,174.15,174.15,174.15,174.15,174.15,174.15,174.15,174.15,174.15,174.15,
,174.15,174.15,174.15,174.15,174.15,174.15,174.15,174.15,174.15,174.15,174.15,174.15,
,174.15,174.15,174.15,174.15,174.15,174.15,174.15,174.15,174.15,174.15,174.15,174.15,
,174.15,174.15,174.15,174.15,174.15,174.15,174.15,174.15,174.15,174.15,174.15,174.15,
,174.15,174.15,174.15,174.15,174.15,174.15,174.15,174.15,174.15,174.15,174.15,174.15,
,174.15,174.15,174.15,174.15,174.15,174.15,174.15,174.15,174.15,174.15,174.15,174.15,
,174.15,174.15,174.15,174.15,174.15,174.15,174.15,174.15,174.15,174.15,174.15,174.15,
,174.15,174.15,174.15,174.15,174.15,174.15,174.15,174.15,174.15,174.15,174.15,174.15,
,174.15,174.15,174.15,174.15,174.15,174.15,174.15,174.15,174.15,174.15,174.15,174.15,
,174.15,174.15,174.15,174.15,174.15,174.15,174.15,174.15,174.15,174.15,174.15,174.15,174.15
,174.15,174.15,174.15,174.15,174.15,174.15,174.15,174.15,174.15,174.15,174.15,174.15,
,174.15,174.15,174.15,174.15,174.15,174.15,174.15,174.15,174.15,174.15,174.15,174.15,
,174.15,174.15,174.15,174.15,174.15,174.15,174.15,174.15,174.15,174.15,174.15,174.15,
,174.15,174.15,174.15,174.15,174.15,174.15,174.15,174.15,174.15,174.15,174.15,174.15,
,174.15,174.15,174.15,174.15,174.15,174.15,174.15,174.15,174.15,174.15,174.15,174.15,
,174.15,174.15,174.15,174.15,174.15,174.15,174.15,174.15,174.15,174.15,174.15,174.15,
,174.15,174.15,174.15,174.15,174.15,174.15,174.15,174.15,174.15,174.15,174.15,174.15,
,174.15,174.15,174.15,174.15,174.15,174.15,174.15,174.15,174.15,174.15,174.15,174.15,
,174.15,174.15,174.15,174.15,174.15,174.15,174.15,174.15,174.15,174.15,174.15,174.15,
,174.15,174.15,174.15,174.15,174.15,174.15,174.15,174.15,174.15,174.15,174.15,174.15,
,174.15,174.15,174.15,174.15,174.15,174.15,174.15,174.15,174.15,174.15,174.15,174.15,
,174.15,174.15,174.15,174.15,174.15,174.15,174.15,174.15,174.15,174.15,174.15,174.15,174.15
,174.15,174.15,174.15,174.15,174.15,174.15,174.15,174.15,174.15,174.15,174.15,174.15,
,174.15,174.15,174.15,174.15,174.15,174.15,174.15,174.15,174.15,174.15,174.15,174.15,
,174.15,174.15,174.15,174.15,174.15,174.15,174.15,174.15,174.15,174.15,174.15,174.15,
,174.15,174.15,174.15,174.15,174.15,174.15,174.15,174.15,174.15,174.15,174.15,174.15,
,174.15,174.15,174.15,174.15,174.15,174.15,174.15,174.15,174.15,174.15,174.15,174.15,
,174.15,174.15,174.15,174.15,174.15,174.15,174.15,174.15,174.15,174.15,174.15,174.15,
,174.15,174.15,174.15,174.15,174.15,174.15,174.15,174.15,174.15,174.15,174.15,174.15,
,174.15,174.15,174.15,174.15,174.15,174.15,174.15,174.15,174.15,174.15,174.15,174.15,
,174.15,174.15,174.15,174.15,174.15,174.15,174.15,174.15,174.15,174.15,174.15,174.15,
,174.15,174.15,174.15,174.15,174.15,174.15,174.15,174.15,174.15,174.15,174.15,174.15,
,174.15,174.15,174.15,174.15,174.15,174.15,174.15,174.15,174.15,174.15,174.15,174.15,
,174.15,174.15,174.15,174.15,174.15,174.15,174.15,174.15,174.15,174.15,174.15,174.15,174.15
,174.15,174.15,174.15,174.15,174.15,174.15,174.15,174.15,174.15,174.15,174.15,174.15,
,174.15,174.15,174.15,174.15,174.15,174.15,174.15,174.15,174.15,174.15,174.15,174.15,
,174.15,174.15,174.15,174.15,174.15,174.15,174.15,174.15,174.15,174.15,174.15,174.15,
,174.15,174.15,174.15,174.15,174.15,174.15,174.15,174.15,174.15,174.15,174.15,174.15,
,174.15,174.15,174.15,174.15,174.15,174.15,174.15,174.15,174.15,174.15,174.15,174.15,
,174.15,174.15,174.15,174.15,174.15,174.15,174.15,174.15,174.15,174.15,174.15,174.15,
,174.15,174.15,174.15,174.15,174.15,174.15,174.15,174.15,174.15,174.15,174.15,174.15,
,174.15,174.15,174.15,174.15,174.15,174.15,174.15,174.15,174.15,174.15,174.15,174.15,
,174.15,174.15,174.15,174.15,174.15,174.15,174.15,174.15,174.15,174.15,174.15,174.15,
,174.15,174.15,174.15,174.15,174.15,174.15,174.15,174.15,174.15,174.15,174.15,174.15,
,174.15,174.15,174.15,174.15,174.15,174.15,174.15,174.15,174.15,174.15,174.15,174.15,
,174.15,174.15,174.15,174.15,174.15,174.15,174.15,174.15,174.15,174.15,174.15,174.15,174.15
,174.15,174.15,174.15,174.15,174.15,174.15,174.15,174.15,174.15,174.15,174.15,174.15,
,174.15,174.15,174.15,174.15,174.15,174.15,174.15,174.15,174.15,174.15,174.15,174.15,
,174.15,174.15,174.15,174.15,174.15,174.15,174.15,174.15,174.15,174.15,174.15,174.15,
,174.15,174.15,174.15,174.15,174.15,174.15,174.15,174.15,174.15,174.15,174.15,174.15,
,174.15,174.15,174.15,174.15,174.15,174.15,174.15,174.15,174.15,174.15,174.15,174.15,
,174.15,174.15,174.15,174.15,174.15,174.15,174.15,174.15,174.15,174.15,174.15,174.15,
,174.15,174.15,174.15,174.15,174.15,174.15,174.15,174.15,174.15,174.15,174.15,174.15,
,174.15,174.15,174.15,174.15,174.15,174.15,174.15,174.15,174.15,174.15,174.15,174.15,
,174.15,174.15,174.15,174.15,174.15,174.15,174.15,174.15,174.15,174.15,174.15,174.15,
,174.15,174.15,174.15,174.15,174.15,174.15,174.15,174.15,174.15,174.15,174.15,174.15,
,174.15,174.15,174.15,174.15,174.15,174.15,174.15,174.15,174.15,174.15,174.15,174.15,
,174.15,174.15,174.15,174.15,174.15,174.15,174.15,174.15,174.15,174.15,174.15,174.15,174.15
,174.15,174.15,174.15,174.15,174.15,174.15,174.15,174.15,174.15,174.15,174.15,174.15,
,174.15,174.15,174.15,174.15,174.15,174.15,174.15,174.15,174.15,174.15,174.15,174.15,
,174.15,174.15,174.15,174.15,174.15,174.15,174.15,174.15,174.15,174.15,174.15,174.15,
,174.15,174.15,174.15,174.15,174.15,174.15,174.15,174.15,174.15,174.15,174.15,174.15,
,174.15,174.15,174.15,174.15,174.15,174.15,174.15,174.15,174.15,174.15,174.15,174.15,
,174.15,174.15,174.15,174.15,174.15,174.15,174.15,174.15,174.15,174.15,174.15,174.15,
,174.15,174.15,174.15,174.15,174.15,174.15,174.15,174.15,174.15,174.15,174.15,174.15,
,174.15,174.15,174.15,174.15,174.15,174.15,174.15,174.15,174.15,174.15,174.15,174.15,
,174.15,174.15,174.15,174.15,174.15,174.15,174.15,174.15,174.15,174.15,174.15,174.15,
,174.15,174.15,174.15,174.15,174.15,174.15,174.15,174.15,174.15,174.15,174.15,174.15,
,174.15,174.15,174.15,174.15,174.15,174.15,174.15,174.15,174.15,174.15,174.15,174.15,
,174.15,174.15,174.15,174.15,174.15,174.15,174.15,174.15,174.15,174.15,174.15,174.15,174.15
,174.15,174.15,174.15,174.15,174.15,174.15,174.15,174.15,174.15,174.15,174.15,174.15,
,174.15,174.15,174.15,174.15,174.15,174.15,174.15,174.15,174.15,174.15,174.15,174.15,
,174.15,174.15,174.15,174.15,174.15,174.15,174.15,174.15,174.15,174.15,174.15,174.15,
,174.15,174.15,174.15,174.15,174.15,174.15,174.15,174.15,174.15,174.15,174.15,174.15,
,174.15,174.15,174.15,174.15,174.15,174.15,174.15,174.15,174.15,174.15,174.15,174.15,
,174.15,174.15,174.15,174.15,174.15,174.15,174.15,174.15,174.15,174.15,174.15,174.15,
,174.15,174.15,174.15,174.15,174.15,174.15,174.15,174.15,174.15,174.15,174.15,174.15,
,174.15,174.15,174.15,174.15,174.15,174.15,174.15,174.15,174.15,174.15,174.15,174.15,
,174.15,174.15,174.15,174.15,174.15,174.15,174.15,174.15,174.15,174.15,174.15,174.15,
,174.15,174.15,174.15,174.15,174.15,174.15,174.15,174.15,174.15,174.15,174.15,174.15,
,174.15,174.15,174.15,174.15,174.15,174.15,174.15,174.15,174.15,174.15,174.15,174.15,
,174.15,174.15,174.15,174.15,174.15,174.15,174.15,174.15,174.15,174.15,174.15,174.15,174.15
,174.15,174.15,174.15,174.15,174.15,174.15,174.15,174.15,174.15,174.15,174.15,174.15,
,174.15,174.15,174.15,174.15,174.15,174.15,174.15,174.15,174.15,174.15,174.15,174.15,
,174.15,174.15,174.15,174.15,174.15,174.15,174.15,174.15,174.15,174.15,174.15,174.15,
,174.15,174.15,174.15,174.15,174.15,174.15,174.15,174.15,174.15,174.15,174.15,174.15,
,174.15,174.15,174.15,174.15,174.15,174.15,174.15,174.15,174.15,174.15,174.15,174.15,
,174.15,174.15,174.15,174.15,174.15,174.15,174.15,174.15,174.15,174.15,174.15,174.15,
,174.15,174.15,174.15,174.15,174.15,174.15,174.15,174.15,174.15,174.15,174.15,174.15,
,174.15,174.15,174.15,174.15,174.15,174.15,174.15,174.15,174.15,174.15,174.15,174.15,
,174.15,174.15,174.15,174.15,174.15,174.15,174.15,174.15,174.15,174.15,174.15,174.15,
,174.15,174.15,174.15,174.15,174.15,174.15,174.15,174.15,174.15,174.15,174.15,174.15,
,174.15,174.15,174.15,174.15,174.15,174.15,174.15,174.15,174.15,174.15,174.15,174.15,
,174.15,174.15,174.15,174.15,174.15,174.15,174.15,174.15,174.15,174.15,174.15,174.15,174.15
,174.15,174.15,174.15,174.15,174.15,174.15,174.15,174.15,174.15,174.15,174.15,174.15,
,174.15,174.15,174.15,174.15,174.15,174.15,174.15,174.15,174.15,174.15,174.15,174.15,
,174.15,174.15,174.15,174.15,174.15,174.15,174.15,174.15,174.15,174.15,174.15,174.15,
,174.15,174.15,174.15,174.15,174.15,174.15,174.15,174.15,174.15,174.15,174.15,174.15,
,174.15,174.15,174.15,174.15,174.15,174.15,174.15,174.15,174.15,174.15,174.15,174.15,
,174.15,174.15,174.15,174.15,174.15,174.15,174.15,174.15,174.15,174.15,174.15,174.15,
,174.15,174.15,174.15,174.15,174.15,174.15,174.15,174.15,174.15,174.15,174.15,174.15,
,174.15,174.15,174.15,174.15,174.15,174.15,174.15,174.15,174.15,174.15,174.15,174.15,
,174.15,174.15,174.15,174.15,174.15,174.15,174.15,174.15,174.15,174.15,174.15,174.15,
,174.15,174.15,174.15,174.15,174.15,174.15,174.15,174.15,174.15,174.15,174.15,174.15,
,174.15,174.15,174.15,174.15,174.15,174.15,174.15,174.15,174.15,174.15,174.15,174.15,
,174.15,174.15,174.15,174.15,174.15,174.15,174.15,174.15,174.15,174.15,174.15,174.15,174.15
,174.15,174.15,174.15,174.15,174.15,174.15,174.15,174.15,174.15,174.15,174.15,174.15,
,174.15,174.15,174.15,174.15,174.15,174.15,174.15,174.15,174.15,174.15,174.15,174.15,
,174.15,174.15,174.15,174.15,174.15,174.15,174.15,174.15,174.15,174.15,174.15,174.15,
,174.15,174.15,174.15,174.15,174.15,174.15,174.15,174.15,174.15,174.15,174.15,174.15,
,174.15,174.15,174.15,174.15,174.15,174.15,174.15,174.15,174.15,174.15,174.15,174.15,
,174.15,174.15,174.15,174.15,174.15,174.15,174.15,174.15,174.15,174.15,174.15,174.15,
,174.15,174.15,174.15,174.15,174.15,174.15,174.15,174.15,174.15,174.15,174.15,174.15,
,174.15,174.15,174.15,174.15,174.15,174.15,174.15,174.15,174.15,174.15,174.15,174.15,
,174.15,174.15,174.15,174.15,174.15,174.15,174.15,174.15,174.15,174.15,174.15,174.15,
,174.15,174.15,174.15,174.15,174.15,174.15,174.15,174.15,174.15,174.15,174.15,174.15,
,174.15,174.15,174.15,174.15,174.15,174.15,174.15,174.15,174.15,174.15,174.15,174.15,
,174.15,174.15,174.15,174.15,174.15,174.15,174.15,174.15,174.15,174.15,174.15,174.15,174.15
,174.15,174.15,174.15,174.15,174.15,174.15,174.15,174.15,174.15,174.15,174.15,174.15,
,174.15,174.15,174.15,174.15,174.15,174.15,174.15,174.15,174.15,174.15,174.15,174.15,
,174.15,174.15,174.15,174.15,174.15,174.15,174.15,174.15,174.15,174.15,174.15,174.15,
,174.15,174.15,174.15,174.15,174.15,174.15,174.15,174.15,174.15,174.15,174.15,174.15,
,174.15,174.15,174.15,174.15,174.15,174.15,174.15,174.15,174.15,174.15,174.15,174.15,
,174.15,174.15,174.15,174.15,174.15,174.15,174.15,174.15,174.15,174.15,174.15,174.15,
,174.15,174.15,174.15,174.15,174.15,174.15,174.15,174.15,174.15,174.15,174.15,174.15,
,174.15,174.15,174.15,174.15,174.15,174.15,174.15,174.15,174.15,174.15,174.15,174.15,
,174.15,174.15,174.15,174.15,174.15,174.15,174.15,174.15,174.15,174.15,174.15,174.15,
,174.15,174.15,174.15,174.15,174.15,174.15,174.15,174.15,174.15,174.15,174.15,174.15,
,174.15,174.15,174.15,174.15,174.15,174.15,174.15,174.15,174.15,174.15,174.15,174.15,
,174.15,174.15,174.15,174.15,174.15,174.15,174.15,174.15,174.15,174.15,174.15,174.15,174.15
,174.15,174.15,174.15,174.15,174.15,174.15,174.15,174.15,174.15,174.15,174.15,174.15,
,174.15,174.15,174.15,174.15,174.15,174.15,174.15,174.15,174.15,174.15,174.15,174.15,
,174.15,174.15,174.15,174.15,174.15,174.15,174.15,174.15,174.15,174.15,174.15,174.15,
,174.15,174.15,174.15,174.15,174.15,174.15,174.15,174.15,174.15,174.15,174.15,174.15,
,174.15,174.15,174.15,174.15,174.15,174.15,174.15,174.15,174.15,174.15,174.15,174.15,
,174.15,174.15,174.15,174.15,174.15,174.15,174.15,174.15,174.15,174.15,174.15,174.15,
,174.15,174.15,174.15,174.15,174.15,174.15,174.15,174.15,174.15,174.15,174.15,174.15,
,174.15,174.15,174.15,174.15,174.15,174.15,174.15,174.15,174.15,174.15,174.15,174.15,
,174.15,174.15,174.15,174.15,174.15,174.15,174.15,174.15,174.15,174.15,174.15,174.15,
,174.15,174.15,174.15,174.15,174.15,174.15,174.15,174.15,174.15,174.15,174.15,174.15,
,174.15,174.15,174.15,174.15,174.15,174.15,174.15,174.15,174.15,174.15,174.15,174.15,
,307.35,308.05,305.95,304.85,305.45,304.25,304.85,306.05,309.35,309.05,309.35,308.65,309.35
,307.35,308.05,305.95,304.85,305.45,304.25,304.85,306.05,309.35,309.05,309.35,308.65,
,307.35,308.05,305.95,304.85,305.45,304.25,304.85,306.05,309.35,309.05,309.35,308.65,
,307.35,308.05,305.95,304.85,305.45,304.25,304.85,306.05,309.35,309.05,309.35,308.65,
,307.35,308.05,305.95,304.85,305.45,304.25,304.85,306.05,309.35,309.05,309.35,308.65,
,307.35,308.05,305.95,304.85,305.45,304.25,304.85,306.05,309.35,309.05,309.35,308.65,
,307.35,308.05,305.95,304.85,305.45,304.25,304.85,306.05,309.35,309.05,309.35,308.65,
,307.35,308.05,305.95,304.85,305.45,304.25,304.85,306.05,309.35,309.05,309.35,308.65,
,307.35,308.05,305.95,304.85,305.45,304.25,304.85,306.05,309.35,309.05,309.35,308.65,
,307.35,308.05,305.95,304.85,305.45,304.25,304.85,306.05,309.35,309.05,309.35,308.65,
,307.35,308.05,305.95,304.85,305.45,304.25,304.85,306.05,309.35,309.05,309.35,308.65,
,307.35,308.05,305.95,304.85,305.45,304.25,304.85,306.05,309.35,309.05,309.35,308.65,
,307.45,304.75,303.95,304.05,303.75,304.15,303.45,310.75,307.55,308.05,307.65,307.45,310.75
,307.45,304.75,303.95,304.05,303.75,304.15,303.45,310.75,307.55,308.05,307.65,307.45,
,307.45,304.75,303.95,304.05,303.75,304.15,303.45,310.75,307.55,308.05,307.65,307.45,
,307.45,304.75,303.95,304.05,303.75,304.15,303.45,310.75,307.55,308.05,307.65,307.45,
,307.45,304.75,303.95,304.05,303.75,304.15,303.45,310.75,307.55,308.05,307.65,307.45,
,307.45,304.75,303.95,304.05,303.75,304.15,303.45,310.75,307.55,308.05,307.65,307.45,
,307.45,304.75,303.95,304.05,303.75,304.15,303.45,310.75,307.55,308.05,307.65,307.45,
,307.45,304.75,303.95,304.05,303.75,304.15,303.45,310.75,307.55,308.05,307.65,307.45,
,307.45,304.75,303.95,304.05,303.75,304.15,303.45,310.75,307.55,308.05,307.65,307.45,
,307.45,304.75,303.95,304.05,303.75,304.15,303.45,310.75,307.55,308.05,307.65,307.45,
,307.45,304.75,303.95,304.05,303.75,304.15,303.45,310.75,307.55,308.05,307.65,307.45,
,307.45,304.75,303.95,304.05,303.75,304.15,303.45,310.75,307.55,308.05,307.65,307.45,
,309.05,304.35,303.75,304.25,304.15,302.95,303.45,305.25,307.25,308.45,309.85,307.55,309.85
,309.05,304.35,303.75,304.25,304.15,302.95,303.45,305.25,307.25,308.45,309.85,307.55,
,309.05,304.35,303.75,304.25,304.15,302.95,303.45,305.25,307.25,308.45,309.85,307.55,
,309.05,304.35,303.75,304.25,304.15,302.95,303.45,305.25,307.25,308.45,309.85,307.55,
,309.05,304.35,303.75,304.25,304.15,302.95,303.45,305.25,307.25,308.45,309.85,307.55,
,309.05,304.35,303.75,304.25,304.15,302.95,303.45,305.25,307.25,308.45,309.85,307.55,
,309.05,304.35,303.75,304.25,304.15,302.95,303.45,305.25,307.25,308.45,309.85,307.55,
,309.05,304.35,303.75,304.25,304.15,302.95,303.45,305.25,307.25,308.45,309.85,307.55,
,309.05,304.35,303.75,304.25,304.15,302.95,303.45,305.25,307.25,308.45,309.85,307.55,
,309.05,304.35,303.75,304.25,304.15,302.95,303.45,305.25,307.25,308.45,309.85,307.55,
,309.05,304.35,303.75,304.25,304.15,302.95,303.45,305.25,307.25,308.45,309.85,307.55,
,309.05,304.35,303.75,304.25,304.15,302.95,303.45,305.25,307.25,308.45,309.85,307.55,
,308.05,304.35,304.45,304.25,305.45,306.05,306.45,307.05,307.85,306.45,306.25,307.75,308.05
,308.05,304.35,304.45,304.25,305.45,306.05,306.45,307.05,307.85,306.45,306.25,307.75,
,308.05,304.35,304.45,304.25,305.45,306.05,306.45,307.05,307.85,306.45,306.25,307.75,
,308.05,304.35,304.45,304.25,305.45,306.05,306.45,307.05,307.85,306.45,306.25,307.75,
,308.05,304.35,304.45,304.25,305.45,306.05,306.45,307.05,307.85,306.45,306.25,307.75,
,308.05,304.35,304.45,304.25,305.45,306.05,306.45,307.05,307.85,306.45,306.25,307.75,
,308.05,304.35,304.45,304.25,305.45,306.05,306.45,307.05,307.85,306.45,306.25,307.75,
,308.05,304.35,304.45,304.25,305.45,306.05,306.45,307.05,307.85,306.45,306.25,307.75,
,308.05,304.35,304.45,304.25,305.45,306.05,306.45,307.05,307.85,306.45,306.25,307.75,
,308.05,304.35,304.45,304.25,305.45,306.05,306.45,307.05,307.85,306.45,306.25,307.75,
,308.05,304.35,304.45,304.25,305.45,306.05,306.45,307.05,307.85,306.45,306.25,307.75,
,308.05,304.35,304.45,304.25,305.45,306.05,306.45,307.05,307.85,306.45,306.25,307.75,
,306.25,304.75,304.75,304.05,304.05,303.25,304.25,307.05,307.15,308.55,310.05,308.85,310.05
,306.25,304.75,304.75,304.05,304.05,303.25,304.25,307.05,307.15,308.55,310.05,308.85,
,306.25,304.75,304.75,304.05,304.05,303.25,304.25,307.05,307.15,308.55,310.05,308.85,
,306.25,304.75,304.75,304.05,304.05,303.25,304.25,307.05,307.15,308.55,310.05,308.85,
,306.25,304.75,304.75,304.05,304.05,303.25,304.25,307.05,307.15,308.55,310.05,308.85,
,306.25,304.75,304.75,304.05,304.05,303.25,304.25,307.05,307.15,308.55,310.05,308.85,
,306.25,304.75,304.75,304.05,304.05,303.25,304.25,307.05,307.15,308.55,310.05,308.85,
,306.25,304.75,304.75,304.05,304.05,303.25,304.25,307.05,307.15,308.55,310.05,308.85,
,306.25,304.75,304.75,304.05,304.05,303.25,304.25,307.05,307.15,308.55,310.05,308.85,
,306.25,304.75,304.75,304.05,304.05,303.25,304.25,307.05,307.15,308.55,310.05,308.85,
,306.25,304.75,304.75,304.05,304.05,303.25,304.25,307.05,307.15,308.55,310.05,308.85,
,306.25,304.75,304.75,304.05,304.05,303.25,304.25,307.05,307.15,308.55,310.05,308.85,
,308.85,306.25,304.25,304.45,303.65,303.25,305.25,307.05,306.85,308.95,309.25,307.15,309.25
,308.85,306.25,304.25,304.45,303.65,303.25,305.25,307.05,306.85,308.95,309.25,307.15,
,308.85,306.25,304.25,304.45,303.65,303.25,305.25,307.05,306.85,308.95,309.25,307.15,
,308.85,306.25,304.25,304.45,303.65,303.25,305.25,307.05,306.85,308.95,309.25,307.15,
,308.85,306.25,304.25,304.45,303.65,303.25,305.25,307.05,306.85,308.95,309.25,307.15,
,308.85,306.25,304.25,304.45,303.65,303.25,305.25,307.05,306.85,308.95,309.25,307.15,
,308.85,306.25,304.25,304.45,303.65,303.25,305.25,307.05,306.85,308.95,309.25,307.15,
,308.85,306.25,304.25,304.45,303.65,303.25,305.25,307.05,306.85,308.95,309.25,307.15,
,308.85,306.25,304.25,304.45,303.65,303.25,305.25,307.05,306.85,308.95,309.25,307.15,
,308.85,306.25,304.25,304.45,303.65,303.25,305.25,307.05,306.85,308.95,309.25,307.15,
,308.85,306.25,304.25,304.45,303.65,303.25,305.25,307.05,306.85,308.95,309.25,307.15,
,308.85,306.25,304.25,304.45,303.65,303.25,305.25,307.05,306.85,308.95,309.25,307.15,
,309.25,305.15,304.95,304.85,303.75,304.25,305.25,307.25,307.95,310.75,309.45,308.85,310.75
,309.25,305.15,304.95,304.85,303.75,304.25,305.25,307.25,307.95,310.75,309.45,308.85,
,309.25,305.15,304.95,304.85,303.75,304.25,305.25,307.25,307.95,310.75,309.45,308.85,
,309.25,305.15,304.95,304.85,303.75,304.25,305.25,307.25,307.95,310.75,309.45,308.85,
,309.25,305.15,304.95,304.85,303.75,304.25,305.25,307.25,307.95,310.75,309.45,308.85,
,309.25,305.15,304.95,304.85,303.75,304.25,305.25,307.25,307.95,310.75,309.45,308.85,
,309.25,305.15,304.95,304.85,303.75,304.25,305.25,307.25,307.95,310.75,309.45,308.85,
,309.25,305.15,304.95,304.85,303.75,304.25,305.25,307.25,307.95,310.75,309.45,308.85,
,309.25,305.15,304.95,304.85,303.75,304.25,305.25,307.25,307.95,310.75,309.45,308.85,
,309.25,305.15,304.95,304.85,303.75,304.25,305.25,307.25,307.95,310.75,309.45,308.85,
,309.25,305.15,304.95,304.85,303.75,304.25,305.25,307.25,307.95,310.75,309.45,308.85,
,309.25,305.15,304.95,304.85,303.75,304.25,305.25,307.25,307.95,310.75,309.45,308.85,
,306.65,305.45,304.45,305.95,306.25,307.05,307.75,308.15,310.25,310.05,308.55,307.45,310.25
,306.65,305.45,304.45,305.95,306.25,307.05,307.75,308.15,310.25,310.05,308.55,307.45,
,306.65,305.45,304.45,305.95,306.25,307.05,307.75,308.15,310.25,310.05,308.55,307.45,
,306.65,305.45,304.45,305.95,306.25,307.05,307.75,308.15,310.25,310.05,308.55,307.45,
,306.65,305.45,304.45,305.95,306.25,307.05,307.75,308.15,310.25,310.05,308.55,307.45,
,306.65,305.45,304.45,305.95,306.25,307.05,307.75,308.15,310.25,310.05,308.55,307.45,
,306.65,305.45,304.45,305.95,306.25,307.05,307.75,308.15,310.25,310.05,308.55,307.45,
,306.65,305.45,304.45,305.95,306.25,307.05,307.75,308.15,310.25,310.05,308.55,307.45,
,306.65,305.45,304.45,305.95,306.25,307.05,307.75,308.15,310.25,310.05,308.55,307.45,
,306.65,305.45,304.45,305.95,306.25,307.05,307.75,308.15,310.25,310.05,308.55,307.45,
,306.65,305.45,304.45,305.95,306.25,307.05,307.75,308.15,310.25,310.05,308.55,307.45,
,306.65,305.45,304.45,305.95,306.25,307.05,307.75,308.15,310.25,310.05,308.55,307.45,
,306.65,309.25,309.55,304.65,305.75,306.35,305.45,308.95,308.25,310.45,310.05,309.15,310.45
,306.65,309.25,309.55,304.65,305.75,306.35,305.45,308.95,308.25,310.45,310.05,309.15,
,306.65,309.25,309.55,304.65,305.75,306.35,305.45,308.95,308.25,310.45,310.05,309.15,
,306.65,309.25,309.55,304.65,305.75,306.35,305.45,308.95,308.25,310.45,310.05,309.15,
,306.65,309.25,309.55,304.65,305.75,306.35,305.45,308.95,308.25,310.45,310.05,309.15,
,306.65,309.25,309.55,304.65,305.75,306.35,305.45,308.95,308.25,310.45,310.05,309.15,
,306.65,309.25,309.55,304.65,305.75,306.35,305.45,308.95,308.25,310.45,310.05,309.15,
,306.65,309.25,309.55,304.65,305.75,306.35,305.45,308.95,308.25,310.45,310.05,309.15,
,306.65,309.25,309.55,304.65,305.75,306.35,305.45,308.95,308.25,310.45,310.05,309.15,
,306.65,309.25,309.55,304.65,305.75,306.35,305.45,308.95,308.25,310.45,310.05,309.15,
,306.65,309.25,309.55,304.65,305.75,306.35,305.45,308.95,308.25,310.45,310.05,309.15,
,306.65,309.25,309.55,304.65,305.75,306.35,305.45,308.95,308.25,310.45,310.05,309.15,
,306.65,307.65,306.85,308.05,305.85,306.55,306.35,308.65,308.45,310.15,310.25,308.85,310.25
,306.65,307.65,306.85,308.05,305.85,306.55,306.35,308.65,308.45,310.15,310.25,308.85,
,306.65,307.65,306.85,308.05,305.85,306.55,306.35,308.65,308.45,310.15,310.25,308.85,
,306.65,307.65,306.85,308.05,305.85,306.55,306.35,308.65,308.45,310.15,310.25,308.85,
,306.65,307.65,306.85,308.05,305.85,306.55,306.35,308.65,308.45,310.15,310.25,308.85,
,306.65,307.65,306.85,308.05,305.85,306.55,306.35,308.65,308.45,310.15,310.25,308.85,
,306.65,307.65,306.85,308.05,305.85,306.55,306.35,308.65,308.45,310.15,310.25,308.85,
,306.65,307.65,306.85,308.05,305.85,306.55,306.35,308.65,308.45,310.15,310.25,308.85,
,306.65,307.65,306.85,308.05,305.85,306.55,306.35,308.65,308.45,310.15,310.25,308.85,
,306.65,307.65,306.85,308.05,305.85,306.55,306.35,308.65,308.45,310.15,310.25,308.85,
,306.65,307.65,306.85,308.05,305.85,306.55,306.35,308.65,308.45,310.15,310.25,308.85,
,306.65,307.65,306.85,308.05,305.85,306.55,306.35,308.65,308.45,310.15,310.25,308.85,
,308.55,305.45,305.85,306.25,308.65,307.25,307.25,307.75,311.05,309.05,309.65,309.65,311.05
,308.55,305.45,305.85,306.25,308.65,307.25,307.25,307.75,311.05,309.05,309.65,309.65,
,308.55,305.45,305.85,306.25,308.65,307.25,307.25,307.75,311.05,309.05,309.65,309.65,
,308.55,305.45,305.85,306.25,308.65,307.25,307.25,307.75,311.05,309.05,309.65,309.65,
,308.55,305.45,305.85,306.25,308.65,307.25,307.25,307.75,311.05,309.05,309.65,309.65,
,308.55,305.45,305.85,306.25,308.65,307.25,307.25,307.75,311.05,309.05,309.65,309.65,
,308.55,305.45,305.85,306.25,308.65,307.25,307.25,307.75,311.05,309.05,309.65,309.65,
,308.55,305.45,305.85,306.25,308.65,307.25,307.25,307.75,311.05,309.05,309.65,309.65,
,308.55,305.45,305.85,306.25,308.65,307.25,307.25,307.75,311.05,309.05,309.65,309.65,
,308.55,305.45,305.85,306.25,308.65,307.25,307.25,307.75,311.05,309.05,309.65,309.65,
,308.55,305.45,305.85,306.25,308.65,307.25,307.25,307.75,311.05,309.05,309.65,309.65,
,308.55,305.45,305.85,306.25,308.65,307.25,307.25,307.75,311.05,309.05,309.65,309.65,
,308.25,308.15,305.45,304.65,303.85,304.95,305.75,307.45,309.75,308.35,309.45,310.45,310.45
,308.25,308.15,305.45,304.65,303.85,304.95,305.75,307.45,309.75,308.35,309.45,310.45,
,308.25,308.15,305.45,304.65,303.85,304.95,305.75,307.45,309.75,308.35,309.45,310.45,
,308.25,308.15,305.45,304.65,303.85,304.95,305.75,307.45,309.75,308.35,309.45,310.45,
,308.25,308.15,305.45,304.65,303.85,304.95,305.75,307.45,309.75,308.35,309.45,310.45,
,308.25,308.15,305.45,304.65,303.85,304.95,305.75,307.45,309.75,308.35,309.45,310.45,
,308.25,308.15,305.45,304.65,303.85,304.95,305.75,307.45,309.75,308.35,309.45,310.45,
,308.25,308.15,305.45,304.65,303.85,304.95,305.75,307.45,309.75,308.35,309.45,310.45,
,308.25,308.15,305.45,304.65,303.85,304.95,305.75,307.45,309.75,308.35,309.45,310.45,
,308.25,308.15,305.45,304.65,303.85,304.95,305.75,307.45,309.75,308.35,309.45,310.45,
,308.25,308.15,305.45,304.65,303.85,304.95,305.75,307.45,309.75,308.35,309.45,310.45,
,308.25,308.15,305.45,304.65,303.85,304.95,305.75,307.45,309.75,308.35,309.45,310.45,
,308.05,305.05,304.75,304.05,303.25,303.25,303.75,306.25,307.65,309.65,308.75,307.65,309.65
,308.05,305.05,304.75,304.05,303.25,303.25,303.75,306.25,307.65,309.65,308.75,307.65,
,308.05,305.05,304.75,304.05,303.25,303.25,303.75,306.25,307.65,309.65,308.75,307.65,
,308.05,305.05,304.75,304.05,303.25,303.25,303.75,306.25,307.65,309.65,308.75,307.65,
,308.05,305.05,304.75,304.05,303.25,303.25,303.75,306.25,307.65,309.65,308.75,307.65,
,308.05,305.05,304.75,304.05,303.25,303.25,303.75,306.25,307.65,309.65,308.75,307.65,
,308.05,305.05,304.75,304.05,303.25,303.25,303.75,306.25,307.65,309.65,308.75,307.65,
,308.05,305.05,304.75,304.05,303.25,303.25,303.75,306.25,307.65,309.65,308.75,307.65,
,308.05,305.05,304.75,304.05,303.25,303.25,303.75,306.25,307.65,309.65,308.75,307.65,
,308.05,305.05,304.75,304.05,303.25,303.25,303.75,306.25,307.65,309.65,308.75,307.65,
,308.05,305.05,304.75,304.05,303.25,303.25,303.75,306.25,307.65,309.65,308.75,307.65,
,308.05,305.05,304.75,304.05,303.25,303.25,303.75,306.25,307.65,309.65,308.75,307.65,
,305.85,305.45,304.65,304.25,303.75,304.95,174.15,306.25,307.95,308.25,307.95,308.45,308.45
,305.85,305.45,304.65,304.25,303.75,304.95,174.15,306.25,307.95,308.25,307.95,308.45,
,305.85,305.45,304.65,304.25,303.75,304.95,174.15,306.25,307.95,308.25,307.95,308.45,
,305.85,305.45,304.65,304.25,303.75,304.95,174.15,306.25,307.95,308.25,307.95,308.45,
,305.85,305.45,304.65,304.25,303.75,304.95,174.15,306.25,307.95,308.25,307.95,308.45,
,305.85,305.45,304.65,304.25,303.75,304.95,174.15,306.25,307.95,308.25,307.95,308.45,
,305.85,305.45,304.65,304.25,303.75,304.95,174.15,306.25,307.95,308.25,307.95,308.45,
,305.85,305.45,304.65,304.25,303.75,304.95,174.15,306.25,307.95,308.25,307.95,308.45,
,305.85,305.45,304.65,304.25,303.75,304.95,174.15,306.25,307.95,308.25,307.95,308.45,
,305.85,305.45,304.65,304.25,303.75,304.95,174.15,306.25,307.95,308.25,307.95,308.45,
,305.85,305.45,304.65,304.25,303.75,304.95,174.15,306.25,307.95,308.25,307.95,308.45,
,305.85,305.45,304.65,304.25,303.75,304.95,174.15,306.25,307.95,308.25,307.95,308.45,
,174.15,309.15,306.85,304.75,306.05,306.15,307.05,308.25,309.65,310.25,310.75,310.15,310.75
,174.15,309.15,306.85,304.75,306.05,306.15,307.05,308.25,309.65,310.25,310.75,310.15,
,174.15,309.15,306.85,304.75,306.05,306.15,307.05,308.25,309.65,310.25,310.75,310.15,
,174.15,309.15,306.85,304.75,306.05,306.15,307.05,308.25,309.65,310.25,310.75,310.15,
,174.15,309.15,306.85,304.75,306.05,306.15,307.05,308.25,309.65,310.25,310.75,310.15,
,174.15,309.15,306.85,304.75,306.05,306.15,307.05,308.25,309.65,310.25,310.75,310.15,
,174.15,309.15,306.85,304.75,306.05,306.15,307.05,308.25,309.65,310.25,310.75,310.15,
,174.15,309.15,306.85,304.75,306.05,306.15,307.05,308.25,309.65,310.25,310.75,310.15,
,174.15,309.15,306.85,304.75,306.05,306.15,307.05,308.25,309.65,310.25,310.75,310.15,
,174.15,309.15,306.85,304.75,306.05,306.15,307.05,308.25,309.65,310.25,310.75,310.15,
,174.15,309.15,306.85,304.75,306.05,306.15,307.05,308.25,309.65,310.25,310.75,310.15,
,174.15,309.15,306.85,304.75,306.05,306.15,307.05,308.25,309.65,310.25,310.75,310.15,
,308.95,307.45,305.85,304.45,305.15,305.45,305.45,306.25,309.55,309.25,309.65,306.85,309.65
,308.95,307.45,305.85,304.45,305.15,305.45,305.45,306.25,309.55,309.25,309.65,306.85,
,308.95,307.45,305.85,304.45,305.15,305.45,305.45,306.25,309.55,309.25,309.65,306.85,
,308.95,307.45,305.85,304.45,305.15,305.45,305.45,306.25,309.55,309.25,309.65,306.85,
,308.95,307.45,305.85,304.45,305.15,305.45,305.45,306.25,309.55,309.25,309.65,306.85,
,308.95,307.45,305.85,304.45,305.15,305.45,305.45,306.25,309.55,309.25,309.65,306.85,
,308.95,307.45,305.85,304.45,305.15,305.45,305.45,306.25,309.55,309.25,309.65,306.85,
,308.95,307.45,305.85,304.45,305.15,305.45,305.45,306.25,309.55,309.25,309.65,306.85,
,308.95,307.45,305.85,304.45,305.15,305.45,305.45,306.25,309.55,309.25,309.65,306.85,
,308.95,307.45,305.85,304.45,305.15,305.45,305.45,306.25,309.55,309.25,309.65,306.85,
,308.95,307.45,305.85,304.45,305.15,305.45,305.45,306.25,309.55,309.25,309.65,306.85,
,308.95,307.45,305.85,304.45,305.15,305.45,305.45,306.25,309.55,309.25,309.65,306.85,
,304.95,306.25,306.45,304.45,304.05,303.95,305.85,307.25,308.95,309.45,308.45,306.05,309.45
,304.95,306.25,306.45,304.45,304.05,303.95,305.85,307.25,308.95,309.45,308.45,306.05,
,304.95,306.25,306.45,304.45,304.05,303.95,305.85,307.25,308.95,309.45,308.45,306.05,
,304.95,306.25,306.45,304.45,304.05,303.95,305.85,307.25,308.95,309.45,308.45,306.05,
,304.95,306.25,306.45,304.45,304.05,303.95,305.85,307.25,308.95,309.45,308.45,306.05,
,304.95,306.25,306.45,304.45,304.05,303.95,305.85,307.25,308.95,309.45,308.45,306.05,
,304.95,306.25,306.45,304.45,304.05,303.95,305.85,307.25,308.95,309.45,308.45,306.05,
,304.95,306.25,306.45,304.45,304.05,303.95,305.85,307.25,308.95,309.45,308.45,306.05,
,304.95,306.25,306.45,304.45,304.05,303.95,305.85,307.25,308.95,309.45,308.45,306.05,
,304.95,306.25,306.45,304.45,304.05,303.95,305.85,307.25,308.95,309.45,308.45,306.05,
,304.95,306.25,306.45,304.45,304.05,303.95,305.85,307.25,308.95,309.45,308.45,306.05,
,304.95,306.25,306.45,304.45,304.05,303.95,305.85,307.25,308.95,309.45,308.45,306.05,
,306.45,307.05,306.75,306.35,305.05,306.05,306.65,308.05,309.25,309.45,309.45,309.85,309.85
,306.45,307.05,306.75,306.35,305.05,306.05,306.65,308.05,309.25,309.45,309.45,309.85,
,306.45,307.05,306.75,306.35,305.05,306.05,306.65,308.05,309.25,309.45,309.45,309.85,
,306.45,307.05,306.75,306.35,305.05,306.05,306.65,308.05,309.25,309.45,309.45,309.85,
,306.45,307.05,306.75,306.35,305.05,306.05,306.65,308.05,309.25,309.45,309.45,309.85,
,306.45,307.05,306.75,306.35,305.05,306.05,306.65,308.05,309.25,309.45,309.45,309.85,
,306.45,307.05,306.75,306.35,305.05,306.05,306.65,308.05,309.25,309.45,309.45,309.85,
,306.45,307.05,306.75,306.35,305.05,306.05,306.65,308.05,309.25,309.45,309.45,309.85,
,306.45,307.05,306.75,306.35,305.05,306.05,306.65,308.05,309.25,309.45,309.45,309.85,
,306.45,307.05,306.75,306.35,305.05,306.05,306.65,308.05,309.25,309.45,309.45,309.85,
,306.45,307.05,306.75,306.35,305.05,306.05,306.65,308.05,309.25,309.45,309.45,309.85,
,306.45,307.05,306.75,306.35,305.05,306.05,306.65,308.05,309.25,309.45,309.45,309.85,
,308.05,306.25,307.65,305.45,305.45,305.85,306.75,307.05,308.25,309.05,309.15,309.45,309.45
,308.05,306.25,307.65,305.45,305.45,305.85,306.75,307.05,308.25,309.05,309.15,309.45,
,308.05,306.25,307.65,305.45,305.45,305.85,306.75,307.05,308.25,309.05,309.15,309.45,
,308.05,306.25,307.65,305.45,305.45,305.85,306.75,307.05,308.25,309.05,309.15,309.45,
,308.05,306.25,307.65,305.45,305.45,305.85,306.75,307.05,308.25,309.05,309.15,309.45,
,308.05,306.25,307.65,305.45,305.45,305.85,306.75,307.05,308.25,309.05,309.15,309.45,
,308.05,306.25,307.65,305.45,305.45,305.85,306.75,307.05,308.25,309.05,309.15,309.45,
,308.05,306.25,307.65,305.45,305.45,305.85,306.75,307.05,308.25,309.05,309.15,309.45,
,308.05,306.25,307.65,305.45,305.45,305.85,306.75,307.05,308.25,309.05,309.15,309.45,
,308.05,306.25,307.65,305.45,305.45,305.85,306.75,307.05,308.25,309.05,309.15,309.45,
,308.05,306.25,307.65,305.45,305.45,305.85,306.75,307.05,308.25,309.05,309.15,309.45,
,308.05,306.25,307.65,305.45,305.45,305.85,306.75,307.05,308.25,309.05,309.15,309.45,
,309.85,305.05,305.25,304.45,305.85,307.95,305.65,307.75,309.05,308.85,309.15,309.25,309.85
,309.85,305.05,305.25,304.45,305.85,307.95,305.65,307.75,309.05,308.85,309.15,309.25,
,309.85,305.05,305.25,304.45,305.85,307.95,305.65,307.75,309.05,308.85,309.15,309.25,
,309.85,305.05,305.25,304.45,305.85,307.95,305.65,307.75,309.05,308.85,309.15,309.25,
,309.85,305.05,305.25,304.45,305.85,307.95,305.65,307.75,309.05,308.85,309.15,309.25,
,309.85,305.05,305.25,304.45,305.85,307.95,305.65,307.75,309.05,308.85,309.15,309.25,
,309.85,305.05,305.25,304.45,305.85,307.95,305.65,307.75,309.05,308.85,309.15,309.25,
,309.85,305.05,305.25,304.45,305.85,307.95,305.65,307.75,309.05,308.85,309.15,309.25,
,309.85,305.05,305.25,304.45,305.85,307.95,305.65,307.75,309.05,308.85,309.15,309.25,
,309.85,305.05,305.25,304.45,305.85,307.95,305.65,307.75,309.05,308.85,309.15,309.25,
,309.85,305.05,305.25,304.45,305.85,307.95,305.65,307.75,309.05,308.85,309.15,309.25,
,309.85,305.05,305.25,304.45,305.85,307.95,305.65,307.75,309.05,308.85,309.15,309.25,
,308.85,309.45,307.85,305.85,307.45,307.85,308.05,308.85,309.75,310.25,309.45,309.55,310.25
,308.85,309.45,307.85,305.85,307.45,307.85,308.05,308.85,309.75,310.25,309.45,309.55,
,308.85,309.45,307.85,305.85,307.45,307.85,308.05,308.85,309.75,310.25,309.45,309.55,
,308.85,309.45,307.85,305.85,307.45,307.85,308.05,308.85,309.75,310.25,309.45,309.55,
,308.85,309.45,307.85,305.85,307.45,307.85,308.05,308.85,309.75,310.25,309.45,309.55,
,308.85,309.45,307.85,305.85,307.45,307.85,308.05,308.85,309.75,310.25,309.45,309.55,
,308.85,309.45,307.85,305.85,307.45,307.85,308.05,308.85,309.75,310.25,309.45,309.55,
,308.85,309.45,307.85,305.85,307.45,307.85,308.05,308.85,309.75,310.25,309.45,309.55,
,308.85,309.45,307.85,305.85,307.45,307.85,308.05,308.85,309.75,310.25,309.45,309.55,
,308.85,309.45,307.85,305.85,307.45,307.85,308.05,308.85,309.75,310.25,309.45,309.55,
,308.85,309.45,307.85,305.85,307.45,307.85,308.05,308.85,309.75,310.25,309.45,309.55,
,308.85,309.45,307.85,305.85,307.45,307.85,308.05,308.85,309.75,310.25,309.45,309.55,
,309.85,305.25,304.85,305.15,305.05,174.15,305.55,308.05,309.65,309.85,174.15,174.15,309.85
,309.85,305.25,304.85,305.15,305.05,174.15,305.55,308.05,309.65,309.85,174.15,174.15,
,309.85,305.25,304.85,305.15,305.05,174.15,305.55,308.05,309.65,309.85,174.15,174.15,
,309.85,305.25,304.85,305.15,305.05,174.15,305.55,308.05,309.65,309.85,174.15,174.15,
,309.85,305.25,304.85,305.15,305.05,174.15,305.55,308.05,309.65,309.85,174.15,174.15,
,309.85,305.25,304.85,305.15,305.05,174.15,305.55,308.05,309.65,309.85,174.15,174.15,
,309.85,305.25,304.85,305.15,305.05,174.15,305.55,308.05,309.65,309.85,174.15,174.15,
,309.85,305.25,304.85,305.15,305.05,174.15,305.55,308.05,309.65,309.85,174.15,174.15,
,309.85,305.25,304.85,305.15,305.05,174.15,305.55,308.05,309.65,309.85,174.15,174.15,
,309.85,305.25,304.85,305.15,305.05,174.15,305.55,308.05,309.65,309.85,174.15,174.15,
,309.85,305.25,304.85,305.15,305.05,174.15,305.55,308.05,309.65,309.85,174.15,174.15,
,309.85,305.25,304.85,305.15,305.05,174.15,305.55,308.05,309.65,309.85,174.15,174.15,
,307.05,307.85,305.55,304.65,305.05,304.55,305.65,308.25,308.45,310.25,309.65,309.35,310.25
,307.05,307.85,305.55,304.65,305.05,304.55,305.65,308.25,308.45,310.25,309.65,309.35,
,307.05,307.85,305.55,304.65,305.05,304.55,305.65,308.25,308.45,310.25,309.65,309.35,
,307.05,307.85,305.55,304.65,305.05,304.55,305.65,308.25,308.45,310.25,309.65,309.35,
,307.05,307.85,305.55,304.65,305.05,304.55,305.65,308.25,308.45,310.25,309.65,309.35,
,307.05,307.85,305.55,304.65,305.05,304.55,305.65,308.25,308.45,310.25,309.65,309.35,
,307.05,307.85,305.55,304.65,305.05,304.55,305.65,308.25,308.45,310.25,309.65,309.35,
,307.05,307.85,305.55,304.65,305.05,304.55,305.65,308.25,308.45,310.25,309.65,309.35,
,307.05,307.85,305.55,304.65,305.05,304.55,305.65,308.25,308.45,310.25,309.65,309.35,
,307.05,307.85,305.55,304.65,305.05,304.55,305.65,308.25,308.45,310.25,309.65,309.35,
,307.05,307.85,305.55,304.65,305.05,304.55,305.65,308.25,308.45,310.25,309.65,309.35,
,307.05,307.85,305.55,304.65,305.05,304.55,305.65,308.25,308.45,310.25,309.65,309.35,
,309.05,305.65,305.25,305.55,305.05,305.55,306.25,308.25,308.85,309.65,309.35,308.25,309.65
,309.05,305.65,305.25,305.55,305.05,305.55,306.25,308.25,308.85,309.65,309.35,308.25,
,309.05,305.65,305.25,305.55,305.05,305.55,306.25,308.25,308.85,309.65,309.35,308.25,
,309.05,305.65,305.25,305.55,305.05,305.55,306.25,308.25,308.85,309.65,309.35,308.25,
,309.05,305.65,305.25,305.55,305.05,305.55,306.25,308.25,308.85,309.65,309.35,308.25,
,309.05,305.65,305.25,305.55,305.05,305.55,306.25,308.25,308.85,309.65,309.35,308.25,
,309.05,305.65,305.25,305.55,305.05,305.55,306.25,308.25,308.85,309.65,309.35,308.25,
,309.05,305.65,305.25,305.55,305.05,305.55,306.25,308.25,308.85,309.65,309.35,308.25,
,309.05,305.65,305.25,305.55,305.05,305.55,306.25,308.25,308.85,309.65,309.35,308.25,
,309.05,305.65,305.25,305.55,305.05,305.55,306.25,308.25,308.85,309.65,309.35,308.25,
,309.05,305.65,305.25,305.55,305.05,305.55,306.25,308.25,308.85,309.65,309.35,308.25,
,309.05,305.65,305.25,305.55,305.05,305.55,306.25,308.25,308.85,309.65,309.35,308.25,
,308.05,305.45,307.45,305.45,304.35,305.35,304.85,309.35,310.65,311.65,310.25,310.65,311.65
,308.05,305.45,307.45,305.45,304.35,305.35,304.85,309.35,310.65,311.65,310.25,310.65,
,308.05,305.45,307.45,305.45,304.35,305.35,304.85,309.35,310.65,311.65,310.25,310.65,
,308.05,305.45,307.45,305.45,304.35,305.35,304.85,309.35,310.65,311.65,310.25,310.65,
,308.05,305.45,307.45,305.45,304.35,305.35,304.85,309.35,310.65,311.65,310.25,310.65,
,308.05,305.45,307.45,305.45,304.35,305.35,304.85,309.35,310.65,311.65,310.25,310.65,
,308.05,305.45,307.45,305.45,304.35,305.35,304.85,309.35,310.65,311.65,310.25,310.65,
,308.05,305.45,307.45,305.45,304.35,305.35,304.85,309.35,310.65,311.65,310.25,310.65,
,308.05,305.45,307.45,305.45,304.35,305.35,304.85,309.35,310.65,311.65,310.25,310.65,
,308.05,305.45,307.45,305.45,304.35,305.35,304.85,309.35,310.65,311.65,310.25,310.65,
,308.05,305.45,307.45,305.45,304.35,305.35,304.85,309.35,310.65,311.65,310.25,310.65,
,308.05,305.45,307.45,305.45,304.35,305.35,304.85,309.35,310.65,311.65,310.25,310.65,
,306.85,308.05,307.45,307.65,308.45,308.25,307.85,309.25,309.45,310.45,309.85,310.85,310.85
,306.85,308.05,307.45,307.65,308.45,308.25,307.85,309.25,309.45,310.45,309.85,310.85,
,306.85,308.05,307.45,307.65,308.45,308.25,307.85,309.25,309.45,310.45,309.85,310.85,
,306.85,308.05,307.45,307.65,308.45,308.25,307.85,309.25,309.45,310.45,309.85,310.85,
,306.85,308.05,307.45,307.65,308.45,308.25,307.85,309.25,309.45,310.45,309.85,310.85,
,306.85,308.05,307.45,307.65,308.45,308.25,307.85,309.25,309.45,310.45,309.85,310.85,
,306.85,308.05,307.45,307.65,308.45,308.25,307.85,309.25,309.45,310.45,309.85,310.85,
,306.85,308.05,307.45,307.65,308.45,308.25,307.85,309.25,309.45,310.45,309.85,310.85,
,306.85,308.05,307.45,307.65,308.45,308.25,307.85,309.25,309.45,310.45,309.85,310.85,
,306.85,308.05,307.45,307.65,308.45,308.25,307.85,309.25,309.45,310.45,309.85,310.85,
,306.85,308.05,307.45,307.65,308.45,308.25,307.85,309.25,309.45,310.45,309.85,310.85,
,306.85,308.05,307.45,307.65,308.45,308.25,307.85,309.25,309.45,310.45,309.85,310.85,
,308.45,305.85,306.25,306.05,304.85,306.25,305.85,307.65,309.05,310.75,308.45,309.05,310.75
,308.45,305.85,306.25,306.05,304.85,306.25,305.85,307.65,309.05,310.75,308.45,309.05,
,308.45,305.85,306.25,306.05,304.85,306.25,305.85,307.65,309.05,310.75,308.45,309.05,
,308.45,305.85,306.25,306.05,304.85,306.25,305.85,307.65,309.05,310.75,308.45,309.05,
,308.45,305.85,306.25,306.05,304.85,306.25,305.85,307.65,309.05,310.75,308.45,309.05,
,308.45,305.85,306.25,306.05,304.85,306.25,305.85,307.65,309.05,310.75,308.45,309.05,
,308.45,305.85,306.25,306.05,304.85,306.25,305.85,307.65,309.05,310.75,308.45,309.05,
,308.45,305.85,306.25,306.05,304.85,306.25,305.85,307.65,309.05,310.75,308.45,309.05,
,308.45,305.85,306.25,306.05,304.85,306.25,305.85,307.65,309.05,310.75,308.45,309.05,
,308.45,305.85,306.25,306.05,304.85,306.25,305.85,307.65,309.05,310.75,308.45,309.05,
,308.45,305.85,306.25,306.05,304.85,306.25,305.85,307.65,309.05,310.75,308.45,309.05,
,308.45,305.85,306.25,306.05,304.85,306.25,305.85,307.65,309.05,310.75,308.45,309.05,
,306.85,306.65,304.85,305.35,306.75,306.65,307.25,310.25,309.05,309.45,310.05,309.65,310.25
,306.85,306.65,304.85,305.35,306.75,306.65,307.25,310.25,309.05,309.45,310.05,309.65,
,306.85,306.65,304.85,305.35,306.75,306.65,307.25,310.25,309.05,309.45,310.05,309.65,
,306.85,306.65,304.85,305.35,306.75,306.65,307.25,310.25,309.05,309.45,310.05,309.65,
,306.85,306.65,304.85,305.35,306.75,306.65,307.25,310.25,309.05,309.45,310.05,309.65,
,306.85,306.65,304.85,305.35,306.75,306.65,307.25,310.25,309.05,309.45,310.05,309.65,
,306.85,306.65,304.85,305.35,306.75,306.65,307.25,310.25,309.05,309.45,310.05,309.65,
,306.85,306.65,304.85,305.35,306.75,306.65,307.25,310.25,309.05,309.45,310.05,309.65,
,306.85,306.65,304.85,305.35,306.75,306.65,307.25,310.25,309.05,309.45,310.05,309.65,
,306.85,306.65,304.85,305.35,306.75,306.65,307.25,310.25,309.05,309.45,310.05,309.65,
,306.85,306.65,304.85,305.35,306.75,306.65,307.25,310.25,309.05,309.45,310.05,309.65,
,306.85,306.65,304.85,305.35,306.75,306.65,307.25,310.25,309.05,309.45,310.05,309.65,
,308.45,306.85,306.25,306.45,307.65,306.25,306.15,309.35,310.85,310.85,309.65,309.65,310.85
,308.45,306.85,306.25,306.45,307.65,306.25,306.15,309.35,310.85,310.85,309.65,309.65,
,308.45,306.85,306.25,306.45,307.65,306.25,306.15,309.35,310.85,310.85,309.65,309.65,
,308.45,306.85,306.25,306.45,307.65,306.25,306.15,309.35,310.85,310.85,309.65,309.65,
,308.45,306.85,306.25,306.45,307.65,306.25,306.15,309.35,310.85,310.85,309.65,309.65,
,308.45,306.85,306.25,306.45,307.65,306.25,306.15,309.35,310.85,310.85,309.65,309.65,
,308.45,306.85,306.25,306.45,307.65,306.25,306.15,309.35,310.85,310.85,309.65,309.65,
,308.45,306.85,306.25,306.45,307.65,306.25,306.15,309.35,310.85,310.85,309.65,309.65,
,308.45,306.85,306.25,306.45,307.65,306.25,306.15,309.35,310.85,310.85,309.65,309.65,
,308.45,306.85,306.25,306.45,307.65,306.25,306.15,309.35,310.85,310.85,309.65,309.65,
,308.45,306.85,306.25,306.45,307.65,306.25,306.15,309.35,310.85,310.85,309.65,309.65,
,308.45,306.85,306.25,306.45,307.65,306.25,306.15,309.35,310.85,310.85,309.65,309.65,
,304.85,309.35,306.65,306.05,306.05,306.15,307.15,307.65,309.65,310.45,310.05,310.35,310.45
,304.85,309.35,306.65,306.05,306.05,306.15,307.15,307.65,309.65,310.45,310.05,310.35,
,304.85,309.35,306.65,306.05,306.05,306.15,307.15,307.65,309.65,310.45,310.05,310.35,
,304.85,309.35,306.65,306.05,306.05,306.15,307.15,307.65,309.65,310.45,310.05,310.35,
,304.85,309.35,306.65,306.05,306.05,306.15,307.15,307.65,309.65,310.45,310.05,310.35,
,304.85,309.35,306.65,306.05,306.05,306.15,307.15,307.65,309.65,310.45,310.05,310.35,
,304.85,309.35,306.65,306.05,306.05,306.15,307.15,307.65,309.65,310.45,310.05,310.35,
,304.85,309.35,306.65,306.05,306.05,306.15,307.15,307.65,309.65,310.45,310.05,310.35,
,304.85,309.35,306.65,306.05,306.05,306.15,307.15,307.65,309.65,310.45,310.05,310.35,
,304.85,309.35,306.65,306.05,306.05,306.15,307.15,307.65,309.65,310.45,310.05,310.35,
,304.85,309.35,306.65,306.05,306.05,306.15,307.15,307.65,309.65,310.45,310.05,310.35,
,304.85,309.35,306.65,306.05,306.05,306.15,307.15,307.65,309.65,310.45,310.05,310.35,
,310.25,306.55,305.85,305.35,306.35,306.55,306.85,309.05,310.55,311.15,310.75,310.75,311.15
,310.25,306.55,305.85,305.35,306.35,306.55,306.85,309.05,310.55,311.15,310.75,310.75,
,310.25,306.55,305.85,305.35,306.35,306.55,306.85,309.05,310.55,311.15,310.75,310.75,
,310.25,306.55,305.85,305.35,306.35,306.55,306.85,309.05,310.55,311.15,310.75,310.75,
,310.25,306.55,305.85,305.35,306.35,306.55,306.85,309.05,310.55,311.15,310.75,310.75,
,310.25,306.55,305.85,305.35,306.35,306.55,306.85,309.05,310.55,311.15,310.75,310.75,
,310.25,306.55,305.85,305.35,306.35,306.55,306.85,309.05,310.55,311.15,310.75,310.75,
,310.25,306.55,305.85,305.35,306.35,306.55,306.85,309.05,310.55,311.15,310.75,310.75,
,310.25,306.55,305.85,305.35,306.35,306.55,306.85,309.05,310.55,311.15,310.75,310.75,
,310.25,306.55,305.85,305.35,306.35,306.55,306.85,309.05,310.55,311.15,310.75,310.75,
,310.25,306.55,305.85,305.35,306.35,306.55,306.85,309.05,310.55,311.15,310.75,310.75,
,310.25,306.55,305.85,305.35,306.35,306.55,306.85,309.05,310.55,311.15,310.75,310.75,
,310.15,305.05,305.35,306.05,305.55,304.45,305.45,308.95,310.35,310.25,311.25,309.65,311.25
,310.15,305.05,305.35,306.05,305.55,304.45,305.45,308.95,310.35,310.25,311.25,309.65,
,310.15,305.05,305.35,306.05,305.55,304.45,305.45,308.95,310.35,310.25,311.25,309.65,
,310.15,305.05,305.35,306.05,305.55,304.45,305.45,308.95,310.35,310.25,311.25,309.65,
,310.15,305.05,305.35,306.05,305.55,304.45,305.45,308.95,310.35,310.25,311.25,309.65,
,310.15,305.05,305.35,306.05,305.55,304.45,305.45,308.95,310.35,310.25,311.25,309.65,
,310.15,305.05,305.35,306.05,305.55,304.45,305.45,308.95,310.35,310.25,311.25,309.65,
,310.15,305.05,305.35,306.05,305.55,304.45,305.45,308.95,310.35,310.25,311.25,309.65,
,310.15,305.05,305.35,306.05,305.55,304.45,305.45,308.95,310.35,310.25,311.25,309.65,
,310.15,305.05,305.35,306.05,305.55,304.45,305.45,308.95,310.35,310.25,311.25,309.65,
,310.15,305.05,305.35,306.05,305.55,304.45,305.45,308.95,310.35,310.25,311.25,309.65,
,310.15,305.05,305.35,306.05,305.55,304.45,305.45,308.95,310.35,310.25,311.25,309.65,
,310.05,308.95,310.05,306.15,304.85,304.85,305.65,308.35,309.45,310.55,310.85,309.05,310.85
,310.05,308.95,310.05,306.15,304.85,304.85,305.65,308.35,309.45,310.55,310.85,309.05,
,310.05,308.95,310.05,306.15,304.85,304.85,305.65,308.35,309.45,310.55,310.85,309.05,
,310.05,308.95,310.05,306.15,304.85,304.85,305.65,308.35,309.45,310.55,310.85,309.05,
,310.05,308.95,310.05,306.15,304.85,304.85,305.65,308.35,309.45,310.55,310.85,309.05,
,310.05,308.95,310.05,306.15,304.85,304.85,305.65,308.35,309.45,310.55,310.85,309.05,
,310.05,308.95,310.05,306.15,304.85,304.85,305.65,308.35,309.45,310.55,310.85,309.05,
,310.05,308.95,310.05,306.15,304.85,304.85,305.65,308.35,309.45,310.55,310.85,309.05,
,310.05,308.95,310.05,306.15,304.85,304.85,305.65,308.35,309.45,310.55,310.85,309.05,
,310.05,308.95,310.05,306.15,304.85,304.85,305.65,308.35,309.45,310.55,310.85,309.05,
,310.05,308.95,310.05,306.15,304.85,304.85,305.65,308.35,309.45,310.55,310.85,309.05,
,310.05,308.95,310.05,306.15,304.85,304.85,305.65,308.35,309.45,310.55,310.85,309.05,
,310.25,306.55,305.05,304.35,304.25,306.35,307.05,310.25,309.65,310.45,310.85,310.15,310.85
,310.25,306.55,305.05,304.35,304.25,306.35,307.05,310.25,309.65,310.45,310.85,310.15,
,310.25,306.55,305.05,304.35,304.25,306.35,307.05,310.25,309.65,310.45,310.85,310.15,
,310.25,306.55,305.05,304.35,304.25,306.35,307.05,310.25,309.65,310.45,310.85,310.15,
,310.25,306.55,305.05,304.35,304.25,306.35,307.05,310.25,309.65,310.45,310.85,310.15,
,310.25,306.55,305.05,304.35,304.25,306.35,307.05,310.25,309.65,310.45,310.85,310.15,
,310.25,306.55,305.05,304.35,304.25,306.35,307.05,310.25,309.65,310.45,310.85,310.15,
,310.25,306.55,305.05,304.35,304.25,306.35,307.05,310.25,309.65,310.45,310.85,310.15,
,310.25,306.55,305.05,304.35,304.25,306.35,307.05,310.25,309.65,310.45,310.85,310.15,
,310.25,306.55,305.05,304.35,304.25,306.35,307.05,310.25,309.65,310.45,310.85,310.15,
,310.25,306.55,305.05,304.35,304.25,306.35,307.05,310.25,309.65,310.45,310.85,310.15,
,310.25,306.55,305.05,304.35,304.25,306.35,307.05,310.25,309.65,310.45,310.85,310.15,
,309.75,308.55,306.15,307.95,306.45,307.05,308.05,309.05,310.55,310.85,311.25,310.25,311.25
,309.75,308.55,306.15,307.95,306.45,307.05,308.05,309.05,310.55,310.85,311.25,310.25,
,309.75,308.55,306.15,307.95,306.45,307.05,308.05,309.05,310.55,310.85,311.25,310.25,
,309.75,308.55,306.15,307.95,306.45,307.05,308.05,309.05,310.55,310.85,311.25,310.25,
,309.75,308.55,306.15,307.95,306.45,307.05,308.05,309.05,310.55,310.85,311.25,310.25,
,309.75,308.55,306.15,307.95,306.45,307.05,308.05,309.05,310.55,310.85,311.25,310.25,
,309.75,308.55,306.15,307.95,306.45,307.05,308.05,309.05,310.55,310.85,311.25,310.25,
,309.75,308.55,306.15,307.95,306.45,307.05,308.05,309.05,310.55,310.85,311.25,310.25,
,309.75,308.55,306.15,307.95,306.45,307.05,308.05,309.05,310.55,310.85,311.25,310.25,
,309.75,308.55,306.15,307.95,306.45,307.05,308.05,309.05,310.55,310.85,311.25,310.25,
,309.75,308.55,306.15,307.95,306.45,307.05,308.05,309.05,310.55,310.85,311.25,310.25,
,309.75,308.55,306.15,307.95,306.45,307.05,308.05,309.05,310.55,310.85,311.25,310.25,
,308.45,305.75,306.25,305.25,304.35,304.25,305.25,307.65,310.25,310.75,311.75,310.45,311.75
,308.45,305.75,306.25,305.25,304.35,304.25,305.25,307.65,310.25,310.75,311.75,310.45,
,308.45,305.75,306.25,305.25,304.35,304.25,305.25,307.65,310.25,310.75,311.75,310.45,
,308.45,305.75,306.25,305.25,304.35,304.25,305.25,307.65,310.25,310.75,311.75,310.45,
,308.45,305.75,306.25,305.25,304.35,304.25,305.25,307.65,310.25,310.75,311.75,310.45,
,308.45,305.75,306.25,305.25,304.35,304.25,305.25,307.65,310.25,310.75,311.75,310.45,
,308.45,305.75,306.25,305.25,304.35,304.25,305.25,307.65,310.25,310.75,311.75,310.45,
,308.45,305.75,306.25,305.25,304.35,304.25,305.25,307.65,310.25,310.75,311.75,310.45,
,308.45,305.75,306.25,305.25,304.35,304.25,305.25,307.65,310.25,310.75,311.75,310.45,
,308.45,305.75,306.25,305.25,304.35,304.25,305.25,307.65,310.25,310.75,311.75,310.45,
,308.45,305.75,306.25,305.25,304.35,304.25,305.25,307.65,310.25,310.75,311.75,310.45,
,308.45,305.75,306.25,305.25,304.35,304.25,305.25,307.65,310.25,310.75,311.75,310.45,
,309.85,306.85,306.05,305.25,304.75,303.85,305.65,308.45,310.65,310.45,310.65,309.25,310.65
,309.85,306.85,306.05,305.25,304.75,303.85,305.65,308.45,310.65,310.45,310.65,309.25,
,309.85,306.85,306.05,305.25,304.75,303.85,305.65,308.45,310.65,310.45,310.65,309.25,
,309.85,306.85,306.05,305.25,304.75,303.85,305.65,308.45,310.65,310.45,310.65,309.25,
,309.85,306.85,306.05,305.25,304.75,303.85,305.65,308.45,310.65,310.45,310.65,309.25,
,309.85,306.85,306.05,305.25,304.75,303.85,305.65,308.45,310.65,310.45,310.65,309.25,
,309.85,306.85,306.05,305.25,304.75,303.85,305.65,308.45,310.65,310.45,310.65,309.25,
,309.85,306.85,306.05,305.25,304.75,303.85,305.65,308.45,310.65,310.45,310.65,309.25,
,309.85,306.85,306.05,305.25,304.75,303.85,305.65,308.45,310.65,310.45,310.65,309.25,
,309.85,306.85,306.05,305.25,304.75,303.85,305.65,308.45,310.65,310.45,310.65,309.25,
,309.85,306.85,306.05,305.25,304.75,303.85,305.65,308.45,310.65,310.45,310.65,309.25,
,309.85,306.85,306.05,305.25,304.75,303.85,305.65,308.45,310.65,310.45,310.65,309.25,
,307.65,308.45,309.85,307.25,307.55,307.75,306.35,307.75,311.15,311.85,309.75,309.75,311.85
,307.65,308.45,309.85,307.25,307.55,307.75,306.35,307.75,311.15,311.85,309.75,309.75,
,307.65,308.45,309.85,307.25,307.55,307.75,306.35,307.75,311.15,311.85,309.75,309.75,
,307.65,308.45,309.85,307.25,307.55,307.75,306.35,307.75,311.15,311.85,309.75,309.75,
,307.65,308.45,309.85,307.25,307.55,307.75,306.35,307.75,311.15,311.85,309.75,309.75,
,307.65,308.45,309.85,307.25,307.55,307.75,306.35,307.75,311.15,311.85,309.75,309.75,
,307.65,308.45,309.85,307.25,307.55,307.75,306.35,307.75,311.15,311.85,309.75,309.75,
,307.65,308.45,309.85,307.25,307.55,307.75,306.35,307.75,311.15,311.85,309.75,309.75,
,307.65,308.45,309.85,307.25,307.55,307.75,306.35,307.75,311.15,311.85,309.75,309.75,
,307.65,308.45,309.85,307.25,307.55,307.75,306.35,307.75,311.15,311.85,309.75,309.75,
,307.65,308.45,309.85,307.25,307.55,307.75,306.35,307.75,311.15,311.85,309.75,309.75,
,307.65,308.45,309.85,307.25,307.55,307.75,306.35,307.75,311.15,311.85,309.75,309.75,
,307.15,304.95,306.15,305.85,304.45,305.95,306.75,309.45,310.45,309.45,307.75,309.05,310.45
,307.15,304.95,306.15,305.85,304.45,305.95,306.75,309.45,310.45,309.45,307.75,309.05,
,307.15,304.95,306.15,305.85,304.45,305.95,306.75,309.45,310.45,309.45,307.75,309.05,
,307.15,304.95,306.15,305.85,304.45,305.95,306.75,309.45,310.45,309.45,307.75,309.05,
,307.15,304.95,306.15,305.85,304.45,305.95,306.75,309.45,310.45,309.45,307.75,309.05,
,307.15,304.95,306.15,305.85,304.45,305.95,306.75,309.45,310.45,309.45,307.75,309.05,
,307.15,304.95,306.15,305.85,304.45,305.95,306.75,309.45,310.45,309.45,307.75,309.05,
,307.15,304.95,306.15,305.85,304.45,305.95,306.75,309.45,310.45,309.45,307.75,309.05,
,307.15,304.95,306.15,305.85,304.45,305.95,306.75,309.45,310.45,309.45,307.75,309.05,
,307.15,304.95,306.15,305.85,304.45,305.95,306.75,309.45,310.45,309.45,307.75,309.05,
,307.15,304.95,306.15,305.85,304.45,305.95,306.75,309.45,310.45,309.45,307.75,309.05,
,307.15,304.95,306.15,305.85,304.45,305.95,306.75,309.45,310.45,309.45,307.75,309.05,
,309.45,310.85,306.35,307.65,309.05,308.65,307.65,310.45,310.85,311.05,310.95,310.05,311.05
,309.45,310.85,306.35,307.65,309.05,308.65,307.65,310.45,310.85,311.05,310.95,310.05,
,309.45,310.85,306.35,307.65,309.05,308.65,307.65,310.45,310.85,311.05,310.95,310.05,
,309.45,310.85,306.35,307.65,309.05,308.65,307.65,310.45,310.85,311.05,310.95,310.05,
,309.45,310.85,306.35,307.65,309.05,308.65,307.65,310.45,310.85,311.05,310.95,310.05,
,309.45,310.85,306.35,307.65,309.05,308.65,307.65,310.45,310.85,311.05,310.95,310.05,
,309.45,310.85,306.35,307.65,309.05,308.65,307.65,310.45,310.85,311.05,310.95,310.05,
,309.45,310.85,306.35,307.65,309.05,308.65,307.65,310.45,310.85,311.05,310.95,310.05,
,309.45,310.85,306.35,307.65,309.05,308.65,307.65,310.45,310.85,311.05,310.95,310.05,
,309.45,310.85,306.35,307.65,309.05,308.65,307.65,310.45,310.85,311.05,310.95,310.05,
,309.45,310.85,306.35,307.65,309.05,308.65,307.65,310.45,310.85,311.05,310.95,310.05,
,309.45,310.85,306.35,307.65,309.05,308.65,307.65,310.45,310.85,311.05,310.95,310.05,
,309.55,309.05,310.45,305.65,307.05,305.95,305.35,309.25,310.65,310.75,309.75,310.45,310.75
,309.55,309.05,310.45,305.65,307.05,305.95,305.35,309.25,310.65,310.75,309.75,310.45,
,309.55,309.05,310.45,305.65,307.05,305.95,305.35,309.25,310.65,310.75,309.75,310.45,
,309.55,309.05,310.45,305.65,307.05,305.95,305.35,309.25,310.65,310.75,309.75,310.45,
,309.55,309.05,310.45,305.65,307.05,305.95,305.35,309.25,310.65,310.75,309.75,310.45,
,309.55,309.05,310.45,305.65,307.05,305.95,305.35,309.25,310.65,310.75,309.75,310.45,
,309.55,309.05,310.45,305.65,307.05,305.95,305.35,309.25,310.65,310.75,309.75,310.45,
,309.55,309.05,310.45,305.65,307.05,305.95,305.35,309.25,310.65,310.75,309.75,310.45,
,309.55,309.05,310.45,305.65,307.05,305.95,305.35,309.25,310.65,310.75,309.75,310.45,
,309.55,309.05,310.45,305.65,307.05,305.95,305.35,309.25,310.65,310.75,309.75,310.45,
,309.55,309.05,310.45,305.65,307.05,305.95,305.35,309.25,310.65,310.75,309.75,310.45,
,309.55,309.05,310.45,305.65,307.05,305.95,305.35,309.25,310.65,310.75,309.75,310.45,
,309.25,307.55,307.15,305.25,306.85,305.65,306.35,309.05,310.85,310.25,310.35,308.45,310.85
,309.25,307.55,307.15,305.25,306.85,305.65,306.35,309.05,310.85,310.25,310.35,308.45,
,309.25,307.55,307.15,305.25,306.85,305.65,306.35,309.05,310.85,310.25,310.35,308.45,
,309.25,307.55,307.15,305.25,306.85,305.65,306.35,309.05,310.85,310.25,310.35,308.45,
,309.25,307.55,307.15,305.25,306.85,305.65,306.35,309.05,310.85,310.25,310.35,308.45,
,309.25,307.55,307.15,305.25,306.85,305.65,306.35,309.05,310.85,310.25,310.35,308.45,
,309.25,307.55,307.15,305.25,306.85,305.65,306.35,309.05,310.85,310.25,310.35,308.45,
,309.25,307.55,307.15,305.25,306.85,305.65,306.35,309.05,310.85,310.25,310.35,308.45,
,309.25,307.55,307.15,305.25,306.85,305.65,306.35,309.05,310.85,310.25,310.35,308.45,
,309.25,307.55,307.15,305.25,306.85,305.65,306.35,309.05,310.85,310.25,310.35,308.45,
,309.25,307.55,307.15,305.25,306.85,305.65,306.35,309.05,310.85,310.25,310.35,308.45,
,309.25,307.55,307.15,305.25,306.85,305.65,306.35,309.05,310.85,310.25,310.35,308.45,
,310.55,309.15,306.85,307.25,306.95,307.05,305.95,309.65,311.85,311.25,311.95,311.45,311.95
,310.55,309.15,306.85,307.25,306.95,307.05,305.95,309.65,311.85,311.25,311.95,311.45,
,310.55,309.15,306.85,307.25,306.95,307.05,305.95,309.65,311.85,311.25,311.95,311.45,
,310.55,309.15,306.85,307.25,306.95,307.05,305.95,309.65,311.85,311.25,311.95,311.45,
,310.55,309.15,306.85,307.25,306.95,307.05,305.95,309.65,311.85,311.25,311.95,311.45,
,310.55,309.15,306.85,307.25,306.95,307.05,305.95,309.65,311.85,311.25,311.95,311.45,
,310.55,309.15,306.85,307.25,306.95,307.05,305.95,309.65,311.85,311.25,311.95,311.45,
,310.55,309.15,306.85,307.25,306.95,307.05,305.95,309.65,311.85,311.25,311.95,311.45,
,310.55,309.15,306.85,307.25,306.95,307.05,305.95,309.65,311.85,311.25,311.95,311.45,
,310.55,309.15,306.85,307.25,306.95,307.05,305.95,309.65,311.85,311.25,311.95,311.45,
,310.55,309.15,306.85,307.25,306.95,307.05,305.95,309.65,311.85,311.25,311.95,311.45,
,310.55,309.15,306.85,307.25,306.95,307.05,305.95,309.65,311.85,311.25,311.95,311.45,
,310.35,309.55,310.35,307.65,308.35,307.85,309.75,310.95,311.25,312.35,311.55,311.25,312.35
,310.35,309.55,310.35,307.65,308.35,307.85,309.75,310.95,311.25,312.35,311.55,311.25,
,310.35,309.55,310.35,307.65,308.35,307.85,309.75,310.95,311.25,312.35,311.55,311.25,
,310.35,309.55,310.35,307.65,308.35,307.85,309.75,310.95,311.25,312.35,311.55,311.25,
,310.35,309.55,310.35,307.65,308.35,307.85,309.75,310.95,311.25,312.35,311.55,311.25,
,310.35,309.55,310.35,307.65,308.35,307.85,309.75,310.95,311.25,312.35,311.55,311.25,
,310.35,309.55,310.35,307.65,308.35,307.85,309.75,310.95,311.25,312.35,311.55,311.25,
,310.35,309.55,310.35,307.65,308.35,307.85,309.75,310.95,311.25,312.35,311.55,311.25,
,310.35,309.55,310.35,307.65,308.35,307.85,309.75,310.95,311.25,312.35,311.55,311.25,
,310.35,309.55,310.35,307.65,308.35,307.85,309.75,310.95,311.25,312.35,311.55,311.25,
,310.35,309.55,310.35,307.65,308.35,307.85,309.75,310.95,311.25,312.35,311.55,311.25,
,310.35,309.55,310.35,307.65,308.35,307.85,309.75,310.95,311.25,312.35,311.55,311.25,
,310.45,307.75,306.75,305.75,307.05,306.95,304.45,309.55,308.65,310.35,311.25,310.85,311.25
,310.45,307.75,306.75,305.75,307.05,306.95,304.45,309.55,308.65,310.35,311.25,310.85,
,310.45,307.75,306.75,305.75,307.05,306.95,304.45,309.55,308.65,310.35,311.25,310.85,
,310.45,307.75,306.75,305.75,307.05,306.95,304.45,309.55,308.65,310.35,311.25,310.85,
,310.45,307.75,306.75,305.75,307.05,306.95,304.45,309.55,308.65,310.35,311.25,310.85,
,310.45,307.75,306.75,305.75,307.05,306.95,304.45,309.55,308.65,310.35,311.25,310.85,
,310.45,307.75,306.75,305.75,307.05,306.95,304.45,309.55,308.65,310.35,311.25,310.85,
,310.45,307.75,306.75,305.75,307.05,306.95,304.45,309.55,308.65,310.35,311.25,310.85,
,310.45,307.75,306.75,305.75,307.05,306.95,304.45,309.55,308.65,310.35,311.25,310.85,
,310.45,307.75,306.75,305.75,307.05,306.95,304.45,309.55,308.65,310.35,311.25,310.85,
,310.45,307.75,306.75,305.75,307.05,306.95,304.45,309.55,308.65,310.35,311.25,310.85,
,310.45,307.75,306.75,305.75,307.05,306.95,304.45,309.55,308.65,310.35,311.25,310.85,
,309.65,307.35,306.75,307.25,307.15,305.55,307.45,308.15,310.05,311.15,310.95,310.15,311.15
,309.65,307.35,306.75,307.25,307.15,305.55,307.45,308.15,310.05,311.15,310.95,310.15,
,309.65,307.35,306.75,307.25,307.15,305.55,307.45,308.15,310.05,311.15,310.95,310.15,
,309.65,307.35,306.75,307.25,307.15,305.55,307.45,308.15,310.05,311.15,310.95,310.15,
,309.65,307.35,306.75,307.25,307.15,305.55,307.45,308.15,310.05,311.15,310.95,310.15,
,309.65,307.35,306.75,307.25,307.15,305.55,307.45,308.15,310.05,311.15,310.95,310.15,
,309.65,307.35,306.75,307.25,307.15,305.55,307.45,308.15,310.05,311.15,310.95,310.15,
,309.65,307.35,306.75,307.25,307.15,305.55,307.45,308.15,310.05,311.15,310.95,310.15,
,309.65,307.35,306.75,307.25,307.15,305.55,307.45,308.15,310.05,311.15,310.95,310.15,
,309.65,307.35,306.75,307.25,307.15,305.55,307.45,308.15,310.05,311.15,310.95,310.15,
,309.65,307.35,306.75,307.25,307.15,305.55,307.45,308.15,310.05,311.15,310.95,310.15,
,309.65,307.35,306.75,307.25,307.15,305.55,307.45,308.15,310.05,311.15,310.95,310.15,
,311.05,312.25,309.05,308.75,308.95,308.55,306.75,174.15,310.65,310.35,311.35,310.95,312.25
,311.05,312.25,309.05,308.75,308.95,308.55,306.75,174.15,310.65,310.35,311.35,310.95,
,311.05,312.25,309.05,308.75,308.95,308.55,306.75,174.15,310.65,310.35,311.35,310.95,
,311.05,312.25,309.05,308.75,308.95,308.55,306.75,174.15,310.65,310.35,311.35,310.95,
,311.05,312.25,309.05,308.75,308.95,308.55,306.75,174.15,310.65,310.35,311.35,310.95,
,311.05,312.25,309.05,308.75,308.95,308.55,306.75,174.15,310.65,310.35,311.35,310.95,
,311.05,312.25,309.05,308.75,308.95,308.55,306.75,174.15,310.65,310.35,311.35,310.95,
,311.05,312.25,309.05,308.75,308.95,308.55,306.75,174.15,310.65,310.35,311.35,310.95,
,311.05,312.25,309.05,308.75,308.95,308.55,306.75,174.15,310.65,310.35,311.35,310.95,
,311.05,312.25,309.05,308.75,308.95,308.55,306.75,174.15,310.65,310.35,311.35,310.95,
,311.05,312.25,309.05,308.75,308.95,308.55,306.75,174.15,310.65,310.35,311.35,310.95,
,311.05,312.25,309.05,308.75,308.95,308.55,306.75,174.15,310.65,310.35,311.35,310.95,
