year,jan,feb,mar,apr,may,jun,jul,aug,sep,oct,nov,dec,annual
,31.0,28.0,31.0,30.0,31.0,30.0,31.0,31.0,30.0,31.0,30.0,31.0,365.0
,31.0,28.0,31.0,30.0,31.0,30.0,31.0,31.0,30.0,31.0,30.0,31.0,
,31.0,28.0,31.0,30.0,31.0,30.0,31.0,31.0,30.0,31.0,30.0,31.0,
,31.0,28.0,31.0,30.0,31.0,30.0,31.0,31.0,30.0,31.0,30.0,31.0,
,31.0,28.0,31.0,30.0,31.0,30.0,31.0,31.0,30.0,31.0,30.0,31.0,
,31.0,28.0,31.0,30.0,31.0,30.0,31.0,31.0,30.0,31.0,30.0,31.0,
,31.0,28.0,31.0,30.0,31.0,30.0,31.0,31.0,30.0,31.0,30.0,31.0,
,31.0,28.0,31.0,30.0,31.0,30.0,31.0,31.0,30.0,31.0,30.0,31.0,
,31.0,28.0,31.0,30.0,31.0,30.0,31.0,31.0,30.0,31.0,30.0,31.0,
,31.0,28.0,31.0,30.0,31.0,30.0,31.0,31.0,30.0,31.0,30.0,31.0,
,31.0,28.0,31.0,30.0,31.0,30.0,31.0,31.0,30.0,31.0,30.0,31.0,
,31.0,28.0,31.0,30.0,31.0,30.0,31.0,31.0,30.0,31.0,30.0,31.0,
,31.0,28.0,31.0,30.0,31.0,30.0,31.0,31.0,30.0,31.0,30.0,31.0,365.0
,31.0,28.0,31.0,30.0,31.0,30.0,31.0,31.0,30.0,31.0,30.0,31.0,
,31.0,28.0,31.0,30.0,31.0,30.0,31.0,31.0,30.0,31.0,30.0,31.0,
,31.0,28.0,31.0,30.0,31.0,30.0,31.0,31.0,30.0,31.0,30.0,31.0,
,31.0,28.0,31.0,30.0,31.0,30.0,31.0,31.0,30.0,31.0,30.0,31.0,
,31.0,28.0,31.0,30.0,31.0,30.0,31.0,31.0,30.0,31.0,30.0,31.0,
,31.0,28.0,31.0,30.0,31.0,30.0,31.0,31.0,30.0,31.0,30.0,31.0,
,31.0,28.0,31.0,30.0,31.0,30.0,31.0,31.0,30.0,31.0,30.0,31.0,
,31.0,28.0,31.0,30.0,31.0,30.0,31.0,31.0,30.0,31.0,30.0,31.0,
,31.0,28.0,31.0,30.0,31.0,30.0,31.0,31.0,30.0,31.0,30.0,31.0,
,31.0,28.0,31.0,30.0,31.0,30.0,31.0,31.0,30.0,31.0,30.0,31.0,
,31.0,28.0,31.0,30.0,31.0,30.0,31.0,31.0,30.0,31.0,30.0,31.0,
,31.0,28.0,31.0,30.0,31.0,30.0,31.0,31.0,30.0,31.0,30.0,31.0,365.0
,31.0,28.0,31.0,30.0,31.0,30.0,31.0,31.0,30.0,31.0,30.0,31.0,
,31.0,28.0,31.0,30.0,31.0,30.0,31.0,31.0,30.0,31.0,30.0,31.0,
,31.0,28.0,31.0,30.0,31.0,30.0,31.0,31.0,30.0,31.0,30.0,31.0,
,31.0,28.0,31.0,30.0,31.0,30.0,31.0,31.0,30.0,31.0,30.0,31.0,
,31.0,28.0,31.0,30.0,31.0,30.0,31.0,31.0,30.0,31.0,30.0,31.0,
,31.0,28.0,31.0,30.0,31.0,30.0,31.0,31.0,30.0,31.0,30.0,31.0,
,31.0,28.0,31.0,30.0,31.0,30.0,31.0,31.0,30.0,31.0,30.0,31.0,
,31.0,28.0,31.0,30.0,31.0,30.0,31.0,31.0,30.0,31.0,30.0,31.0,
,31.0,28.0,31.0,30.0,31.0,30.0,31.0,31.0,30.0,31.0,30.0,31.0,
,31.0,28.0,31.0,30.0,31.0,30.0,31.0,31.0,30.0,31.0,30.0,31.0,
,31.0,28.0,31.0,30.0,31.0,30.0,31.0,31.0,30.0,31.0,30.0,31.0,
,31.0,29.0,31.0,30.0,31.0,30.0,31.0,31.0,30.0,31.0,30.0,31.0,366.0
,31.0,29.0,31.0,30.0,31.0,30.0,31.0,31.0,30.0,31.0,30.0,31.0,
,31.0,29.0,31.0,30.0,31.0,30.0,31.0,31.0,30.0,31.0,30.0,31.0,
,31.0,29.0,31.0,30.0,31.0,30.0,31.0,31.0,30.0,31.0,30.0,31.0,
,31.0,29.0,31.0,30.0,31.0,30.0,31.0,31.0,30.0,31.0,30.0,31.0,
,31.0,29.0,31.0,30.0,31.0,30.0,31.0,31.0,30.0,31.0,30.0,31.0,
,31.0,29.0,31.0,30.0,31.0,30.0,31.0,31.0,30.0,31.0,30.0,31.0,
,31.0,29.0,31.0,30.0,31.0,30.0,31.0,31.0,30.0,31.0,30.0,31.0,
,31.0,29.0,31.0,30.0,31.0,30.0,31.0,31.0,30.0,31.0,30.0,31.0,
,31.0,29.0,31.0,30.0,31.0,30.0,31.0,31.0,30.0,31.0,30.0,31.0,
,31.0,29.0,31.0,30.0,31.0,30.0,31.0,31.0,30.0,31.0,30.0,31.0,
,31.0,29.0,31.0,30.0,31.0,30.0,31.0,31.0,30.0,31.0,30.0,31.0,
,31.0,28.0,31.0,30.0,31.0,30.0,31.0,31.0,30.0,31.0,30.0,31.0,365.0
,31.0,28.0,31.0,30.0,31.0,30.0,31.0,31.0,30.0,31.0,30.0,31.0,
,31.0,28.0,31.0,30.0,31.0,30.0,31.0,31.0,30.0,31.0,30.0,31.0,
,31.0,28.0,31.0,30.0,31.0,30.0,31.0,31.0,30.0,31.0,30.0,31.0,
,31.0,28.0,31.0,30.0,31.0,30.0,31.0,31.0,30.0,31.0,30.0,31.0,
,31.0,28.0,31.0,30.0,31.0,30.0,31.0,31.0,30.0,31.0,30.0,31.0,
,31.0,28.0,31.0,30.0,31.0,30.0,31.0,31.0,30.0,31.0,30.0,31.0,
,31.0,28.0,31.0,30.0,31.0,30.0,31.0,31.0,30.0,31.0,30.0,31.0,
,31.0,28.0,31.0,30.0,31.0,30.0,31.0,31.0,30.0,31.0,30.0,31.0,
,31.0,28.0,31.0,30.0,31.0,30.0,31.0,31.0,30.0,31.0,30.0,31.0,
,31.0,28.0,31.0,30.0,31.0,30.0,31.0,31.0,30.0,31.0,30.0,31.0,
,31.0,28.0,31.0,30.0,31.0,30.0,31.0,31.0,30.0,31.0,30.0,31.0,
,31.0,28.0,31.0,30.0,31.0,30.0,31.0,31.0,30.0,31.0,30.0,31.0,365.0
,31.0,28.0,31.0,30.0,31.0,30.0,31.0,31.0,30.0,31.0,30.0,31.0,
,31.0,28.0,31.0,30.0,31.0,30.0,31.0,31.0,30.0,31.0,30.0,31.0,
,31.0,28.0,31.0,30.0,31.0,30.0,31.0,31.0,30.0,31.0,30.0,31.0,
,31.0,28.0,31.0,30.0,31.0,30.0,31.0,31.0,30.0,31.0,30.0,31.0,
,31.0,28.0,31.0,30.0,31.0,30.0,31.0,31.0,30.0,31.0,30.0,31.0,
,31.0,28.0,31.0,30.0,31.0,30.0,31.0,31.0,30.0,31.0,30.0,31.0,
,31.0,28.0,31.0,30.0,31.0,30.0,31.0,31.0,30.0,31.0,30.0,31.0,
,31.0,28.0,31.0,30.0,31.0,30.0,31.0,31.0,30.0,31.0,30.0,31.0,
,31.0,28.0,31.0,30.0,31.0,30.0,31.0,31.0,30.0,31.0,30.0,31.0,
,31.0,28.0,31.0,30.0,31.0,30.0,31.0,31.0,30.0,31.0,30.0,31.0,
,31.0,28.0,31.0,30.0,31.0,30.0,31.0,31.0,30.0,31.0,30.0,31.0,
,31.0,28.0,31.0,30.0,31.0,30.0,31.0,31.0,30.0,31.0,30.0,31.0,365.0
,31.0,28.0,31.0,30.0,31.0,30.0,31.0,31.0,30.0,31.0,30.0,31.0,
,31.0,28.0,31.0,30.0,31.0,30.0,31.0,31.0,30.0,31.0,30.0,31.0,
,31.0,28.0,31.0,30.0,31.0,30.0,31.0,31.0,30.0,31.0,30.0,31.0,
,31.0,28.0,31.0,30.0,31.0,30.0,31.0,31.0,30.0,31.0,30.0,31.0,
,31.0,28.0,31.0,30.0,31.0,30.0,31.0,31.0,30.0,31.0,30.0,31.0,
,31.0,28.0,31.0,30.0,31.0,30.0,31.0,31.0,30.0,31.0,30.0,31.0,
,31.0,28.0,31.0,30.0,31.0,30.0,31.0,31.0,30.0,31.0,30.0,31.0,
,31.0,28.0,31.0,30.0,31.0,30.0,31.0,31.0,30.0,31.0,30.0,31.0,
,31.0,28.0,31.0,30.0,31.0,30.0,31.0,31.0,30.0,31.0,30.0,31.0,
,31.0,28.0,31.0,30.0,31.0,30.0,31.0,31.0,30.0,31.0,30.0,31.0,
,31.0,28.0,31.0,30.0,31.0,30.0,31.0,31.0,30.0,31.0,30.0,31.0,
,31.0,29.0,31.0,30.0,31.0,30.0,31.0,31.0,30.0,31.0,30.0,31.0,366.0
,31.0,29.0,31.0,30.0,31.0,30.0,31.0,31.0,30.0,31.0,30.0,31.0,
,31.0,29.0,31.0,30.0,31.0,30.0,31.0,31.0,30.0,31.0,30.0,31.0,
,31.0,29.0,31.0,30.0,31.0,30.0,31.0,31.0,30.0,31.0,30.0,31.0,
,31.0,29.0,31.0,30.0,31.0,30.0,31.0,31.0,30.0,31.0,30.0,31.0,
,31.0,29.0,31.0,30.0,31.0,30.0,31.0,31.0,30.0,31.0,30.0,31.0,
,31.0,29.0,31.0,30.0,31.0,30.0,31.0,31.0,30.0,31.0,30.0,31.0,
,31.0,29.0,31.0,30.0,31.0,30.0,31.0,31.0,30.0,31.0,30.0,31.0,
,31.0,29.0,31.0,30.0,31.0,30.0,31.0,31.0,30.0,31.0,30.0,31.0,
,31.0,29.0,31.0,30.0,31.0,30.0,31.0,31.0,30.0,31.0,30.0,31.0,
,31.0,29.0,31.0,30.0,31.0,30.0,31.0,31.0,30.0,31.0,30.0,31.0,
,31.0,29.0,31.0,30.0,31.0,30.0,31.0,31.0,30.0,31.0,30.0,31.0,
,31.0,28.0,31.0,30.0,31.0,30.0,31.0,31.0,30.0,31.0,30.0,31.0,365.0
,31.0,28.0,31.0,30.0,31.0,30.0,31.0,31.0,30.0,31.0,30.0,31.0,
,31.0,28.0,31.0,30.0,31.0,30.0,31.0,31.0,30.0,31.0,30.0,31.0,
,31.0,28.0,31.0,30.0,31.0,30.0,31.0,31.0,30.0,31.0,30.0,31.0,
,31.0,28.0,31.0,30.0,31.0,30.0,31.0,31.0,30.0,31.0,30.0,31.0,
,31.0,28.0,31.0,30.0,31.0,30.0,31.0,31.0,30.0,31.0,30.0,31.0,
,31.0,28.0,31.0,30.0,31.0,30.0,31.0,31.0,30.0,31.0,30.0,31.0,
,31.0,28.0,31.0,30.0,31.0,30.0,31.0,31.0,30.0,31.0,30.0,31.0,
,31.0,28.0,31.0,30.0,31.0,30.0,31.0,31.0,30.0,31.0,30.0,31.0,
,31.0,28.0,31.0,30.0,31.0,30.0,31.0,31.0,30.0,31.0,30.0,31.0,
,31.0,28.0,31.0,30.0,31.0,30.0,31.0,31.0,30.0,31.0,30.0,31.0,
,31.0,28.0,31.0,30.0,31.0,30.0,31.0,31.0,30.0,31.0,30.0,31.0,
,31.0,28.0,31.0,30.0,31.0,30.0,31.0,31.0,30.0,31.0,30.0,31.0,365.0
,31.0,28.0,31.0,30.0,31.0,30.0,31.0,31.0,30.0,31.0,30.0,31.0,
,31.0,28.0,31.0,30.0,31.0,30.0,31.0,31.0,30.0,31.0,30.0,31.0,
,31.0,28.0,31.0,30.0,31.0,30.0,31.0,31.0,30.0,31.0,30.0,31.0,
,31.0,28.0,31.0,30.0,31.0,30.0,31.0,31.0,30.0,31.0,30.0,31.0,
,31.0,28.0,31.0,30.0,31.0,30.0,31.0,31.0,30.0,31.0,30.0,31.0,
,31.0,28.0,31.0,30.0,31.0,30.0,31.0,31.0,30.0,31.0,30.0,31.0,
,31.0,28.0,31.0,30.0,31.0,30.0,31.0,31.0,30.0,31.0,30.0,31.0,
,31.0,28.0,31.0,30.0,31.0,30.0,31.0,31.0,30.0,31.0,30.0,31.0,
,31.0,28.0,31.0,30.0,31.0,30.0,31.0,31.0,30.0,31.0,30.0,31.0,
,31.0,28.0,31.0,30.0,31.0,30.0,31.0,31.0,30.0,31.0,30.0,31.0,
,31.0,28.0,31.0,30.0,31.0,30.0,31.0,31.0,30.0,31.0,30.0,31.0,
,31.0,28.0,31.0,30.0,31.0,30.0,31.0,31.0,30.0,31.0,30.0,31.0,365.0
,31.0,28.0,31.0,30.0,31.0,30.0,31.0,31.0,30.0,31.0,30.0,31.0,
,31.0,28.0,31.0,30.0,31.0,30.0,31.0,31.0,30.0,31.0,30.0,31.0,
,31.0,28.0,31.0,30.0,31.0,30.0,31.0,31.0,30.0,31.0,30.0,31.0,
,31.0,28.0,31.0,30.0,31.0,30.0,31.0,31.0,30.0,31.0,30.0,31.0,
,31.0,28.0,31.0,30.0,31.0,30.0,31.0,31.0,30.0,31.0,30.0,31.0,
,31.0,28.0,31.0,30.0,31.0,30.0,31.0,31.0,30.0,31.0,30.0,31.0,
,31.0,28.0,31.0,30.0,31.0,30.0,31.0,31.0,30.0,31.0,30.0,31.0,
,31.0,28.0,31.0,30.0,31.0,30.0,31.0,31.0,30.0,31.0,30.0,31.0,
,31.0,28.0,31.0,30.0,31.0,30.0,31.0,31.0,30.0,31.0,30.0,31.0,
,31.0,28.0,31.0,30.0,31.0,30.0,31.0,31.0,30.0,31.0,30.0,31.0,
,31.0,28.0,31.0,30.0,31.0,30.0,31.0,31.0,30.0,31.0,30.0,31.0,
,31.0,29.0,31.0,30.0,31.0,30.0,31.0,31.0,30.0,31.0,30.0,31.0,366.0
,31.0,29.0,31.0,30.0,31.0,30.0,31.0,31.0,30.0,31.0,30.0,31.0,
,31.0,29.0,31.0,30.0,31.0,30.0,31.0,31.0,30.0,31.0,30.0,31.0,
,31.0,29.0,31.0,30.0,31.0,30.0,31.0,31.0,30.0,31.0,30.0,31.0,
,31.0,29.0,31.0,30.0,31.0,30.0,31.0,31.0,30.0,31.0,30.0,31.0,
,31.0,29.0,31.0,30.0,31.0,30.0,31.0,31.0,30.0,31.0,30.0,31.0,
,31.0,29.0,31.0,30.0,31.0,30.0,31.0,31.0,30.0,31.0,30.0,31.0,
,31.0,29.0,31.0,30.0,31.0,30.0,31.0,31.0,30.0,31.0,30.0,31.0,
,31.0,29.0,31.0,30.0,31.0,30.0,31.0,31.0,30.0,31.0,30.0,31.0,
,31.0,29.0,31.0,30.0,31.0,30.0,31.0,31.0,30.0,31.0,30.0,31.0,
,31.0,29.0,31.0,30.0,31.0,30.0,31.0,31.0,30.0,31.0,30.0,31.0,
,31.0,29.0,31.0,30.0,31.0,30.0,31.0,31.0,30.0,31.0,30.0,31.0,
,31.0,28.0,11.0,2.0,3.0,1.0,3.0,11.0,2.0,8.0,5.0,0.0,105.0
,31.0,28.0,11.0,2.0,3.0,1.0,3.0,11.0,2.0,8.0,5.0,0.0,
,31.0,28.0,11.0,2.0,3.0,1.0,3.0,11.0,2.0,8.0,5.0,0.0,
,31.0,28.0,11.0,2.0,3.0,1.0,3.0,11.0,2.0,8.0,5.0,0.0,
,31.0,28.0,11.0,2.0,3.0,1.0,3.0,11.0,2.0,8.0,5.0,0.0,
,31.0,28.0,11.0,2.0,3.0,1.0,3.0,11.0,2.0,8.0,5.0,0.0,
,31.0,28.0,11.0,2.0,3.0,1.0,3.0,11.0,2.0,8.0,5.0,0.0,
,31.0,28.0,11.0,2.0,3.0,1.0,3.0,11.0,2.0,8.0,5.0,0.0,
,31.0,28.0,11.0,2.0,3.0,1.0,3.0,11.0,2.0,8.0,5.0,0.0,
,31.0,28.0,11.0,2.0,3.0,1.0,3.0,11.0,2.0,8.0,5.0,0.0,
,31.0,28.0,11.0,2.0,3.0,1.0,3.0,11.0,2.0,8.0,5.0,0.0,
,31.0,28.0,11.0,2.0,3.0,1.0,3.0,11.0,2.0,8.0,5.0,0.0,
,7.0,12.0,12.0,8.0,11.0,9.0,8.0,9.0,6.0,10.0,11.0,12.0,115.0
,7.0,12.0,12.0,8.0,11.0,9.0,8.0,9.0,6.0,10.0,11.0,12.0,
,7.0,12.0,12.0,8.0,11.0,9.0,8.0,9.0,6.0,10.0,11.0,12.0,
,7.0,12.0,12.0,8.0,11.0,9.0,8.0,9.0,6.0,10.0,11.0,12.0,
,7.0,12.0,12.0,8.0,11.0,9.0,8.0,9.0,6.0,10.0,11.0,12.0,
,7.0,12.0,12.0,8.0,11.0,9.0,8.0,9.0,6.0,10.0,11.0,12.0,
,7.0,12.0,12.0,8.0,11.0,9.0,8.0,9.0,6.0,10.0,11.0,12.0,
,7.0,12.0,12.0,8.0,11.0,9.0,8.0,9.0,6.0,10.0,11.0,12.0,
,7.0,12.0,12.0,8.0,11.0,9.0,8.0,9.0,6.0,10.0,11.0,12.0,
,7.0,12.0,12.0,8.0,11.0,9.0,8.0,9.0,6.0,10.0,11.0,12.0,
,7.0,12.0,12.0,8.0,11.0,9.0,8.0,9.0,6.0,10.0,11.0,12.0,
,7.0,12.0,12.0,8.0,11.0,9.0,8.0,9.0,6.0,10.0,11.0,12.0,
,15.0,20.0,27.0,17.0,5.0,1.0,3.0,5.0,5.0,5.0,9.0,6.0,118.0
,15.0,20.0,27.0,17.0,5.0,1.0,3.0,5.0,5.0,5.0,9.0,6.0,
,15.0,20.0,27.0,17.0,5.0,1.0,3.0,5.0,5.0,5.0,9.0,6.0,
,15.0,20.0,27.0,17.0,5.0,1.0,3.0,5.0,5.0,5.0,9.0,6.0,
,15.0,20.0,27.0,17.0,5.0,1.0,3.0,5.0,5.0,5.0,9.0,6.0,
,15.0,20.0,27.0,17.0,5.0,1.0,3.0,5.0,5.0,5.0,9.0,6.0,
,15.0,20.0,27.0,17.0,5.0,1.0,3.0,5.0,5.0,5.0,9.0,6.0,
,15.0,20.0,27.0,17.0,5.0,1.0,3.0,5.0,5.0,5.0,9.0,6.0,
,15.0,20.0,27.0,17.0,5.0,1.0,3.0,5.0,5.0,5.0,9.0,6.0,
,15.0,20.0,27.0,17.0,5.0,1.0,3.0,5.0,5.0,5.0,9.0,6.0,
,15.0,20.0,27.0,17.0,5.0,1.0,3.0,5.0,5.0,5.0,9.0,6.0,
,15.0,20.0,27.0,17.0,5.0,1.0,3.0,5.0,5.0,5.0,9.0,6.0,
,9.0,9.0,11.0,20.0,18.0,14.0,11.0,11.0,9.0,13.0,17.0,13.0,155.0
,9.0,9.0,11.0,20.0,18.0,14.0,11.0,11.0,9.0,13.0,17.0,13.0,
,9.0,9.0,11.0,20.0,18.0,14.0,11.0,11.0,9.0,13.0,17.0,13.0,
,9.0,9.0,11.0,20.0,18.0,14.0,11.0,11.0,9.0,13.0,17.0,13.0,
,9.0,9.0,11.0,20.0,18.0,14.0,11.0,11.0,9.0,13.0,17.0,13.0,
,9.0,9.0,11.0,20.0,18.0,14.0,11.0,11.0,9.0,13.0,17.0,13.0,
,9.0,9.0,11.0,20.0,18.0,14.0,11.0,11.0,9.0,13.0,17.0,13.0,
,9.0,9.0,11.0,20.0,18.0,14.0,11.0,11.0,9.0,13.0,17.0,13.0,
,9.0,9.0,11.0,20.0,18.0,14.0,11.0,11.0,9.0,13.0,17.0,13.0,
,9.0,9.0,11.0,20.0,18.0,14.0,11.0,11.0,9.0,13.0,17.0,13.0,
,9.0,9.0,11.0,20.0,18.0,14.0,11.0,11.0,9.0,13.0,17.0,13.0,
,9.0,9.0,11.0,20.0,18.0,14.0,11.0,11.0,9.0,13.0,17.0,13.0,
,3.0,8.0,10.0,14.0,5.0,3.0,8.0,17.0,5.0,8.0,7.0,8.0,96.0
,3.0,8.0,10.0,14.0,5.0,3.0,8.0,17.0,5.0,8.0,7.0,8.0,
,3.0,8.0,10.0,14.0,5.0,3.0,8.0,17.0,5.0,8.0,7.0,8.0,
,3.0,8.0,10.0,14.0,5.0,3.0,8.0,17.0,5.0,8.0,7.0,8.0,
,3.0,8.0,10.0,14.0,5.0,3.0,8.0,17.0,5.0,8.0,7.0,8.0,
,3.0,8.0,10.0,14.0,5.0,3.0,8.0,17.0,5.0,8.0,7.0,8.0,
,3.0,8.0,10.0,14.0,5.0,3.0,8.0,17.0,5.0,8.0,7.0,8.0,
,3.0,8.0,10.0,14.0,5.0,3.0,8.0,17.0,5.0,8.0,7.0,8.0,
,3.0,8.0,10.0,14.0,5.0,3.0,8.0,17.0,5.0,8.0,7.0,8.0,
,3.0,8.0,10.0,14.0,5.0,3.0,8.0,17.0,5.0,8.0,7.0,8.0,
,3.0,8.0,10.0,14.0,5.0,3.0,8.0,17.0,5.0,8.0,7.0,8.0,
,3.0,8.0,10.0,14.0,5.0,3.0,8.0,17.0,5.0,8.0,7.0,8.0,
,10.0,9.0,17.0,14.0,11.0,8.0,10.0,8.0,12.0,10.0,9.0,3.0,121.0
,10.0,9.0,17.0,14.0,11.0,8.0,10.0,8.0,12.0,10.0,9.0,3.0,
,10.0,9.0,17.0,14.0,11.0,8.0,10.0,8.0,12.0,10.0,9.0,3.0,
,10.0,9.0,17.0,14.0,11.0,8.0,10.0,8.0,12.0,10.0,9.0,3.0,
,10.0,9.0,17.0,14.0,11.0,8.0,10.0,8.0,12.0,10.0,9.0,3.0,
,10.0,9.0,17.0,14.0,11.0,8.0,10.0,8.0,12.0,10.0,9.0,3.0,
,10.0,9.0,17.0,14.0,11.0,8.0,10.0,8.0,12.0,10.0,9.0,3.0,
,10.0,9.0,17.0,14.0,11.0,8.0,10.0,8.0,12.0,10.0,9.0,3.0,
,10.0,9.0,17.0,14.0,11.0,8.0,10.0,8.0,12.0,10.0,9.0,3.0,
,10.0,9.0,17.0,14.0,11.0,8.0,10.0,8.0,12.0,10.0,9.0,3.0,
,10.0,9.0,17.0,14.0,11.0,8.0,10.0,8.0,12.0,10.0,9.0,3.0,
,10.0,9.0,17.0,14.0,11.0,8.0,10.0,8.0,12.0,10.0,9.0,3.0,
,17.0,6.0,13.0,10.0,9.0,3.0,7.0,2.0,7.0,7.0,5.0,7.0,93.0
,17.0,6.0,13.0,10.0,9.0,3.0,7.0,2.0,7.0,7.0,5.0,7.0,
,17.0,6.0,13.0,10.0,9.0,3.0,7.0,2.0,7.0,7.0,5.0,7.0,
,17.0,6.0,13.0,10.0,9.0,3.0,7.0,2.0,7.0,7.0,5.0,7.0,
,17.0,6.0,13.0,10.0,9.0,3.0,7.0,2.0,7.0,7.0,5.0,7.0,
,17.0,6.0,13.0,10.0,9.0,3.0,7.0,2.0,7.0,7.0,5.0,7.0,
,17.0,6.0,13.0,10.0,9.0,3.0,7.0,2.0,7.0,7.0,5.0,7.0,
,17.0,6.0,13.0,10.0,9.0,3.0,7.0,2.0,7.0,7.0,5.0,7.0,
,17.0,6.0,13.0,10.0,9.0,3.0,7.0,2.0,7.0,7.0,5.0,7.0,
,17.0,6.0,13.0,10.0,9.0,3.0,7.0,2.0,7.0,7.0,5.0,7.0,
,17.0,6.0,13.0,10.0,9.0,3.0,7.0,2.0,7.0,7.0,5.0,7.0,
,17.0,6.0,13.0,10.0,9.0,3.0,7.0,2.0,7.0,7.0,5.0,7.0,
,5.0,3.0,15.0,9.0,1.0,3.0,4.0,4.0,3.0,8.0,4.0,10.0,69.0
,5.0,3.0,15.0,9.0,1.0,3.0,4.0,4.0,3.0,8.0,4.0,10.0,
,5.0,3.0,15.0,9.0,1.0,3.0,4.0,4.0,3.0,8.0,4.0,10.0,
,5.0,3.0,15.0,9.0,1.0,3.0,4.0,4.0,3.0,8.0,4.0,10.0,
,5.0,3.0,15.0,9.0,1.0,3.0,4.0,4.0,3.0,8.0,4.0,10.0,
,5.0,3.0,15.0,9.0,1.0,3.0,4.0,4.0,3.0,8.0,4.0,10.0,
,5.0,3.0,15.0,9.0,1.0,3.0,4.0,4.0,3.0,8.0,4.0,10.0,
,5.0,3.0,15.0,9.0,1.0,3.0,4.0,4.0,3.0,8.0,4.0,10.0,
,5.0,3.0,15.0,9.0,1.0,3.0,4.0,4.0,3.0,8.0,4.0,10.0,
,5.0,3.0,15.0,9.0,1.0,3.0,4.0,4.0,3.0,8.0,4.0,10.0,
,5.0,3.0,15.0,9.0,1.0,3.0,4.0,4.0,3.0,8.0,4.0,10.0,
,5.0,3.0,15.0,9.0,1.0,3.0,4.0,4.0,3.0,8.0,4.0,10.0,
,6.0,7.0,7.0,11.0,8.0,5.0,3.0,5.0,5.0,8.0,0.0,1.0,66.0
,6.0,7.0,7.0,11.0,8.0,5.0,3.0,5.0,5.0,8.0,0.0,1.0,
,6.0,7.0,7.0,11.0,8.0,5.0,3.0,5.0,5.0,8.0,0.0,1.0,
,6.0,7.0,7.0,11.0,8.0,5.0,3.0,5.0,5.0,8.0,0.0,1.0,
,6.0,7.0,7.0,11.0,8.0,5.0,3.0,5.0,5.0,8.0,0.0,1.0,
,6.0,7.0,7.0,11.0,8.0,5.0,3.0,5.0,5.0,8.0,0.0,1.0,
,6.0,7.0,7.0,11.0,8.0,5.0,3.0,5.0,5.0,8.0,0.0,1.0,
,6.0,7.0,7.0,11.0,8.0,5.0,3.0,5.0,5.0,8.0,0.0,1.0,
,6.0,7.0,7.0,11.0,8.0,5.0,3.0,5.0,5.0,8.0,0.0,1.0,
,6.0,7.0,7.0,11.0,8.0,5.0,3.0,5.0,5.0,8.0,0.0,1.0,
,6.0,7.0,7.0,11.0,8.0,5.0,3.0,5.0,5.0,8.0,0.0,1.0,
,6.0,7.0,7.0,11.0,8.0,5.0,3.0,5.0,5.0,8.0,0.0,1.0,
,0.0,1.0,3.0,5.0,5.0,4.0,7.0,2.0,0.0,6.0,1.0,1.0,35.0
,0.0,1.0,3.0,5.0,5.0,4.0,7.0,2.0,0.0,6.0,1.0,1.0,
,0.0,1.0,3.0,5.0,5.0,4.0,7.0,2.0,0.0,6.0,1.0,1.0,
,0.0,1.0,3.0,5.0,5.0,4.0,7.0,2.0,0.0,6.0,1.0,1.0,
,0.0,1.0,3.0,5.0,5.0,4.0,7.0,2.0,0.0,6.0,1.0,1.0,
,0.0,1.0,3.0,5.0,5.0,4.0,7.0,2.0,0.0,6.0,1.0,1.0,
,0.0,1.0,3.0,5.0,5.0,4.0,7.0,2.0,0.0,6.0,1.0,1.0,
,0.0,1.0,3.0,5.0,5.0,4.0,7.0,2.0,0.0,6.0,1.0,1.0,
,0.0,1.0,3.0,5.0,5.0,4.0,7.0,2.0,0.0,6.0,1.0,1.0,
,0.0,1.0,3.0,5.0,5.0,4.0,7.0,2.0,0.0,6.0,1.0,1.0,
,0.0,1.0,3.0,5.0,5.0,4.0,7.0,2.0,0.0,6.0,1.0,1.0,
,0.0,1.0,3.0,5.0,5.0,4.0,7.0,2.0,0.0,6.0,1.0,1.0,
,7.0,3.0,1.0,11.0,5.0,9.0,14.0,6.0,3.0,5.0,5.0,1.0,70.0
,7.0,3.0,1.0,11.0,5.0,9.0,14.0,6.0,3.0,5.0,5.0,1.0,
,7.0,3.0,1.0,11.0,5.0,9.0,14.0,6.0,3.0,5.0,5.0,1.0,
,7.0,3.0,1.0,11.0,5.0,9.0,14.0,6.0,3.0,5.0,5.0,1.0,
,7.0,3.0,1.0,11.0,5.0,9.0,14.0,6.0,3.0,5.0,5.0,1.0,
,7.0,3.0,1.0,11.0,5.0,9.0,14.0,6.0,3.0,5.0,5.0,1.0,
,7.0,3.0,1.0,11.0,5.0,9.0,14.0,6.0,3.0,5.0,5.0,1.0,
,7.0,3.0,1.0,11.0,5.0,9.0,14.0,6.0,3.0,5.0,5.0,1.0,
,7.0,3.0,1.0,11.0,5.0,9.0,14.0,6.0,3.0,5.0,5.0,1.0,
,7.0,3.0,1.0,11.0,5.0,9.0,14.0,6.0,3.0,5.0,5.0,1.0,
,7.0,3.0,1.0,11.0,5.0,9.0,14.0,6.0,3.0,5.0,5.0,1.0,
,7.0,3.0,1.0,11.0,5.0,9.0,14.0,6.0,3.0,5.0,5.0,1.0,
,1.0,2.0,0.0,0.0,8.0,9.0,2.0,3.0,8.0,1.0,2.0,2.0,38.0
,1.0,2.0,0.0,0.0,8.0,9.0,2.0,3.0,8.0,1.0,2.0,2.0,
,1.0,2.0,0.0,0.0,8.0,9.0,2.0,3.0,8.0,1.0,2.0,2.0,
,1.0,2.0,0.0,0.0,8.0,9.0,2.0,3.0,8.0,1.0,2.0,2.0,
,1.0,2.0,0.0,0.0,8.0,9.0,2.0,3.0,8.0,1.0,2.0,2.0,
,1.0,2.0,0.0,0.0,8.0,9.0,2.0,3.0,8.0,1.0,2.0,2.0,
,1.0,2.0,0.0,0.0,8.0,9.0,2.0,3.0,8.0,1.0,2.0,2.0,
,1.0,2.0,0.0,0.0,8.0,9.0,2.0,3.0,8.0,1.0,2.0,2.0,
,1.0,2.0,0.0,0.0,8.0,9.0,2.0,3.0,8.0,1.0,2.0,2.0,
,1.0,2.0,0.0,0.0,8.0,9.0,2.0,3.0,8.0,1.0,2.0,2.0,
,1.0,2.0,0.0,0.0,8.0,9.0,2.0,3.0,8.0,1.0,2.0,2.0,
,1.0,2.0,0.0,0.0,8.0,9.0,2.0,3.0,8.0,1.0,2.0,2.0,
,0.0,4.0,2.0,3.0,5.0,1.0,3.0,13.0,29.0,24.0,3.0,5.0,92.0
,0.0,4.0,2.0,3.0,5.0,1.0,3.0,13.0,29.0,24.0,3.0,5.0,
,0.0,4.0,2.0,3.0,5.0,1.0,3.0,13.0,29.0,24.0,3.0,5.0,
,0.0,4.0,2.0,3.0,5.0,1.0,3.0,13.0,29.0,24.0,3.0,5.0,
,0.0,4.0,2.0,3.0,5.0,1.0,3.0,13.0,29.0,24.0,3.0,5.0,
,0.0,4.0,2.0,3.0,5.0,1.0,3.0,13.0,29.0,24.0,3.0,5.0,
,0.0,4.0,2.0,3.0,5.0,1.0,3.0,13.0,29.0,24.0,3.0,5.0,
,0.0,4.0,2.0,3.0,5.0,1.0,3.0,13.0,29.0,24.0,3.0,5.0,
,0.0,4.0,2.0,3.0,5.0,1.0,3.0,13.0,29.0,24.0,3.0,5.0,
,0.0,4.0,2.0,3.0,5.0,1.0,3.0,13.0,29.0,24.0,3.0,5.0,
,0.0,4.0,2.0,3.0,5.0,1.0,3.0,13.0,29.0,24.0,3.0,5.0,
,0.0,4.0,2.0,3.0,5.0,1.0,3.0,13.0,29.0,24.0,3.0,5.0,
,5.0,0.0,4.0,1.0,3.0,1.0,31.0,5.0,2.0,7.0,5.0,4.0,68.0
,5.0,0.0,4.0,1.0,3.0,1.0,31.0,5.0,2.0,7.0,5.0,4.0,
,5.0,0.0,4.0,1.0,3.0,1.0,31.0,5.0,2.0,7.0,5.0,4.0,
,5.0,0.0,4.0,1.0,3.0,1.0,31.0,5.0,2.0,7.0,5.0,4.0,
,5.0,0.0,4.0,1.0,3.0,1.0,31.0,5.0,2.0,7.0,5.0,4.0,
,5.0,0.0,4.0,1.0,3.0,1.0,31.0,5.0,2.0,7.0,5.0,4.0,
,5.0,0.0,4.0,1.0,3.0,1.0,31.0,5.0,2.0,7.0,5.0,4.0,
,5.0,0.0,4.0,1.0,3.0,1.0,31.0,5.0,2.0,7.0,5.0,4.0,
,5.0,0.0,4.0,1.0,3.0,1.0,31.0,5.0,2.0,7.0,5.0,4.0,
,5.0,0.0,4.0,1.0,3.0,1.0,31.0,5.0,2.0,7.0,5.0,4.0,
,5.0,0.0,4.0,1.0,3.0,1.0,31.0,5.0,2.0,7.0,5.0,4.0,
,5.0,0.0,4.0,1.0,3.0,1.0,31.0,5.0,2.0,7.0,5.0,4.0,
,31.0,7.0,3.0,1.0,19.0,0.0,4.0,6.0,6.0,9.0,3.0,1.0,90.0
,31.0,7.0,3.0,1.0,19.0,0.0,4.0,6.0,6.0,9.0,3.0,1.0,
,31.0,7.0,3.0,1.0,19.0,0.0,4.0,6.0,6.0,9.0,3.0,1.0,
,31.0,7.0,3.0,1.0,19.0,0.0,4.0,6.0,6.0,9.0,3.0,1.0,
,31.0,7.0,3.0,1.0,19.0,0.0,4.0,6.0,6.0,9.0,3.0,1.0,
,31.0,7.0,3.0,1.0,19.0,0.0,4.0,6.0,6.0,9.0,3.0,1.0,
,31.0,7.0,3.0,1.0,19.0,0.0,4.0,6.0,6.0,9.0,3.0,1.0,
,31.0,7.0,3.0,1.0,19.0,0.0,4.0,6.0,6.0,9.0,3.0,1.0,
,31.0,7.0,3.0,1.0,19.0,0.0,4.0,6.0,6.0,9.0,3.0,1.0,
,31.0,7.0,3.0,1.0,19.0,0.0,4.0,6.0,6.0,9.0,3.0,1.0,
,31.0,7.0,3.0,1.0,19.0,0.0,4.0,6.0,6.0,9.0,3.0,1.0,
,31.0,7.0,3.0,1.0,19.0,0.0,4.0,6.0,6.0,9.0,3.0,1.0,
,0.0,2.0,2.0,2.0,24.0,4.0,0.0,1.0,3.0,1.0,1.0,1.0,41.0
,0.0,2.0,2.0,2.0,24.0,4.0,0.0,1.0,3.0,1.0,1.0,1.0,
,0.0,2.0,2.0,2.0,24.0,4.0,0.0,1.0,3.0,1.0,1.0,1.0,
,0.0,2.0,2.0,2.0,24.0,4.0,0.0,1.0,3.0,1.0,1.0,1.0,
,0.0,2.0,2.0,2.0,24.0,4.0,0.0,1.0,3.0,1.0,1.0,1.0,
,0.0,2.0,2.0,2.0,24.0,4.0,0.0,1.0,3.0,1.0,1.0,1.0,
,0.0,2.0,2.0,2.0,24.0,4.0,0.0,1.0,3.0,1.0,1.0,1.0,
,0.0,2.0,2.0,2.0,24.0,4.0,0.0,1.0,3.0,1.0,1.0,1.0,
,0.0,2.0,2.0,2.0,24.0,4.0,0.0,1.0,3.0,1.0,1.0,1.0,
,0.0,2.0,2.0,2.0,24.0,4.0,0.0,1.0,3.0,1.0,1.0,1.0,
,0.0,2.0,2.0,2.0,24.0,4.0,0.0,1.0,3.0,1.0,1.0,1.0,
,0.0,2.0,2.0,2.0,24.0,4.0,0.0,1.0,3.0,1.0,1.0,1.0,
,5.0,5.0,7.0,1.0,2.0,2.0,4.0,8.0,8.0,3.0,2.0,3.0,50.0
,5.0,5.0,7.0,1.0,2.0,2.0,4.0,8.0,8.0,3.0,2.0,3.0,
,5.0,5.0,7.0,1.0,2.0,2.0,4.0,8.0,8.0,3.0,2.0,3.0,
,5.0,5.0,7.0,1.0,2.0,2.0,4.0,8.0,8.0,3.0,2.0,3.0,
,5.0,5.0,7.0,1.0,2.0,2.0,4.0,8.0,8.0,3.0,2.0,3.0,
,5.0,5.0,7.0,1.0,2.0,2.0,4.0,8.0,8.0,3.0,2.0,3.0,
,5.0,5.0,7.0,1.0,2.0,2.0,4.0,8.0,8.0,3.0,2.0,3.0,
,5.0,5.0,7.0,1.0,2.0,2.0,4.0,8.0,8.0,3.0,2.0,3.0,
,5.0,5.0,7.0,1.0,2.0,2.0,4.0,8.0,8.0,3.0,2.0,3.0,
,5.0,5.0,7.0,1.0,2.0,2.0,4.0,8.0,8.0,3.0,2.0,3.0,
,5.0,5.0,7.0,1.0,2.0,2.0,4.0,8.0,8.0,3.0,2.0,3.0,
,5.0,5.0,7.0,1.0,2.0,2.0,4.0,8.0,8.0,3.0,2.0,3.0,
,6.0,6.0,3.0,4.0,10.0,3.0,3.0,0.0,2.0,1.0,1.0,4.0,43.0
,6.0,6.0,3.0,4.0,10.0,3.0,3.0,0.0,2.0,1.0,1.0,4.0,
,6.0,6.0,3.0,4.0,10.0,3.0,3.0,0.0,2.0,1.0,1.0,4.0,
,6.0,6.0,3.0,4.0,10.0,3.0,3.0,0.0,2.0,1.0,1.0,4.0,
,6.0,6.0,3.0,4.0,10.0,3.0,3.0,0.0,2.0,1.0,1.0,4.0,
,6.0,6.0,3.0,4.0,10.0,3.0,3.0,0.0,2.0,1.0,1.0,4.0,
,6.0,6.0,3.0,4.0,10.0,3.0,3.0,0.0,2.0,1.0,1.0,4.0,
,6.0,6.0,3.0,4.0,10.0,3.0,3.0,0.0,2.0,1.0,1.0,4.0,
,6.0,6.0,3.0,4.0,10.0,3.0,3.0,0.0,2.0,1.0,1.0,4.0,
,6.0,6.0,3.0,4.0,10.0,3.0,3.0,0.0,2.0,1.0,1.0,4.0,
,6.0,6.0,3.0,4.0,10.0,3.0,3.0,0.0,2.0,1.0,1.0,4.0,
,6.0,6.0,3.0,4.0,10.0,3.0,3.0,0.0,2.0,1.0,1.0,4.0,
,0.0,1.0,2.0,0.0,0.0,0.0,0.0,1.0,5.0,4.0,1.0,0.0,14.0
,0.0,1.0,2.0,0.0,0.0,0.0,0.0,1.0,5.0,4.0,1.0,0.0,
,0.0,1.0,2.0,0.0,0.0,0.0,0.0,1.0,5.0,4.0,1.0,0.0,
,0.0,1.0,2.0,0.0,0.0,0.0,0.0,1.0,5.0,4.0,1.0,0.0,
,0.0,1.0,2.0,0.0,0.0,0.0,0.0,1.0,5.0,4.0,1.0,0.0,
,0.0,1.0,2.0,0.0,0.0,0.0,0.0,1.0,5.0,4.0,1.0,0.0,
,0.0,1.0,2.0,0.0,0.0,0.0,0.0,1.0,5.0,4.0,1.0,0.0,
,0.0,1.0,2.0,0.0,0.0,0.0,0.0,1.0,5.0,4.0,1.0,0.0,
,0.0,1.0,2.0,0.0,0.0,0.0,0.0,1.0,5.0,4.0,1.0,0.0,
,0.0,1.0,2.0,0.0,0.0,0.0,0.0,1.0,5.0,4.0,1.0,0.0,
,0.0,1.0,2.0,0.0,0.0,0.0,0.0,1.0,5.0,4.0,1.0,0.0,
,0.0,1.0,2.0,0.0,0.0,0.0,0.0,1.0,5.0,4.0,1.0,0.0,
,0.0,2.0,2.0,7.0,4.0,0.0,0.0,1.0,1.0,7.0,2.0,0.0,26.0
,0.0,2.0,2.0,7.0,4.0,0.0,0.0,1.0,1.0,7.0,2.0,0.0,
,0.0,2.0,2.0,7.0,4.0,0.0,0.0,1.0,1.0,7.0,2.0,0.0,
,0.0,2.0,2.0,7.0,4.0,0.0,0.0,1.0,1.0,7.0,2.0,0.0,
,0.0,2.0,2.0,7.0,4.0,0.0,0.0,1.0,1.0,7.0,2.0,0.0,
,0.0,2.0,2.0,7.0,4.0,0.0,0.0,1.0,1.0,7.0,2.0,0.0,
,0.0,2.0,2.0,7.0,4.0,0.0,0.0,1.0,1.0,7.0,2.0,0.0,
,0.0,2.0,2.0,7.0,4.0,0.0,0.0,1.0,1.0,7.0,2.0,0.0,
,0.0,2.0,2.0,7.0,4.0,0.0,0.0,1.0,1.0,7.0,2.0,0.0,
,0.0,2.0,2.0,7.0,4.0,0.0,0.0,1.0,1.0,7.0,2.0,0.0,
,0.0,2.0,2.0,7.0,4.0,0.0,0.0,1.0,1.0,7.0,2.0,0.0,
,0.0,2.0,2.0,7.0,4.0,0.0,0.0,1.0,1.0,7.0,2.0,0.0,
,0.0,1.0,0.0,0.0,1.0,1.0,2.0,0.0,0.0,0.0,0.0,1.0,6.0
,0.0,1.0,0.0,0.0,1.0,1.0,2.0,0.0,0.0,0.0,0.0,1.0,
,0.0,1.0,0.0,0.0,1.0,1.0,2.0,0.0,0.0,0.0,0.0,1.0,
,0.0,1.0,0.0,0.0,1.0,1.0,2.0,0.0,0.0,0.0,0.0,1.0,
,0.0,1.0,0.0,0.0,1.0,1.0,2.0,0.0,0.0,0.0,0.0,1.0,
,0.0,1.0,0.0,0.0,1.0,1.0,2.0,0.0,0.0,0.0,0.0,1.0,
,0.0,1.0,0.0,0.0,1.0,1.0,2.0,0.0,0.0,0.0,0.0,1.0,
,0.0,1.0,0.0,0.0,1.0,1.0,2.0,0.0,0.0,0.0,0.0,1.0,
,0.0,1.0,0.0,0.0,1.0,1.0,2.0,0.0,0.0,0.0,0.0,1.0,
,0.0,1.0,0.0,0.0,1.0,1.0,2.0,0.0,0.0,0.0,0.0,1.0,
,0.0,1.0,0.0,0.0,1.0,1.0,2.0,0.0,0.0,0.0,0.0,1.0,
,0.0,1.0,0.0,0.0,1.0,1.0,2.0,0.0,0.0,0.0,0.0,1.0,
,2.0,0.0,0.0,1.0,2.0,30.0,2.0,2.0,1.0,3.0,30.0,31.0,104.0
,2.0,0.0,0.0,1.0,2.0,30.0,2.0,2.0,1.0,3.0,30.0,31.0,
,2.0,0.0,0.0,1.0,2.0,30.0,2.0,2.0,1.0,3.0,30.0,31.0,
,2.0,0.0,0.0,1.0,2.0,30.0,2.0,2.0,1.0,3.0,30.0,31.0,
,2.0,0.0,0.0,1.0,2.0,30.0,2.0,2.0,1.0,3.0,30.0,31.0,
,2.0,0.0,0.0,1.0,2.0,30.0,2.0,2.0,1.0,3.0,30.0,31.0,
,2.0,0.0,0.0,1.0,2.0,30.0,2.0,2.0,1.0,3.0,30.0,31.0,
,2.0,0.0,0.0,1.0,2.0,30.0,2.0,2.0,1.0,3.0,30.0,31.0,
,2.0,0.0,0.0,1.0,2.0,30.0,2.0,2.0,1.0,3.0,30.0,31.0,
,2.0,0.0,0.0,1.0,2.0,30.0,2.0,2.0,1.0,3.0,30.0,31.0,
,2.0,0.0,0.0,1.0,2.0,30.0,2.0,2.0,1.0,3.0,30.0,31.0,
,2.0,0.0,0.0,1.0,2.0,30.0,2.0,2.0,1.0,3.0,30.0,31.0,
,3.0,0.0,0.0,0.0,2.0,0.0,0.0,0.0,4.0,4.0,2.0,0.0,15.0
,3.0,0.0,0.0,0.0,2.0,0.0,0.0,0.0,4.0,4.0,2.0,0.0,
,3.0,0.0,0.0,0.0,2.0,0.0,0.0,0.0,4.0,4.0,2.0,0.0,
,3.0,0.0,0.0,0.0,2.0,0.0,0.0,0.0,4.0,4.0,2.0,0.0,
,3.0,0.0,0.0,0.0,2.0,0.0,0.0,0.0,4.0,4.0,2.0,0.0,
,3.0,0.0,0.0,0.0,2.0,0.0,0.0,0.0,4.0,4.0,2.0,0.0,
,3.0,0.0,0.0,0.0,2.0,0.0,0.0,0.0,4.0,4.0,2.0,0.0,
,3.0,0.0,0.0,0.0,2.0,0.0,0.0,0.0,4.0,4.0,2.0,0.0,
,3.0,0.0,0.0,0.0,2.0,0.0,0.0,0.0,4.0,4.0,2.0,0.0,
,3.0,0.0,0.0,0.0,2.0,0.0,0.0,0.0,4.0,4.0,2.0,0.0,
,3.0,0.0,0.0,0.0,2.0,0.0,0.0,0.0,4.0,4.0,2.0,0.0,
,3.0,0.0,0.0,0.0,2.0,0.0,0.0,0.0,4.0,4.0,2.0,0.0,
,1.0,4.0,0.0,0.0,6.0,3.0,1.0,1.0,5.0,2.0,1.0,2.0,26.0
,1.0,4.0,0.0,0.0,6.0,3.0,1.0,1.0,5.0,2.0,1.0,2.0,
,1.0,4.0,0.0,0.0,6.0,3.0,1.0,1.0,5.0,2.0,1.0,2.0,
,1.0,4.0,0.0,0.0,6.0,3.0,1.0,1.0,5.0,2.0,1.0,2.0,
,1.0,4.0,0.0,0.0,6.0,3.0,1.0,1.0,5.0,2.0,1.0,2.0,
,1.0,4.0,0.0,0.0,6.0,3.0,1.0,1.0,5.0,2.0,1.0,2.0,
,1.0,4.0,0.0,0.0,6.0,3.0,1.0,1.0,5.0,2.0,1.0,2.0,
,1.0,4.0,0.0,0.0,6.0,3.0,1.0,1.0,5.0,2.0,1.0,2.0,
,1.0,4.0,0.0,0.0,6.0,3.0,1.0,1.0,5.0,2.0,1.0,2.0,
,1.0,4.0,0.0,0.0,6.0,3.0,1.0,1.0,5.0,2.0,1.0,2.0,
,1.0,4.0,0.0,0.0,6.0,3.0,1.0,1.0,5.0,2.0,1.0,2.0,
,1.0,4.0,0.0,0.0,6.0,3.0,1.0,1.0,5.0,2.0,1.0,2.0,
,1.0,2.0,0.0,2.0,1.0,10.0,0.0,2.0,6.0,3.0,0.0,1.0,28.0
,1.0,2.0,0.0,2.0,1.0,10.0,0.0,2.0,6.0,3.0,0.0,1.0,
,1.0,2.0,0.0,2.0,1.0,10.0,0.0,2.0,6.0,3.0,0.0,1.0,
,1.0,2.0,0.0,2.0,1.0,10.0,0.0,2.0,6.0,3.0,0.0,1.0,
,1.0,2.0,0.0,2.0,1.0,10.0,0.0,2.0,6.0,3.0,0.0,1.0,
,1.0,2.0,0.0,2.0,1.0,10.0,0.0,2.0,6.0,3.0,0.0,1.0,
,1.0,2.0,0.0,2.0,1.0,10.0,0.0,2.0,6.0,3.0,0.0,1.0,
,1.0,2.0,0.0,2.0,1.0,10.0,0.0,2.0,6.0,3.0,0.0,1.0,
,1.0,2.0,0.0,2.0,1.0,10.0,0.0,2.0,6.0,3.0,0.0,1.0,
,1.0,2.0,0.0,2.0,1.0,10.0,0.0,2.0,6.0,3.0,0.0,1.0,
,1.0,2.0,0.0,2.0,1.0,10.0,0.0,2.0,6.0,3.0,0.0,1.0,
,1.0,2.0,0.0,2.0,1.0,10.0,0.0,2.0,6.0,3.0,0.0,1.0,
,0.0,0.0,0.0,0.0,0.0,0.0,0.0,0.0,0.0,0.0,2.0,0.0,2.0
,0.0,0.0,0.0,0.0,0.0,0.0,0.0,0.0,0.0,0.0,2.0,0.0,
,0.0,0.0,0.0,0.0,0.0,0.0,0.0,0.0,0.0,0.0,2.0,0.0,
,0.0,0.0,0.0,0.0,0.0,0.0,0.0,0.0,0.0,0.0,2.0,0.0,
,0.0,0.0,0.0,0.0,0.0,0.0,0.0,0.0,0.0,0.0,2.0,0.0,
,0.0,0.0,0.0,0.0,0.0,0.0,0.0,0.0,0.0,0.0,2.0,0.0,
,0.0,0.0,0.0,0.0,0.0,0.0,0.0,0.0,0.0,0.0,2.0,0.0,
,0.0,0.0,0.0,0.0,0.0,0.0,0.0,0.0,0.0,0.0,2.0,0.0,
,0.0,0.0,0.0,0.0,0.0,0.0,0.0,0.0,0.0,0.0,2.0,0.0,
,0.0,0.0,0.0,0.0,0.0,0.0,0.0,0.0,0.0,0.0,2.0,0.0,
,0.0,0.0,0.0,0.0,0.0,0.0,0.0,0.0,0.0,0.0,2.0,0.0,
,0.0,0.0,0.0,0.0,0.0,0.0,0.0,0.0,0.0,0.0,2.0,0.0,
,0.0,0.0,1.0,1.0,3.0,4.0,2.0,0.0,1.0,3.0,0.0,0.0,15.0
,0.0,0.0,1.0,1.0,3.0,4.0,2.0,0.0,1.0,3.0,0.0,0.0,
,0.0,0.0,1.0,1.0,3.0,4.0,2.0,0.0,1.0,3.0,0.0,0.0,
,0.0,0.0,1.0,1.0,3.0,4.0,2.0,0.0,1.0,3.0,0.0,0.0,
,0.0,0.0,1.0,1.0,3.0,4.0,2.0,0.0,1.0,3.0,0.0,0.0,
,0.0,0.0,1.0,1.0,3.0,4.0,2.0,0.0,1.0,3.0,0.0,0.0,
,0.0,0.0,1.0,1.0,3.0,4.0,2.0,0.0,1.0,3.0,0.0,0.0,
,0.0,0.0,1.0,1.0,3.0,4.0,2.0,0.0,1.0,3.0,0.0,0.0,
,0.0,0.0,1.0,1.0,3.0,4.0,2.0,0.0,1.0,3.0,0.0,0.0,
,0.0,0.0,1.0,1.0,3.0,4.0,2.0,0.0,1.0,3.0,0.0,0.0,
,0.0,0.0,1.0,1.0,3.0,4.0,2.0,0.0,1.0,3.0,0.0,0.0,
,0.0,0.0,1.0,1.0,3.0,4.0,2.0,0.0,1.0,3.0,0.0,0.0,
,1.0,0.0,2.0,0.0,2.0,0.0,2.0,2.0,2.0,0.0,1.0,1.0,13.0
,1.0,0.0,2.0,0.0,2.0,0.0,2.0,2.0,2.0,0.0,1.0,1.0,
,1.0,0.0,2.0,0.0,2.0,0.0,2.0,2.0,2.0,0.0,1.0,1.0,
,1.0,0.0,2.0,0.0,2.0,0.0,2.0,2.0,2.0,0.0,1.0,1.0,
,1.0,0.0,2.0,0.0,2.0,0.0,2.0,2.0,2.0,0.0,1.0,1.0,
,1.0,0.0,2.0,0.0,2.0,0.0,2.0,2.0,2.0,0.0,1.0,1.0,
,1.0,0.0,2.0,0.0,2.0,0.0,2.0,2.0,2.0,0.0,1.0,1.0,
,1.0,0.0,2.0,0.0,2.0,0.0,2.0,2.0,2.0,0.0,1.0,1.0,
,1.0,0.0,2.0,0.0,2.0,0.0,2.0,2.0,2.0,0.0,1.0,1.0,
,1.0,0.0,2.0,0.0,2.0,0.0,2.0,2.0,2.0,0.0,1.0,1.0,
,1.0,0.0,2.0,0.0,2.0,0.0,2.0,2.0,2.0,0.0,1.0,1.0,
,1.0,0.0,2.0,0.0,2.0,0.0,2.0,2.0,2.0,0.0,1.0,1.0,
,2.0,1.0,4.0,2.0,3.0,0.0,2.0,0.0,0.0,1.0,0.0,0.0,15.0
,2.0,1.0,4.0,2.0,3.0,0.0,2.0,0.0,0.0,1.0,0.0,0.0,
,2.0,1.0,4.0,2.0,3.0,0.0,2.0,0.0,0.0,1.0,0.0,0.0,
,2.0,1.0,4.0,2.0,3.0,0.0,2.0,0.0,0.0,1.0,0.0,0.0,
,2.0,1.0,4.0,2.0,3.0,0.0,2.0,0.0,0.0,1.0,0.0,0.0,
,2.0,1.0,4.0,2.0,3.0,0.0,2.0,0.0,0.0,1.0,0.0,0.0,
,2.0,1.0,4.0,2.0,3.0,0.0,2.0,0.0,0.0,1.0,0.0,0.0,
,2.0,1.0,4.0,2.0,3.0,0.0,2.0,0.0,0.0,1.0,0.0,0.0,
,2.0,1.0,4.0,2.0,3.0,0.0,2.0,0.0,0.0,1.0,0.0,0.0,
,2.0,1.0,4.0,2.0,3.0,0.0,2.0,0.0,0.0,1.0,0.0,0.0,
,2.0,1.0,4.0,2.0,3.0,0.0,2.0,0.0,0.0,1.0,0.0,0.0,
,2.0,1.0,4.0,2.0,3.0,0.0,2.0,0.0,0.0,1.0,0.0,0.0,
,0.0,1.0,0.0,3.0,1.0,0.0,2.0,2.0,1.0,0.0,0.0,0.0,10.0
,0.0,1.0,0.0,3.0,1.0,0.0,2.0,2.0,1.0,0.0,0.0,0.0,
,0.0,1.0,0.0,3.0,1.0,0.0,2.0,2.0,1.0,0.0,0.0,0.0,
,0.0,1.0,0.0,3.0,1.0,0.0,2.0,2.0,1.0,0.0,0.0,0.0,
,0.0,1.0,0.0,3.0,1.0,0.0,2.0,2.0,1.0,0.0,0.0,0.0,
,0.0,1.0,0.0,3.0,1.0,0.0,2.0,2.0,1.0,0.0,0.0,0.0,
,0.0,1.0,0.0,3.0,1.0,0.0,2.0,2.0,1.0,0.0,0.0,0.0,
,0.0,1.0,0.0,3.0,1.0,0.0,2.0,2.0,1.0,0.0,0.0,0.0,
,0.0,1.0,0.0,3.0,1.0,0.0,2.0,2.0,1.0,0.0,0.0,0.0,
,0.0,1.0,0.0,3.0,1.0,0.0,2.0,2.0,1.0,0.0,0.0,0.0,
,0.0,1.0,0.0,3.0,1.0,0.0,2.0,2.0,1.0,0.0,0.0,0.0,
,0.0,1.0,0.0,3.0,1.0,0.0,2.0,2.0,1.0,0.0,0.0,0.0,
,1.0,0.0,1.0,2.0,0.0,0.0,3.0,0.0,1.0,0.0,1.0,0.0,9.0
,1.0,0.0,1.0,2.0,0.0,0.0,3.0,0.0,1.0,0.0,1.0,0.0,
,1.0,0.0,1.0,2.0,0.0,0.0,3.0,0.0,1.0,0.0,1.0,0.0,
,1.0,0.0,1.0,2.0,0.0,0.0,3.0,0.0,1.0,0.0,1.0,0.0,
,1.0,0.0,1.0,2.0,0.0,0.0,3.0,0.0,1.0,0.0,1.0,0.0,
,1.0,0.0,1.0,2.0,0.0,0.0,3.0,0.0,1.0,0.0,1.0,0.0,
,1.0,0.0,1.0,2.0,0.0,0.0,3.0,0.0,1.0,0.0,1.0,0.0,
,1.0,0.0,1.0,2.0,0.0,0.0,3.0,0.0,1.0,0.0,1.0,0.0,
,1.0,0.0,1.0,2.0,0.0,0.0,3.0,0.0,1.0,0.0,1.0,0.0,
,1.0,0.0,1.0,2.0,0.0,0.0,3.0,0.0,1.0,0.0,1.0,0.0,
,1.0,0.0,1.0,2.0,0.0,0.0,3.0,0.0,1.0,0.0,1.0,0.0,
,1.0,0.0,1.0,2.0,0.0,0.0,3.0,0.0,1.0,0.0,1.0,0.0,
,0.0,0.0,4.0,1.0,0.0,1.0,2.0,0.0,0.0,3.0,1.0,1.0,13.0
,0.0,0.0,4.0,1.0,0.0,1.0,2.0,0.0,0.0,3.0,1.0,1.0,
,0.0,0.0,4.0,1.0,0.0,1.0,2.0,0.0,0.0,3.0,1.0,1.0,
,0.0,0.0,4.0,1.0,0.0,1.0,2.0,0.0,0.0,3.0,1.0,1.0,
,0.0,0.0,4.0,1.0,0.0,1.0,2.0,0.0,0.0,3.0,1.0,1.0,
,0.0,0.0,4.0,1.0,0.0,1.0,2.0,0.0,0.0,3.0,1.0,1.0,
,0.0,0.0,4.0,1.0,0.0,1.0,2.0,0.0,0.0,3.0,1.0,1.0,
,0.0,0.0,4.0,1.0,0.0,1.0,2.0,0.0,0.0,3.0,1.0,1.0,
,0.0,0.0,4.0,1.0,0.0,1.0,2.0,0.0,0.0,3.0,1.0,1.0,
,0.0,0.0,4.0,1.0,0.0,1.0,2.0,0.0,0.0,3.0,1.0,1.0,
,0.0,0.0,4.0,1.0,0.0,1.0,2.0,0.0,0.0,3.0,1.0,1.0,
,0.0,0.0,4.0,1.0,0.0,1.0,2.0,0.0,0.0,3.0,1.0,1.0,
,0.0,1.0,0.0,0.0,0.0,0.0,1.0,0.0,3.0,1.0,0.0,0.0,6.0
,0.0,1.0,0.0,0.0,0.0,0.0,1.0,0.0,3.0,1.0,0.0,0.0,
,0.0,1.0,0.0,0.0,0.0,0.0,1.0,0.0,3.0,1.0,0.0,0.0,
,0.0,1.0,0.0,0.0,0.0,0.0,1.0,0.0,3.0,1.0,0.0,0.0,
,0.0,1.0,0.0,0.0,0.0,0.0,1.0,0.0,3.0,1.0,0.0,0.0,
,0.0,1.0,0.0,0.0,0.0,0.0,1.0,0.0,3.0,1.0,0.0,0.0,
,0.0,1.0,0.0,0.0,0.0,0.0,1.0,0.0,3.0,1.0,0.0,0.0,
,0.0,1.0,0.0,0.0,0.0,0.0,1.0,0.0,3.0,1.0,0.0,0.0,
,0.0,1.0,0.0,0.0,0.0,0.0,1.0,0.0,3.0,1.0,0.0,0.0,
,0.0,1.0,0.0,0.0,0.0,0.0,1.0,0.0,3.0,1.0,0.0,0.0,
,0.0,1.0,0.0,0.0,0.0,0.0,1.0,0.0,3.0,1.0,0.0,0.0,
,0.0,1.0,0.0,0.0,0.0,0.0,1.0,0.0,3.0,1.0,0.0,0.0,
,0.0,1.0,0.0,0.0,1.0,0.0,1.0,1.0,1.0,3.0,1.0,2.0,11.0
,0.0,1.0,0.0,0.0,1.0,0.0,1.0,1.0,1.0,3.0,1.0,2.0,
,0.0,1.0,0.0,0.0,1.0,0.0,1.0,1.0,1.0,3.0,1.0,2.0,
,0.0,1.0,0.0,0.0,1.0,0.0,1.0,1.0,1.0,3.0,1.0,2.0,
,0.0,1.0,0.0,0.0,1.0,0.0,1.0,1.0,1.0,3.0,1.0,2.0,
,0.0,1.0,0.0,0.0,1.0,0.0,1.0,1.0,1.0,3.0,1.0,2.0,
,0.0,1.0,0.0,0.0,1.0,0.0,1.0,1.0,1.0,3.0,1.0,2.0,
,0.0,1.0,0.0,0.0,1.0,0.0,1.0,1.0,1.0,3.0,1.0,2.0,
,0.0,1.0,0.0,0.0,1.0,0.0,1.0,1.0,1.0,3.0,1.0,2.0,
,0.0,1.0,0.0,0.0,1.0,0.0,1.0,1.0,1.0,3.0,1.0,2.0,
,0.0,1.0,0.0,0.0,1.0,0.0,1.0,1.0,1.0,3.0,1.0,2.0,
,0.0,1.0,0.0,0.0,1.0,0.0,1.0,1.0,1.0,3.0,1.0,2.0,
,1.0,0.0,2.0,3.0,2.0,0.0,4.0,2.0,1.0,1.0,3.0,1.0,20.0
,1.0,0.0,2.0,3.0,2.0,0.0,4.0,2.0,1.0,1.0,3.0,1.0,
,1.0,0.0,2.0,3.0,2.0,0.0,4.0,2.0,1.0,1.0,3.0,1.0,
,1.0,0.0,2.0,3.0,2.0,0.0,4.0,2.0,1.0,1.0,3.0,1.0,
,1.0,0.0,2.0,3.0,2.0,0.0,4.0,2.0,1.0,1.0,3.0,1.0,
,1.0,0.0,2.0,3.0,2.0,0.0,4.0,2.0,1.0,1.0,3.0,1.0,
,1.0,0.0,2.0,3.0,2.0,0.0,4.0,2.0,1.0,1.0,3.0,1.0,
,1.0,0.0,2.0,3.0,2.0,0.0,4.0,2.0,1.0,1.0,3.0,1.0,
,1.0,0.0,2.0,3.0,2.0,0.0,4.0,2.0,1.0,1.0,3.0,1.0,
,1.0,0.0,2.0,3.0,2.0,0.0,4.0,2.0,1.0,1.0,3.0,1.0,
,1.0,0.0,2.0,3.0,2.0,0.0,4.0,2.0,1.0,1.0,3.0,1.0,
,1.0,0.0,2.0,3.0,2.0,0.0,4.0,2.0,1.0,1.0,3.0,1.0,
,2.0,8.0,7.0,7.0,2.0,3.0,5.0,2.0,6.0,13.0,5.0,2.0,62.0
,2.0,8.0,7.0,7.0,2.0,3.0,5.0,2.0,6.0,13.0,5.0,2.0,
,2.0,8.0,7.0,7.0,2.0,3.0,5.0,2.0,6.0,13.0,5.0,2.0,
,2.0,8.0,7.0,7.0,2.0,3.0,5.0,2.0,6.0,13.0,5.0,2.0,
,2.0,8.0,7.0,7.0,2.0,3.0,5.0,2.0,6.0,13.0,5.0,2.0,
,2.0,8.0,7.0,7.0,2.0,3.0,5.0,2.0,6.0,13.0,5.0,2.0,
,2.0,8.0,7.0,7.0,2.0,3.0,5.0,2.0,6.0,13.0,5.0,2.0,
,2.0,8.0,7.0,7.0,2.0,3.0,5.0,2.0,6.0,13.0,5.0,2.0,
,2.0,8.0,7.0,7.0,2.0,3.0,5.0,2.0,6.0,13.0,5.0,2.0,
,2.0,8.0,7.0,7.0,2.0,3.0,5.0,2.0,6.0,13.0,5.0,2.0,
,2.0,8.0,7.0,7.0,2.0,3.0,5.0,2.0,6.0,13.0,5.0,2.0,
,2.0,8.0,7.0,7.0,2.0,3.0,5.0,2.0,6.0,13.0,5.0,2.0,
,4.0,3.0,2.0,1.0,0.0,1.0,5.0,3.0,5.0,4.0,3.0,1.0,32.0
,4.0,3.0,2.0,1.0,0.0,1.0,5.0,3.0,5.0,4.0,3.0,1.0,
,4.0,3.0,2.0,1.0,0.0,1.0,5.0,3.0,5.0,4.0,3.0,1.0,
,4.0,3.0,2.0,1.0,0.0,1.0,5.0,3.0,5.0,4.0,3.0,1.0,
,4.0,3.0,2.0,1.0,0.0,1.0,5.0,3.0,5.0,4.0,3.0,1.0,
,4.0,3.0,2.0,1.0,0.0,1.0,5.0,3.0,5.0,4.0,3.0,1.0,
,4.0,3.0,2.0,1.0,0.0,1.0,5.0,3.0,5.0,4.0,3.0,1.0,
,4.0,3.0,2.0,1.0,0.0,1.0,5.0,3.0,5.0,4.0,3.0,1.0,
,4.0,3.0,2.0,1.0,0.0,1.0,5.0,3.0,5.0,4.0,3.0,1.0,
,4.0,3.0,2.0,1.0,0.0,1.0,5.0,3.0,5.0,4.0,3.0,1.0,
,4.0,3.0,2.0,1.0,0.0,1.0,5.0,3.0,5.0,4.0,3.0,1.0,
,4.0,3.0,2.0,1.0,0.0,1.0,5.0,3.0,5.0,4.0,3.0,1.0,
,8.0,0.0,1.0,0.0,4.0,0.0,0.0,2.0,4.0,6.0,6.0,8.0,39.0
,8.0,0.0,1.0,0.0,4.0,0.0,0.0,2.0,4.0,6.0,6.0,8.0,
,8.0,0.0,1.0,0.0,4.0,0.0,0.0,2.0,4.0,6.0,6.0,8.0,
,8.0,0.0,1.0,0.0,4.0,0.0,0.0,2.0,4.0,6.0,6.0,8.0,
,8.0,0.0,1.0,0.0,4.0,0.0,0.0,2.0,4.0,6.0,6.0,8.0,
,8.0,0.0,1.0,0.0,4.0,0.0,0.0,2.0,4.0,6.0,6.0,8.0,
,8.0,0.0,1.0,0.0,4.0,0.0,0.0,2.0,4.0,6.0,6.0,8.0,
,8.0,0.0,1.0,0.0,4.0,0.0,0.0,2.0,4.0,6.0,6.0,8.0,
,8.0,0.0,1.0,0.0,4.0,0.0,0.0,2.0,4.0,6.0,6.0,8.0,
,8.0,0.0,1.0,0.0,4.0,0.0,0.0,2.0,4.0,6.0,6.0,8.0,
,8.0,0.0,1.0,0.0,4.0,0.0,0.0,2.0,4.0,6.0,6.0,8.0,
,8.0,0.0,1.0,0.0,4.0,0.0,0.0,2.0,4.0,6.0,6.0,8.0,
,7.0,11.0,4.0,2.0,2.0,6.0,3.0,7.0,8.0,5.0,12.0,12.0,79.0
,7.0,11.0,4.0,2.0,2.0,6.0,3.0,7.0,8.0,5.0,12.0,12.0,
,7.0,11.0,4.0,2.0,2.0,6.0,3.0,7.0,8.0,5.0,12.0,12.0,
,7.0,11.0,4.0,2.0,2.0,6.0,3.0,7.0,8.0,5.0,12.0,12.0,
,7.0,11.0,4.0,2.0,2.0,6.0,3.0,7.0,8.0,5.0,12.0,12.0,
,7.0,11.0,4.0,2.0,2.0,6.0,3.0,7.0,8.0,5.0,12.0,12.0,
,7.0,11.0,4.0,2.0,2.0,6.0,3.0,7.0,8.0,5.0,12.0,12.0,
,7.0,11.0,4.0,2.0,2.0,6.0,3.0,7.0,8.0,5.0,12.0,12.0,
,7.0,11.0,4.0,2.0,2.0,6.0,3.0,7.0,8.0,5.0,12.0,12.0,
,7.0,11.0,4.0,2.0,2.0,6.0,3.0,7.0,8.0,5.0,12.0,12.0,
,7.0,11.0,4.0,2.0,2.0,6.0,3.0,7.0,8.0,5.0,12.0,12.0,
,7.0,11.0,4.0,2.0,2.0,6.0,3.0,7.0,8.0,5.0,12.0,12.0,
,7.0,7.0,12.0,14.0,1.0,3.0,0.0,0.0,3.0,2.0,1.0,0.0,50.0
,7.0,7.0,12.0,14.0,1.0,3.0,0.0,0.0,3.0,2.0,1.0,0.0,
,7.0,7.0,12.0,14.0,1.0,3.0,0.0,0.0,3.0,2.0,1.0,0.0,
,7.0,7.0,12.0,14.0,1.0,3.0,0.0,0.0,3.0,2.0,1.0,0.0,
,7.0,7.0,12.0,14.0,1.0,3.0,0.0,0.0,3.0,2.0,1.0,0.0,
,7.0,7.0,12.0,14.0,1.0,3.0,0.0,0.0,3.0,2.0,1.0,0.0,
,7.0,7.0,12.0,14.0,1.0,3.0,0.0,0.0,3.0,2.0,1.0,0.0,
,7.0,7.0,12.0,14.0,1.0,3.0,0.0,0.0,3.0,2.0,1.0,0.0,
,7.0,7.0,12.0,14.0,1.0,3.0,0.0,0.0,3.0,2.0,1.0,0.0,
,7.0,7.0,12.0,14.0,1.0,3.0,0.0,0.0,3.0,2.0,1.0,0.0,
,7.0,7.0,12.0,14.0,1.0,3.0,0.0,0.0,3.0,2.0,1.0,0.0,
,7.0,7.0,12.0,14.0,1.0,3.0,0.0,0.0,3.0,2.0,1.0,0.0,
,1.0,0.0,1.0,4.0,1.0,3.0,5.0,2.0,3.0,1.0,5.0,1.0,27.0
,1.0,0.0,1.0,4.0,1.0,3.0,5.0,2.0,3.0,1.0,5.0,1.0,
,1.0,0.0,1.0,4.0,1.0,3.0,5.0,2.0,3.0,1.0,5.0,1.0,
,1.0,0.0,1.0,4.0,1.0,3.0,5.0,2.0,3.0,1.0,5.0,1.0,
,1.0,0.0,1.0,4.0,1.0,3.0,5.0,2.0,3.0,1.0,5.0,1.0,
,1.0,0.0,1.0,4.0,1.0,3.0,5.0,2.0,3.0,1.0,5.0,1.0,
,1.0,0.0,1.0,4.0,1.0,3.0,5.0,2.0,3.0,1.0,5.0,1.0,
,1.0,0.0,1.0,4.0,1.0,3.0,5.0,2.0,3.0,1.0,5.0,1.0,
,1.0,0.0,1.0,4.0,1.0,3.0,5.0,2.0,3.0,1.0,5.0,1.0,
,1.0,0.0,1.0,4.0,1.0,3.0,5.0,2.0,3.0,1.0,5.0,1.0,
,1.0,0.0,1.0,4.0,1.0,3.0,5.0,2.0,3.0,1.0,5.0,1.0,
,1.0,0.0,1.0,4.0,1.0,3.0,5.0,2.0,3.0,1.0,5.0,1.0,
,4.0,3.0,4.0,3.0,3.0,1.0,5.0,1.0,3.0,5.0,1.0,1.0,34.0
,4.0,3.0,4.0,3.0,3.0,1.0,5.0,1.0,3.0,5.0,1.0,1.0,
,4.0,3.0,4.0,3.0,3.0,1.0,5.0,1.0,3.0,5.0,1.0,1.0,
,4.0,3.0,4.0,3.0,3.0,1.0,5.0,1.0,3.0,5.0,1.0,1.0,
,4.0,3.0,4.0,3.0,3.0,1.0,5.0,1.0,3.0,5.0,1.0,1.0,
,4.0,3.0,4.0,3.0,3.0,1.0,5.0,1.0,3.0,5.0,1.0,1.0,
,4.0,3.0,4.0,3.0,3.0,1.0,5.0,1.0,3.0,5.0,1.0,1.0,
,4.0,3.0,4.0,3.0,3.0,1.0,5.0,1.0,3.0,5.0,1.0,1.0,
,4.0,3.0,4.0,3.0,3.0,1.0,5.0,1.0,3.0,5.0,1.0,1.0,
,4.0,3.0,4.0,3.0,3.0,1.0,5.0,1.0,3.0,5.0,1.0,1.0,
,4.0,3.0,4.0,3.0,3.0,1.0,5.0,1.0,3.0,5.0,1.0,1.0,
,4.0,3.0,4.0,3.0,3.0,1.0,5.0,1.0,3.0,5.0,1.0,1.0,
,2.0,6.0,4.0,4.0,2.0,1.0,1.0,4.0,5.0,3.0,2.0,2.0,36.0
,2.0,6.0,4.0,4.0,2.0,1.0,1.0,4.0,5.0,3.0,2.0,2.0,
,2.0,6.0,4.0,4.0,2.0,1.0,1.0,4.0,5.0,3.0,2.0,2.0,
,2.0,6.0,4.0,4.0,2.0,1.0,1.0,4.0,5.0,3.0,2.0,2.0,
,2.0,6.0,4.0,4.0,2.0,1.0,1.0,4.0,5.0,3.0,2.0,2.0,
,2.0,6.0,4.0,4.0,2.0,1.0,1.0,4.0,5.0,3.0,2.0,2.0,
,2.0,6.0,4.0,4.0,2.0,1.0,1.0,4.0,5.0,3.0,2.0,2.0,
,2.0,6.0,4.0,4.0,2.0,1.0,1.0,4.0,5.0,3.0,2.0,2.0,
,2.0,6.0,4.0,4.0,2.0,1.0,1.0,4.0,5.0,3.0,2.0,2.0,
,2.0,6.0,4.0,4.0,2.0,1.0,1.0,4.0,5.0,3.0,2.0,2.0,
,2.0,6.0,4.0,4.0,2.0,1.0,1.0,4.0,5.0,3.0,2.0,2.0,
,2.0,6.0,4.0,4.0,2.0,1.0,1.0,4.0,5.0,3.0,2.0,2.0,
,4.0,7.0,0.0,2.0,4.0,0.0,1.0,3.0,1.0,2.0,0.0,0.0,24.0
,4.0,7.0,0.0,2.0,4.0,0.0,1.0,3.0,1.0,2.0,0.0,0.0,
,4.0,7.0,0.0,2.0,4.0,0.0,1.0,3.0,1.0,2.0,0.0,0.0,
,4.0,7.0,0.0,2.0,4.0,0.0,1.0,3.0,1.0,2.0,0.0,0.0,
,4.0,7.0,0.0,2.0,4.0,0.0,1.0,3.0,1.0,2.0,0.0,0.0,
,4.0,7.0,0.0,2.0,4.0,0.0,1.0,3.0,1.0,2.0,0.0,0.0,
,4.0,7.0,0.0,2.0,4.0,0.0,1.0,3.0,1.0,2.0,0.0,0.0,
,4.0,7.0,0.0,2.0,4.0,0.0,1.0,3.0,1.0,2.0,0.0,0.0,
,4.0,7.0,0.0,2.0,4.0,0.0,1.0,3.0,1.0,2.0,0.0,0.0,
,4.0,7.0,0.0,2.0,4.0,0.0,1.0,3.0,1.0,2.0,0.0,0.0,
,4.0,7.0,0.0,2.0,4.0,0.0,1.0,3.0,1.0,2.0,0.0,0.0,
,4.0,7.0,0.0,2.0,4.0,0.0,1.0,3.0,1.0,2.0,0.0,0.0,
,1.0,2.0,6.0,6.0,0.0,0.0,1.0,3.0,1.0,2.0,2.0,2.0,26.0
,1.0,2.0,6.0,6.0,0.0,0.0,1.0,3.0,1.0,2.0,2.0,2.0,
,1.0,2.0,6.0,6.0,0.0,0.0,1.0,3.0,1.0,2.0,2.0,2.0,
,1.0,2.0,6.0,6.0,0.0,0.0,1.0,3.0,1.0,2.0,2.0,2.0,
,1.0,2.0,6.0,6.0,0.0,0.0,1.0,3.0,1.0,2.0,2.0,2.0,
,1.0,2.0,6.0,6.0,0.0,0.0,1.0,3.0,1.0,2.0,2.0,2.0,
,1.0,2.0,6.0,6.0,0.0,0.0,1.0,3.0,1.0,2.0,2.0,2.0,
,1.0,2.0,6.0,6.0,0.0,0.0,1.0,3.0,1.0,2.0,2.0,2.0,
,1.0,2.0,6.0,6.0,0.0,0.0,1.0,3.0,1.0,2.0,2.0,2.0,
,1.0,2.0,6.0,6.0,0.0,0.0,1.0,3.0,1.0,2.0,2.0,2.0,
,1.0,2.0,6.0,6.0,0.0,0.0,1.0,3.0,1.0,2.0,2.0,2.0,
,1.0,2.0,6.0,6.0,0.0,0.0,1.0,3.0,1.0,2.0,2.0,2.0,
,5.0,7.0,8.0,10.0,30.0,9.0,13.0,11.0,8.0,5.0,1.0,14.0,121.0
,5.0,7.0,8.0,10.0,30.0,9.0,13.0,11.0,8.0,5.0,1.0,14.0,
,5.0,7.0,8.0,10.0,30.0,9.0,13.0,11.0,8.0,5.0,1.0,14.0,
,5.0,7.0,8.0,10.0,30.0,9.0,13.0,11.0,8.0,5.0,1.0,14.0,
,5.0,7.0,8.0,10.0,30.0,9.0,13.0,11.0,8.0,5.0,1.0,14.0,
,5.0,7.0,8.0,10.0,30.0,9.0,13.0,11.0,8.0,5.0,1.0,14.0,
,5.0,7.0,8.0,10.0,30.0,9.0,13.0,11.0,8.0,5.0,1.0,14.0,
,5.0,7.0,8.0,10.0,30.0,9.0,13.0,11.0,8.0,5.0,1.0,14.0,
,5.0,7.0,8.0,10.0,30.0,9.0,13.0,11.0,8.0,5.0,1.0,14.0,
,5.0,7.0,8.0,10.0,30.0,9.0,13.0,11.0,8.0,5.0,1.0,14.0,
,5.0,7.0,8.0,10.0,30.0,9.0,13.0,11.0,8.0,5.0,1.0,14.0,
,5.0,7.0,8.0,10.0,30.0,9.0,13.0,11.0,8.0,5.0,1.0,14.0,
,17.0,3.0,11.0,8.0,8.0,11.0,20.0,31.0,2.0,2.0,0.0,0.0,113.0
,17.0,3.0,11.0,8.0,8.0,11.0,20.0,31.0,2.0,2.0,0.0,0.0,
,17.0,3.0,11.0,8.0,8.0,11.0,20.0,31.0,2.0,2.0,0.0,0.0,
,17.0,3.0,11.0,8.0,8.0,11.0,20.0,31.0,2.0,2.0,0.0,0.0,
,17.0,3.0,11.0,8.0,8.0,11.0,20.0,31.0,2.0,2.0,0.0,0.0,
,17.0,3.0,11.0,8.0,8.0,11.0,20.0,31.0,2.0,2.0,0.0,0.0,
,17.0,3.0,11.0,8.0,8.0,11.0,20.0,31.0,2.0,2.0,0.0,0.0,
,17.0,3.0,11.0,8.0,8.0,11.0,20.0,31.0,2.0,2.0,0.0,0.0,
,17.0,3.0,11.0,8.0,8.0,11.0,20.0,31.0,2.0,2.0,0.0,0.0,
,17.0,3.0,11.0,8.0,8.0,11.0,20.0,31.0,2.0,2.0,0.0,0.0,
,17.0,3.0,11.0,8.0,8.0,11.0,20.0,31.0,2.0,2.0,0.0,0.0,
,17.0,3.0,11.0,8.0,8.0,11.0,20.0,31.0,2.0,2.0,0.0,0.0,
